13.5
13.5
13.6
13.6
13.7
13.8
13.8
13.9
14.0
14.0
14.1
14.1
14.1
14.2
14.2
14.2
14.2
14.2
14.2
14.3
14.3
14.3
14.3
14.3
14.4
14.4
14.4
14.4
14.4
14.4
14.4
14.4
14.4
14.4
14.4
14.4
14.4
14.4
14.4
14.4
14.4
14.4
14.4
14.4
14.4
14.4
14.4
14.4
14.5
14.4
14.5
14.5
14.5
14.5
14.5
14.5
14.5
14.5
14.5
14.5
14.6
14.6
14.6
14.6
14.5
14.5
14.6
14.6
14.6
14.5
14.6
14.6
14.6
14.6
14.6
14.6
14.6
14.6
14.6
14.6
14.6
14.6
14.6
14.6
14.6
14.6
14.6
14.6
14.6
14.5
14.6
14.6
14.6
14.6
14.6
14.6
14.6
14.6
14.6
14.6
14.6
14.6
14.6
14.6
14.6
14.6
14.6
14.6
14.6
14.6
14.7
14.6
14.7
14.7
14.7
14.7
14.7
14.7
14.7
14.7
14.6
14.6
14.6
14.6
14.6
14.6
14.6
14.6
