81.9
81.9
82.0
82.1
82.1
82.1
82.2
82.3
82.3
82.3
82.3
82.4
82.4
82.4
82.4
82.5
82.4
82.5
82.4
82.4
82.5
82.4
82.4
82.5
82.5
82.5
82.5
82.5
82.4
82.5
82.5
82.5
82.5
82.5
82.5
82.5
82.5
82.6
93.4
82.5
82.5
82.5
82.5
82.5
82.6
82.6
82.5
82.6
82.7
82.7
82.7
82.7
82.8
82.8
82.8
82.8
82.8
82.8
82.7
82.8
82.7
82.7
82.8
82.7
82.8
82.7
82.7
82.8
82.7
82.8
82.7
82.7
83.0
82.8
82.9
82.9
82.9
82.9
82.8
82.8
82.8
82.7
82.7
82.8
82.8
82.8
82.8
82.9
82.9
82.9
82.9
82.9
82.9
82.9
82.9
82.9
82.9
82.9
83.4
83.3
83.3
83.2
83.1
83.0
83.1
83.0
83.0
82.9
83.0
83.0
82.9
83.0
82.9
82.9
82.9
82.9
83.0
82.9
82.9
82.9
82.9
82.9
82.9
82.9
82.9
82.9
82.8
82.8
82.8
82.8
82.8
82.8
82.8
82.8
82.8
82.9
82.9
82.9
82.9
82.8
82.8
82.9
82.8
82.9
82.9
82.9
82.9
82.9
83.0
82.9
82.9
82.9
83.0
83.0
82.9
83.0
83.0
83.0
83.1
83.0
83.1
83.1
83.1
83.1
83.1
83.1
83.1
83.1
83.1
83.0
83.0
83.0
83.0
83.0
83.0
83.0
83.0
83.0
83.0
83.0
83.1
83.3
83.3
83.2
83.2
83.2
83.2
83.2
83.2
83.1
83.0
83.0
83.0
83.0
83.0
83.0
83.0
83.0
83.0
83.0
83.0
83.0
82.9
82.9
83.0
82.9
82.9
82.9
82.9
82.9
82.9
82.9
82.9
82.9
82.9
82.9
82.9
82.9
82.9
82.9
83.0
83.0
83.0
83.0
83.0
83.0
83.0
83.1
83.0
83.0
83.1
83.0
83.1
83.1
83.1
83.0
83.0
83.0
83.0
83.4
83.7
83.6
83.5
83.5
83.5
83.4
83.4
83.3
83.2
83.2
83.2
83.2
83.2
83.1
83.1
83.2
83.1
83.1
83.1
83.1
83.1
83.1
83.2
83.1
83.2
83.2
83.1
83.1
83.2
83.2
83.2
83.1
83.1
83.1
83.1
83.1
83.1
83.1
83.1
83.0
83.0
83.0
83.0
83.0
83.0
83.1
83.0
83.0
83.0
82.9
83.0
83.0
82.9
82.9
82.9
82.9
82.8
82.9
82.8
82.8
82.8
82.8
82.9
82.9
82.9
83.0
83.0
83.0
83.0
83.0
82.9
83.0
83.0
82.9
82.9
82.9
83.0
83.0
83.0
83.0
82.9
83.0
82.9
83.0
82.9
82.9
82.8
83.1
83.1
83.0
83.0
83.0
83.0
83.1
83.0
83.0
83.0
83.1
83.0
83.0
83.0
83.5
83.4
83.3
83.3
83.3
83.3
83.3
83.7
83.6
83.5
83.5
83.4
83.2
83.2
83.2
83.1
83.2
83.1
83.1
83.1
83.1
83.1
83.1
83.1
83.0
83.1
83.0
83.0
83.1
83.0
83.0
83.0
83.0
82.9
83.0
83.0
83.0
83.0
83.0
83.0
83.0
83.0
83.0
83.0
83.0
83.0
83.0
83.0
83.0
82.9
82.9
82.9
82.9
83.0
83.0
89.4
88.9
82.5
82.6
82.6
82.6
82.7
82.7
82.8
82.8
82.8
82.9
82.9
82.9
82.9
82.9
82.8
82.9
82.9
82.9
83.0
82.9
82.9
82.9
82.9
83.0
83.0
83.0
83.0
83.1
83.1
83.1
83.1
83.1
83.2
83.1
83.1
83.1
83.1
83.2
83.2
83.1
83.0
83.0
83.0
83.0
83.0
83.0
83.0
83.0
83.0
83.0
83.0
83.0
83.0
83.0
83.0
83.1
83.0
83.0
83.0
83.0
83.1
83.0
83.1
83.0
83.0
83.0
83.0
83.0
82.9
82.9
82.9
82.9
82.9
82.9
82.9
82.9
82.9
82.9
82.8
82.8
82.8
82.8
82.9
82.9
83.0
82.9
83.0
82.9
82.9
83.0
83.0
83.0
82.9
83.0
83.0
83.0
83.0
83.0
83.0
83.0
83.0
83.2
83.1
83.1
83.0
83.1
83.0
83.0
83.0
83.1
83.1
83.0
83.0
82.9
83.0
82.9
83.0
83.0
83.0
88.8
83.0
83.0
83.0
82.9
83.0
83.0
83.0
83.0
83.1
83.0
83.0
83.1
83.1
83.1
83.1
83.1
83.2
83.1
83.1
83.1
83.0
83.0
83.0
83.1
83.0
83.0
83.0
83.0
83.0
83.0
83.0
83.0
83.0
82.9
82.9
83.0
82.9
83.0
83.0
83.0
83.1
83.1
83.1
83.1
83.1
83.1
83.0
83.1
83.0
83.1
83.0
83.0
83.0
83.0
83.0
83.0
83.0
83.0
83.1
83.0
82.9
83.0
83.0
83.0
82.9
83.0
83.0
83.0
83.0
83.0
83.1
83.1
83.1
83.1
83.1
83.1
83.6
83.5
83.4
83.4
83.4
83.3
83.3
83.3
83.2
83.2
83.2
83.1
83.1
83.1
83.0
83.0
83.1
83.0
83.0
83.0
83.1
83.0
83.0
83.0
82.9
82.8
82.8
82.9
82.9
83.2
83.4
83.3
83.3
83.3
83.2
83.3
83.3
83.3
83.3
83.2
83.2
83.2
83.2
83.2
83.2
83.2
83.2
83.3
83.3
83.2
83.2
83.2
83.3
83.2
83.3
83.2
83.2
