86.9
87.0
87.1
87.2
87.3
87.5
87.5
93.6
87.7
87.7
87.7
87.7
87.8
87.8
87.8
87.9
87.9
88.0
87.9
88.0
88.0
88.0
88.0
88.1
88.1
88.1
88.1
88.1
88.1
88.2
88.2
88.2
88.2
88.2
88.3
88.3
88.3
88.3
88.3
88.3
88.3
88.3
88.2
88.3
88.2
88.2
88.3
88.3
88.3
88.2
88.3
88.3
88.3
88.3
88.3
88.4
88.4
88.4
88.4
88.4
88.4
88.4
88.5
88.5
88.5
88.5
88.5
88.5
88.6
88.6
88.5
88.6
88.6
88.6
88.6
88.6
88.7
88.7
88.7
89.2
89.1
89.1
89.0
89.0
88.9
88.9
88.9
88.8
88.9
88.8
88.8
88.8
88.8
88.8
88.8
88.8
88.8
88.8
88.7
88.7
88.7
88.7
88.7
88.6
88.7
88.6
88.6
88.6
88.6
88.7
88.6
88.6
88.6
88.6
88.6
88.6
88.6
88.6
88.6
88.6
88.6
88.6
88.6
88.6
88.6
88.6
88.6
88.5
88.6
88.5
88.5
88.4
88.5
88.5
88.6
88.6
88.5
88.6
88.6
88.6
88.6
88.6
88.6
88.6
88.6
88.6
88.6
88.6
88.6
88.6
88.6
88.6
88.6
88.6
88.7
95.9
96.1
88.6
88.6
88.6
88.6
88.7
88.6
88.7
88.6
88.7
88.7
88.7
88.8
88.7
88.8
88.8
88.8
88.8
88.7
88.7
88.8
88.9
88.9
88.8
88.9
88.8
88.8
88.8
88.8
88.8
88.8
88.8
88.7
88.8
88.7
88.7
88.7
88.7
88.8
88.8
88.8
88.8
88.8
88.7
88.7
88.7
88.6
88.7
88.7
88.6
88.6
88.6
88.7
88.7
88.7
88.7
88.7
88.7
88.7
88.8
88.7
88.7
88.8
88.8
88.8
88.7
88.8
88.7
88.8
88.7
88.8
88.8
88.8
88.8
88.8
88.8
88.8
88.8
88.9
88.8
88.8
88.8
88.8
88.8
88.9
88.9
88.9
88.8
88.9
88.9
88.8
88.8
88.8
88.8
88.8
88.8
88.8
88.8
88.8
88.8
88.8
88.8
88.7
88.8
88.8
88.7
88.8
88.8
88.9
88.9
88.8
88.8
88.8
88.8
88.9
88.9
88.9
88.9
88.9
88.9
88.9
88.9
88.9
88.9
88.9
88.9
88.9
88.9
88.8
88.8
88.8
88.9
95.4
88.4
88.5
88.5
88.6
88.6
88.6
88.7
88.6
88.7
88.7
88.7
88.7
88.8
88.8
88.7
88.8
88.8
88.8
88.8
88.8
88.8
88.8
88.8
88.8
88.8
88.8
88.8
88.8
88.9
88.8
88.9
88.9
88.9
88.9
88.9
88.9
88.9
88.9
88.9
88.9
88.9
88.9
88.9
89.0
88.9
88.9
88.9
88.9
89.0
88.9
88.9
88.9
88.9
88.9
88.9
88.9
88.9
88.9
88.8
88.9
88.9
88.9
88.9
88.9
88.9
88.9
88.9
88.8
88.9
88.9
88.9
88.9
88.8
88.8
88.8
88.8
88.8
88.8
88.8
89.4
89.3
89.2
89.2
89.1
89.0
89.0
88.9
88.9
88.9
88.9
88.8
88.8
88.8
88.8
88.8
88.8
88.7
88.8
88.7
88.8
88.7
88.7
88.8
88.7
88.7
88.7
88.7
88.7
88.7
88.7
88.7
88.7
88.7
88.7
88.7
88.7
88.7
88.7
88.8
88.7
88.7
88.7
88.7
88.7
88.7
88.8
88.8
88.7
88.7
88.7
88.7
88.8
88.7
88.7
88.7
88.7
88.8
88.8
88.8
88.8
88.7
88.8
88.7
88.8
88.7
88.7
88.8
88.8
88.8
88.8
88.9
88.8
88.8
88.8
88.8
88.9
88.9
88.8
88.8
88.8
88.8
88.8
88.8
88.8
88.8
88.8
94.2
