50.1
84.9
85.0
85.2
85.4
85.6
85.7
85.8
85.9
86.0
86.0
86.1
86.2
86.2
86.3
86.4
86.4
86.5
86.5
86.5
86.5
86.6
86.6
86.7
86.6
86.7
86.6
86.7
86.7
86.7
86.7
86.7
86.8
86.7
86.7
86.7
86.8
86.8
86.8
86.8
86.8
86.8
86.7
86.7
86.7
86.8
86.7
86.7
86.7
86.7
86.8
86.7
86.8
86.7
86.8
86.7
86.7
86.7
86.8
86.8
86.8
86.8
86.8
86.8
86.8
86.8
86.8
86.8
86.9
86.8
86.9
86.9
86.9
86.8
86.8
86.8
86.8
86.8
86.8
86.9
86.9
86.8
86.8
86.9
86.9
86.9
86.9
86.9
86.8
86.8
86.9
86.9
86.8
86.8
86.9
86.8
86.8
86.9
86.8
86.9
86.9
86.9
86.9
86.9
86.9
86.9
86.8
86.9
86.8
86.8
86.9
86.8
86.9
86.9
86.9
86.9
86.9
86.9
86.9
86.9
86.9
87.0
87.0
86.9
87.0
87.0
87.0
87.0
87.0
87.0
87.0
86.9
86.9
86.9
86.9
86.9
86.9
86.9
86.9
86.9
86.9
86.9
86.9
86.9
86.9
86.9
86.9
86.9
86.9
86.9
86.9
86.9
86.9
86.9
87.2
87.3
87.2
87.2
87.2
87.2
87.2
87.2
87.2
87.2
87.2
87.1
87.1
87.1
87.1
87.1
87.1
87.1
87.1
87.0
87.0
86.9
86.9
86.9
86.9
86.8
86.8
86.8
86.8
86.8
86.8
86.8
86.8
86.8
86.8
86.8
86.8
86.9
86.8
86.8
86.8
86.8
86.8
86.8
86.8
86.8
86.8
86.8
86.8
86.8
86.8
86.8
86.8
86.9
86.8
86.8
86.9
86.9
86.9
86.8
86.9
86.9
86.9
86.9
86.9
86.9
86.9
86.9
86.9
86.9
87.0
87.0
87.0
87.0
87.0
87.0
87.0
87.0
87.0
87.0
87.0
87.0
87.0
87.0
87.0
87.0
87.0
87.0
87.0
87.0
87.0
87.1
87.1
87.1
87.1
87.2
87.1
87.2
87.1
87.1
87.1
87.1
87.2
87.1
87.1
87.1
87.1
87.1
87.1
87.0
87.1
87.0
87.0
87.0
87.0
87.0
87.0
87.0
87.0
87.1
87.1
87.1
87.1
87.1
87.1
87.1
87.1
87.2
87.1
87.1
87.1
87.1
87.1
87.2
87.2
87.2
87.3
87.3
87.3
87.4
87.4
87.4
87.3
87.3
87.3
87.3
87.2
87.2
87.2
87.3
87.3
87.3
87.3
87.2
87.2
87.3
87.2
87.2
87.2
87.2
87.2
87.3
87.3
87.3
87.2
87.3
87.3
87.3
87.3
87.2
87.2
87.2
87.3
87.2
87.3
87.3
87.2
87.2
87.3
87.3
87.3
87.3
87.3
87.3
87.3
87.3
87.3
87.3
87.3
87.3
87.3
87.3
87.3
87.2
87.2
87.3
87.3
87.3
87.3
87.2
87.2
87.3
87.2
87.2
87.2
87.2
87.2
87.2
97.1
90.0
89.6
89.3
89.1
88.8
88.7
88.5
88.4
88.2
88.1
88.0
88.0
87.9
87.8
87.8
87.7
87.7
87.6
87.6
87.5
87.5
87.5
87.5
87.5
87.4
87.4
87.5
87.4
87.4
87.4
87.4
87.4
87.3
87.3
87.3
87.3
87.3
87.3
87.3
87.3
87.3
87.2
87.3
87.3
87.3
87.2
87.2
87.2
87.2
87.2
87.2
87.3
87.2
87.2
87.2
87.2
87.2
87.2
87.2
87.2
87.2
87.3
87.3
87.2
87.3
87.3
87.3
87.3
87.3
87.3
87.3
87.4
87.3
87.3
87.3
87.3
87.3
87.4
87.4
87.3
87.3
87.4
87.3
87.3
87.3
87.2
87.2
87.1
87.1
87.1
87.1
87.1
87.0
87.0
87.0
87.0
87.0
87.0
87.0
86.9
86.9
87.0
87.0
87.0
87.0
87.0
87.0
87.0
87.0
87.0
87.0
87.0
87.0
87.0
87.0
87.0
87.0
87.0
87.1
87.0
87.0
87.0
87.0
87.1
87.1
87.1
87.0
87.0
87.1
87.1
87.0
87.0
87.1
87.1
87.0
87.0
87.0
87.0
87.1
87.1
87.1
87.1
87.0
87.1
87.1
87.1
87.0
87.0
87.0
87.0
87.0
87.0
87.0
87.0
87.0
87.0
87.0
87.0
87.0
87.0
86.9
87.0
87.0
86.9
86.9
86.9
86.9
87.0
87.0
86.9
86.9
86.9
86.9
86.9
86.9
86.9
86.9
86.9
86.9
86.9
86.9
86.9
86.9
86.9
86.9
86.8
86.9
86.9
86.8
86.8
86.8
86.8
86.8
86.8
86.8
86.8
86.8
86.8
86.8
86.8
86.8
86.8
86.8
86.8
86.9
86.8
86.8
86.9
86.9
86.8
86.8
86.9
86.9
86.9
86.9
86.9
86.9
86.9
86.9
86.9
86.9
86.9
86.9
86.9
86.9
86.9
86.9
86.9
86.9
86.9
86.9
86.9
86.8
86.8
86.9
86.9
86.9
86.9
86.9
86.9
86.8
86.9
86.9
86.9
86.9
86.9
86.9
86.9
86.9
87.5
87.4
87.4
87.3
87.3
87.2
87.2
87.2
87.1
87.1
87.1
87.0
87.0
87.0
87.0
87.0
86.9
86.9
86.9
86.9
86.9
86.9
86.9
87.0
86.9
87.0
86.9
86.9
86.9
86.9
86.9
86.9
87.0
87.0
86.9
86.9
86.9
87.0
86.9
86.9
86.9
87.0
86.9
86.9
86.9
86.9
86.9
86.9
86.9
86.9
86.9
86.9
86.9
86.9
86.9
86.9
86.9
86.9
86.9
86.9
86.9
86.8
86.9
86.9
86.9
86.9
86.9
86.9
86.8
86.9
86.8
86.8
86.9
86.9
86.9
86.8
86.9
86.9
86.9
86.9
86.8
86.8
86.9
86.8
86.8
86.9
86.9
86.9
86.9
86.9
86.9
86.8
86.9
86.9
86.9
86.8
86.9
86.9
86.9
86.9
86.9
86.9
86.9
86.9
86.9
86.9
86.9
86.9
86.9
86.8
86.8
86.8
86.8
86.8
86.8
86.8
86.8
86.8
86.8
86.8
86.8
86.8
86.8
86.8
86.7
86.7
86.7
86.7
86.7
87.1
87.1
87.0
87.0
87.0
86.9
86.9
86.9
86.9
86.8
86.8
86.8
86.8
86.8
86.8
86.8
86.8
86.8
86.8
86.7
86.7
86.8
86.8
86.8
86.8
86.8
86.9
86.8
86.8
86.8
86.7
86.7
86.7
86.7
86.7
86.8
86.7
86.8
86.7
86.7
86.8
86.8
86.7
86.8
86.8
86.7
86.8
86.8
86.7
86.7
86.7
86.7
86.7
86.7
86.7
86.8
86.9
86.9
86.8
86.8
86.8
86.8
86.8
86.7
86.7
86.7
86.8
86.8
86.8
86.8
86.8
86.8
86.7
86.8
86.8
86.8
86.8
86.7
86.7
86.7
86.7
86.7
86.7
86.7
86.8
86.8
86.7
86.7
86.7
86.7
86.7
86.7
86.7
86.7
86.7
86.6
86.7
86.6
86.6
86.6
86.6
86.6
86.6
86.6
86.6
86.6
86.6
86.6
86.6
86.6
86.6
86.6
86.6
86.6
86.6
86.6
86.6
86.6
86.6
96.5
86.5
86.5
86.5
86.5
86.5
86.6
86.5
86.6
86.6
86.6
86.6
86.6
86.6
86.6
86.6
86.6
86.6
86.6
86.6
86.6
86.6
86.6
86.7
86.7
86.6
86.6
86.6
86.6
86.7
86.7
86.7
86.6
86.7
86.6
86.7
86.7
86.7
86.7
86.7
86.7
86.7
86.7
86.7
86.7
86.7
86.7
86.7
86.7
86.7
86.7
86.7
86.7
86.7
86.8
86.7
86.8
86.7
86.8
86.7
86.7
86.7
86.7
86.7
86.7
86.7
86.7
86.7
86.7
86.8
86.8
86.8
86.8
86.7
86.7
86.7
86.7
86.7
86.7
86.7
86.7
86.7
86.8
86.8
86.8
86.8
86.8
86.8
86.8
86.8
86.7
86.7
86.8
86.8
86.7
86.8
86.8
86.7
86.8
86.8
86.8
86.8
86.8
86.8
86.8
86.9
86.9
86.8
86.8
86.8
86.8
86.8
86.8
86.8
86.8
86.8
86.8
86.8
86.8
86.8
86.8
86.8
86.8
86.8
86.7
86.7
86.7
86.7
86.8
86.8
86.8
86.8
86.8
86.8
86.8
86.8
86.8
86.8
86.8
86.8
86.9
86.9
86.9
86.9
86.9
86.8
86.9
86.8
86.8
86.8
86.8
86.9
86.9
86.9
86.9
86.9
86.9
86.8
86.8
86.9
86.8
86.8
86.9
86.8
86.9
86.9
86.9
86.8
86.9
86.9
86.8
86.8
86.8
86.8
86.8
86.8
86.9
86.9
86.9
86.9
86.9
86.8
86.8
86.9
86.9
86.9
86.9
86.9
86.8
86.9
86.9
86.9
86.9
86.9
86.9
86.9
86.9
86.9
86.9
86.9
86.9
86.9
86.9
86.9
86.9
86.9
86.9
86.8
86.9
86.9
86.9
86.9
86.8
86.8
86.9
86.8
86.8
86.9
86.8
86.9
86.8
86.8
86.9
86.8
86.9
86.9
86.9
86.9
86.8
86.8
86.8
86.8
86.8
86.8
86.8
86.7
86.8
86.8
86.8
86.8
86.8
86.8
86.8
86.8
86.8
86.8
86.8
86.8
86.8
86.8
86.8
86.8
86.8
86.8
86.8
86.8
86.8
86.9
86.9
86.9
86.9
86.9
86.9
86.8
86.8
86.9
86.8
86.8
86.9
86.8
86.8
86.9
86.9
86.9
86.9
86.9
86.9
86.9
86.9
86.9
86.9
86.9
86.8
86.8
86.9
86.8
86.9
86.8
86.9
86.9
86.8
86.8
86.9
86.8
86.8
86.9
86.8
86.8
86.9
86.8
86.8
86.9
86.8
86.9
86.8
86.8
86.9
86.9
86.9
86.8
86.9
86.9
86.9
86.9
86.9
86.9
86.9
86.9
86.9
86.9
86.8
86.9
86.8
86.9
86.9
86.9
86.8
86.8
86.8
86.8
86.8
86.8
86.8
86.8
86.8
86.7
98.3
88.2
88.0
87.8
87.7
87.6
87.5
87.4
87.3
87.2
87.2
87.1
87.0
87.0
87.0
86.9
86.9
86.9
86.9
86.9
86.8
86.8
86.8
86.8
86.8
86.8
86.8
86.8
86.8
86.8
86.8
86.8
86.8
86.8
86.8
86.7
86.8
86.8
86.8
