73.8
73.7
73.6
73.6
73.5
73.3
73.2
73.1
73.0
72.9
72.9
72.8
72.7
72.7
72.6
72.6
72.7
72.6
72.6
72.6
72.6
72.6
72.6
72.7
72.6
72.6
72.6
72.5
72.5
72.5
72.6
72.6
72.6
72.6
72.5
72.5
72.5
72.6
72.6
72.5
72.6
72.6
72.7
72.7
72.7
72.7
72.7
72.6
72.7
72.7
72.7
72.7
72.6
72.7
72.7
72.7
72.7
72.7
72.8
72.8
72.8
72.8
72.8
72.9
72.8
72.8
72.8
72.8
72.8
72.7
72.8
72.8
72.9
72.8
72.8
72.8
72.8
72.9
72.9
72.9
72.9
72.9
72.9
72.8
72.8
72.9
72.8
72.8
72.8
72.8
72.9
72.8
72.8
72.8
72.8
72.9
72.9
72.9
72.9
72.9
72.9
72.9
72.9
72.9
72.9
72.9
72.8
72.8
72.9
72.9
72.9
72.9
72.8
72.8
72.8
72.8
72.9
72.9
72.9
72.9
72.9
72.9
72.8
72.8
72.8
72.9
72.9
72.8
72.8
72.9
72.9
72.8
72.8
72.9
72.9
72.9
72.9
72.9
73.0
73.0
72.9
73.0
73.0
73.0
72.9
72.9
72.9
72.9
72.8
72.8
72.8
72.8
72.8
72.8
72.7
72.8
72.7
72.7
72.8
72.7
72.8
72.8
72.8
72.8
72.9
72.8
72.8
72.8
72.8
72.9
72.9
72.9
72.9
72.8
72.9
72.9
72.8
72.8
72.8
72.8
72.8
72.8
72.8
72.8
72.8
72.8
72.8
72.8
72.8
72.8
72.9
72.8
72.9
72.9
72.9
72.9
72.9
72.8
72.8
72.9
72.9
72.8
72.9
72.9
72.9
72.9
72.9
73.0
72.9
72.9
72.9
72.9
72.8
72.8
72.8
72.8
72.8
72.8
72.8
72.8
72.8
72.8
72.9
72.9
72.8
72.8
72.8
72.8
72.8
72.9
72.8
72.8
72.8
72.8
72.8
72.8
72.8
72.8
72.8
72.8
72.8
72.8
72.8
72.8
72.8
72.7
72.8
72.7
72.8
72.7
72.8
72.8
72.8
72.8
72.8
72.8
72.8
72.8
72.8
72.8
72.9
72.8
72.8
72.8
72.8
72.9
72.9
72.9
72.9
72.9
72.9
72.9
72.8
72.9
72.9
72.9
72.9
72.9
72.8
72.9
72.9
72.9
72.9
72.9
72.9
72.9
72.9
72.8
72.8
72.8
72.9
78.2
78.1
78.1
77.9
77.8
77.7
77.4
77.1
76.7
76.8
76.2
75.7
75.3
75.1
74.7
74.4
74.2
73.9
73.7
73.5
73.3
73.1
72.9
72.9
72.8
72.7
72.6
72.5
72.5
72.4
72.3
72.3
72.3
72.3
72.2
72.2
72.2
72.1
72.2
72.2
72.1
72.2
72.2
72.2
72.2
72.1
72.0
72.1
72.0
72.0
72.1
72.0
72.1
72.1
72.1
72.1
72.1
72.1
72.1
72.1
72.1
72.1
72.1
72.1
72.1
72.1
72.1
72.1
72.1
72.1
72.1
72.1
72.1
72.1
72.1
72.1
72.2
72.1
72.2
72.2
72.2
72.2
72.2
72.2
72.2
72.2
72.2
72.1
72.1
72.1
72.1
72.1
72.1
72.0
72.1
72.1
72.1
72.1
72.1
72.1
72.1
72.2
72.1
72.1
72.2
72.2
72.2
72.2
