55.9
85.9
85.9
85.9
85.8
85.8
85.9
85.9
85.9
85.9
86.0
86.0
86.0
86.0
86.0
86.0
86.0
86.0
86.1
86.1
86.1
86.1
86.1
86.5
86.4
86.4
86.3
86.3
86.3
86.3
86.3
86.3
86.3
86.2
86.3
86.3
86.3
86.3
86.3
86.3
86.3
86.2
86.3
86.3
86.3
86.3
86.3
86.3
86.2
86.3
86.3
86.2
86.2
86.3
86.2
86.2
86.3
86.3
86.3
86.3
86.3
86.4
86.7
86.6
86.6
86.6
86.5
86.5
86.6
86.5
86.5
86.6
86.5
86.5
86.5
86.5
86.5
86.5
86.5
86.5
86.5
86.5
86.5
86.5
86.4
86.4
86.4
86.4
86.4
86.4
86.4
86.4
86.4
86.4
86.5
86.5
86.6
86.6
86.6
86.6
86.6
86.6
86.6
86.6
86.5
86.5
86.5
86.6
86.6
86.5
86.5
86.5
86.6
86.6
86.5
86.5
86.6
86.6
86.6
86.6
86.6
86.6
86.6
86.6
86.7
86.6
86.7
86.7
86.7
86.7
86.7
86.7
86.7
86.6
86.6
86.8
86.7
86.7
86.8
86.8
86.8
86.8
96.9
87.7
87.6
87.5
87.4
87.4
87.3
87.3
87.2
87.2
87.2
87.1
87.1
87.1
87.1
87.1
87.1
87.1
87.0
87.0
87.0
87.0
87.0
87.0
87.0
87.0
86.9
87.0
86.9
86.9
87.0
87.0
87.1
87.1
87.1
87.1
87.0
87.0
87.0
87.0
87.0
87.0
87.0
87.0
87.0
87.0
87.0
87.0
87.0
87.0
87.0
87.0
87.0
86.9
86.8
86.8
86.8
86.8
86.7
86.7
86.7
86.6
86.6
86.6
86.5
86.6
86.5
86.4
86.5
86.5
86.5
86.5
86.5
86.5
86.6
86.5
86.5
86.5
86.6
86.6
86.6
86.7
86.7
86.8
86.8
86.8
86.8
86.8
86.8
86.8
86.8
86.8
86.8
86.8
86.8
86.8
86.7
86.6
86.6
86.6
87.2
87.4
87.2
87.2
87.1
87.1
87.0
87.0
87.0
87.0
86.9
86.9
86.9
86.9
86.9
86.9
86.9
86.8
86.8
86.8
86.8
86.7
86.7
86.7
86.7
86.8
86.8
86.7
86.7
86.7
86.6
86.6
86.6
86.6
86.6
86.6
86.5
86.6
86.6
86.5
86.5
86.5
86.6
86.6
86.6
86.6
86.6
86.6
86.6
86.6
86.6
86.7
86.7
86.7
86.7
86.7
86.8
86.7
86.7
86.6
86.6
86.5
86.6
86.6
86.5
86.6
86.5
86.5
86.5
86.5
86.5
86.5
86.5
86.5
86.5
86.5
86.5
86.5
86.4
86.5
86.5
86.5
86.6
86.6
86.6
86.6
86.6
86.7
86.7
