57.2
57.3
57.2
63.2
63.4
56.9
75.7
86.1
86.1
86.2
86.2
86.3
86.3
86.4
86.4
86.4
86.4
86.5
86.4
86.5
86.5
86.5
86.5
86.5
86.6
86.6
86.6
86.6
86.6
86.6
86.6
86.6
86.6
86.6
86.7
86.7
86.7
86.7
86.7
86.7
86.7
86.7
86.7
86.7
86.8
86.7
86.8
86.8
86.8
86.8
86.8
86.8
86.8
86.8
86.8
86.8
86.8
86.8
86.8
86.8
86.8
86.8
86.8
86.8
86.8
86.9
86.9
86.9
86.9
86.9
86.9
86.8
86.9
86.9
86.9
86.9
86.9
86.9
86.9
86.9
86.9
86.9
87.0
86.9
86.9
86.9
87.0
87.0
86.9
87.0
86.9
87.0
87.0
87.0
87.0
86.9
87.0
86.9
86.9
87.0
87.0
87.0
87.0
87.0
87.0
87.0
87.0
87.0
87.0
87.0
87.0
87.0
87.0
87.0
87.0
87.0
87.0
87.0
87.0
87.0
87.0
87.0
87.1
87.0
87.1
87.0
87.1
87.1
87.0
87.1
87.0
87.1
87.1
87.1
87.1
87.1
87.1
87.1
87.0
87.1
87.1
87.1
87.1
87.1
87.1
87.1
87.1
87.1
87.1
87.1
87.1
87.1
87.1
87.1
87.1
87.1
87.1
87.1
87.1
87.1
87.2
87.1
87.2
87.1
87.2
87.2
87.2
87.2
87.2
87.2
87.2
87.2
87.2
