38.0
38.3
38.6
38.8
39.0
39.2
39.3
39.5
39.6
39.7
39.8
39.9
40.0
40.0
40.0
40.1
40.1
40.1
40.1
40.1
40.1
40.1
40.1
40.2
40.2
40.2
40.3
40.3
40.3
40.3
40.3
40.4
40.4
40.4
40.4
40.4
40.4
40.4
40.4
40.4
40.4
40.4
40.4
40.4
40.4
40.4
40.3
40.4
40.3
40.3
40.2
40.2
40.2
40.2
40.3
40.3
40.4
40.4
40.4
40.4
40.4
40.4
40.5
40.5
40.5
40.5
40.5
40.5
40.5
40.5
40.5
40.5
40.5
40.5
40.6
40.5
40.5
40.5
40.5
40.4
40.4
40.4
40.4
40.3
40.4
40.4
40.4
40.4
40.5
40.5
40.5
40.5
40.5
40.6
40.6
40.6
40.6
40.6
40.6
40.6
40.6
40.5
40.6
40.6
40.6
40.6
40.6
40.6
40.5
40.5
40.5
40.4
40.4
40.4
40.4
40.4
40.5
40.5
40.5
40.5
40.5
40.5
40.6
40.5
40.6
40.6
40.5
40.6
40.6
40.6
40.6
40.6
40.6
40.6
40.6
40.6
40.5
40.5
40.5
40.5
40.5
40.5
40.4
40.3
40.3
40.4
40.4
40.4
40.5
40.5
40.5
40.5
40.5
40.5
40.5
40.5
40.5
40.6
40.5
40.5
40.5
40.6
40.6
40.5
40.5
40.6
40.6
40.5
40.5
40.5
40.5
40.4
40.4
40.4
40.4
40.5
40.5
40.6
40.6
40.6
40.6
40.6
40.6
40.6
40.6
40.5
40.6
40.6
40.5
40.5
40.5
40.5
40.5
40.5
40.5
40.5
40.5
40.5
40.5
40.5
40.5
40.4
40.4
40.4
40.3
40.3
40.3
40.4
40.4
40.4
40.4
40.5
40.5
40.5
40.6
40.6
40.6
40.5
40.5
40.5
40.5
40.5
40.5
40.6
40.5
40.5
40.6
40.5
40.5
40.5
40.5
40.4
40.4
40.4
40.4
40.3
40.3
40.3
40.4
40.4
40.4
40.4
40.4
40.4
40.4
40.5
40.5
40.5
40.5
40.5
40.5
40.5
40.5
40.5
40.5
40.5
40.5
40.6
40.5
40.7
40.6
40.7
40.6
40.6
40.5
40.5
40.4
40.5
40.5
40.5
40.5
40.5
40.5
40.5
40.5
40.5
40.5
40.5
40.5
40.5
40.5
40.5
40.5
40.5
40.5
40.6
40.5
40.5
40.5
40.5
40.5
40.5
40.5
40.4
40.4
40.4
40.4
40.3
40.4
40.4
40.4
40.4
40.4
40.4
40.6
40.6
40.6
40.6
40.6
40.6
40.6
40.6
40.6
40.6
40.6
40.6
40.6
40.5
40.5
40.5
40.5
40.5
40.5
40.5
40.4
40.4
40.4
40.3
40.4
40.4
40.4
40.4
40.4
40.4
40.5
40.5
40.5
40.5
40.5
40.5
40.5
40.5
40.5
40.5
40.5
40.6
40.5
40.5
40.5
40.7
40.7
40.8
40.7
40.6
40.6
40.6
40.6
40.5
40.5
40.5
40.4
40.5
40.5
40.5
40.5
40.6
40.5
40.5
40.6
40.6
40.5
40.6
40.6
40.6
40.6
40.5
40.5
40.5
40.5
40.5
40.6
40.7
40.7
40.7
40.6
40.6
40.5
40.5
40.4
40.4
40.4
40.4
40.4
40.5
40.5
40.6
40.6
40.6
40.6
40.6
40.6
40.6
40.6
40.5
40.6
40.5
40.6
40.6
40.5
40.5
40.5
40.6
40.5
40.5
40.6
40.8
40.7
40.7
40.6
40.5
40.5
40.5
40.5
40.5
40.5
40.4
40.4
40.4
40.4
40.5
40.5
40.4
40.4
40.4
40.4
40.4
40.4
40.4
40.4
40.4
40.4
40.7
40.6
40.6
40.5
40.5
40.5
40.4
40.4
40.3
40.3
40.4
40.4
40.4
40.4
40.4
40.4
40.5
40.5
40.5
40.5
40.5
40.5
40.5
40.5
40.5
40.5
40.5
40.5
40.5
40.5
40.5
40.5
40.5
40.5
40.5
40.5
40.5
40.5
40.4
40.4
40.4
40.4
40.4
40.4
40.4
40.5
40.5
40.5
40.5
40.5
40.5
40.5
40.5
40.6
40.6
40.6
40.5
40.6
40.6
40.6
40.6
40.6
40.6
40.6
40.6
40.6
40.5
40.5
40.5
40.4
40.4
40.4
40.4
40.4
40.4
40.5
40.5
40.5
40.5
40.5
40.4
40.5
40.4
40.4
40.5
40.5
40.4
40.5
40.5
40.5
40.5
40.5
40.5
40.5
40.5
40.5
40.6
40.5
40.5
40.4
40.4
40.3
40.3
40.3
40.3
40.4
40.4
40.4
40.4
40.5
40.5
40.5
40.5
40.5
40.5
40.5
40.5
40.6
40.6
40.6
40.6
40.6
40.6
40.5
40.6
40.6
40.5
40.5
40.5
40.4
40.4
40.3
40.4
40.4
40.4
40.4
40.4
40.5
40.5
40.5
40.5
40.5
40.5
40.5
40.5
40.6
40.5
40.5
40.5
40.6
40.6
40.6
40.5
40.4
