49.3
49.3
49.4
49.4
49.5
49.5
49.4
49.4
49.5
49.6
49.6
49.6
49.7
49.7
49.7
49.7
49.7
49.7
49.8
49.8
49.8
49.8
49.9
49.9
49.9
49.9
49.9
50.0
50.0
50.0
50.0
50.0
49.9
49.9
49.9
50.3
50.3
50.2
50.3
50.3
50.3
50.2
50.2
50.1
50.1
50.1
50.1
50.1
50.1
50.0
50.0
50.0
50.0
50.0
50.0
49.9
49.8
49.9
50.0
50.0
50.0
50.0
49.9
49.9
49.9
49.9
49.9
49.9
49.9
50.0
50.0
50.0
50.0
50.0
50.0
49.9
49.9
49.9
49.9
50.0
50.1
50.3
50.2
50.1
50.2
50.1
50.0
50.0
50.0
49.9
49.9
50.0
49.9
50.0
50.0
50.2
50.2
50.2
50.1
50.1
50.0
50.0
50.0
50.0
50.0
50.0
50.0
49.9
49.9
49.9
49.9
49.9
49.9
49.9
50.0
50.0
49.9
50.0
49.9
49.9
49.9
49.9
49.9
49.9
50.0
49.9
49.9
49.9
49.9
49.9
49.9
49.9
49.9
49.9
50.0
50.0
50.0
49.9
49.9
49.9
49.9
49.8
49.9
49.9
49.9
49.9
49.8
49.8
49.9
49.9
49.9
49.9
49.9
50.0
50.0
50.0
50.0
49.9
49.9
49.9
49.9
49.9
49.9
50.0
50.0
50.0
49.9
50.0
50.0
50.0
50.1
50.0
50.0
50.0
50.0
50.0
50.0
50.0
50.0
50.0
50.0
50.0
50.0
50.0
50.0
50.0
50.0
50.0
50.0
50.0
50.1
50.1
50.1
50.1
50.1
50.1
50.1
50.1
50.1
50.0
50.0
50.0
50.0
50.0
49.9
49.9
49.9
49.9
49.9
49.9
49.9
49.9
49.9
49.9
49.9
49.9
49.9
49.9
49.9
49.9
49.9
50.0
50.0
49.9
50.0
49.9
49.9
49.9
50.0
50.2
50.1
50.1
50.0
50.1
50.1
50.1
50.1
50.1
50.1
50.1
50.0
50.0
50.0
50.0
50.0
49.9
49.9
49.9
49.9
49.9
49.9
49.9
49.9
49.9
50.0
49.9
49.9
49.9
49.9
49.9
49.9
49.8
49.8
49.8
49.9
49.9
49.9
49.9
49.9
49.9
49.8
49.8
49.8
49.8
50.0
50.0
50.0
50.1
50.1
50.0
50.0
50.1
50.1
50.1
50.1
50.0
50.0
50.0
50.0
50.0
49.9
50.0
50.0
49.9
49.9
49.9
50.0
50.0
49.9
50.0
49.9
49.9
49.9
49.8
49.9
49.8
49.9
49.9
49.9
49.9
50.0
49.9
49.9
50.0
50.0
49.8
49.8
49.7
49.7
49.9
49.9
50.0
50.0
50.0
50.0
49.9
50.0
49.9
49.9
49.9
49.9
49.8
49.8
49.8
49.8
49.8
49.8
49.9
49.9
49.9
49.9
49.9
49.9
49.8
49.8
49.8
49.9
49.9
49.9
49.9
49.9
49.8
49.8
49.8
49.8
49.8
49.8
49.8
49.8
49.8
49.7
49.8
49.8
49.8
50.0
49.9
49.9
50.0
50.1
50.0
50.0
50.0
50.0
49.9
50.0
49.9
49.9
49.9
49.9
49.9
49.9
49.9
49.9
49.8
49.8
49.8
49.8
49.8
49.8
49.8
49.8
49.8
49.8
49.8
49.9
49.9
49.8
49.8
49.8
49.9
49.9
49.9
49.9
49.9
49.9
49.8
49.9
49.8
50.0
49.9
49.9
49.9
49.9
50.0
50.0
50.0
49.9
49.9
49.9
49.8
49.8
49.8
49.8
49.8
49.8
49.8
49.8
49.8
49.8
49.8
49.8
49.9
50.0
49.9
49.9
49.9
49.9
49.8
49.8
49.8
49.8
49.8
49.8
49.8
49.7
49.8
49.7
49.7
49.7
49.7
49.7
49.6
49.7
49.7
49.8
49.8
49.9
49.8
49.9
49.9
49.8
49.9
49.9
49.9
49.8
49.8
49.9
49.9
49.8
49.8
49.8
49.8
49.8
49.7
49.8
49.8
49.8
49.8
49.8
49.9
49.8
49.8
49.8
49.8
49.9
49.8
49.8
49.9
49.8
49.8
49.9
49.9
49.9
49.9
49.9
49.8
49.9
50.0
50.0
49.9
50.0
49.9
50.0
50.0
50.0
49.9
49.9
49.9
49.9
49.9
49.8
49.9
49.9
49.9
49.9
49.9
49.9
49.9
49.9
49.9
49.9
50.0
49.9
49.9
49.8
49.8
49.8
49.8
49.7
49.7
49.7
49.6
49.7
49.7
49.7
49.7
49.7
49.8
49.7
49.8
49.8
49.8
49.7
49.8
49.8
49.8
49.8
49.6
49.6
50.0
49.9
49.9
50.1
56.7
56.5
56.5
56.4
50.3
50.3
50.2
50.1
50.1
50.1
50.0
49.9
49.9
49.8
49.8
49.7
49.6
49.6
49.6
49.6
49.7
49.6
49.6
49.7
49.6
49.5
49.6
49.5
49.5
49.6
49.6
49.6
49.7
49.7
49.7
49.7
49.7
49.6
49.6
49.6
49.6
49.6
49.6
49.6
49.7
49.7
49.7
49.6
49.6
49.6
49.6
49.7
49.6
49.7
49.6
49.7
49.7
49.7
49.8
49.8
49.8
49.7
49.7
49.7
49.7
49.6
49.7
49.7
49.7
49.7
49.7
49.7
49.7
49.8
49.8
49.8
49.7
49.8
49.8
49.8
49.8
49.8
49.8
49.8
49.8
49.9
49.8
49.8
49.7
49.7
49.7
49.7
49.7
49.7
49.7
49.7
49.7
49.7
49.7
49.6
49.7
49.7
49.6
49.7
49.7
49.7
49.6
49.6
49.7
49.7
49.8
49.8
49.8
49.7
49.7
49.7
49.7
49.8
49.8
49.8
49.9
56.1
56.1
56.1
56.2
56.2
50.1
50.1
50.0
50.0
49.9
49.9
49.8
49.8
49.8
49.7
49.7
49.7
49.7
49.7
49.7
49.7
49.8
49.7
49.7
49.7
49.7
49.7
49.7
49.7
49.6
49.6
49.6
49.5
49.6
49.8
49.8
49.8
49.7
49.7
49.8
49.8
49.8
49.8
49.8
49.7
49.7
49.7
49.7
49.7
49.7
49.7
49.6
49.7
49.7
49.7
49.7
49.7
49.6
49.7
49.7
49.7
49.6
49.6
49.7
49.7
49.6
49.6
49.7
49.7
49.6
49.7
49.7
49.7
49.7
49.6
49.6
49.5
49.5
49.6
49.8
49.8
50.1
50.1
50.1
50.1
50.1
50.1
50.0
50.0
49.9
49.9
49.9
49.9
49.9
49.8
49.8
49.8
49.7
49.7
49.7
49.6
49.6
49.6
49.7
49.7
49.6
49.6
49.5
49.6
49.6
49.6
49.7
49.6
49.6
49.6
49.6
49.6
49.7
49.7
49.8
55.5
55.6
55.8
55.8
55.3
49.9
49.8
49.8
49.9
49.9
49.9
49.9
49.9
49.9
49.9
49.8
49.8
49.7
49.7
49.7
49.7
49.7
49.7
49.7
49.7
49.7
49.8
49.7
49.8
49.8
49.7
49.7
49.7
49.6
49.6
49.7
49.6
49.7
49.7
49.6
49.6
49.6
49.6
49.6
49.6
49.6
49.6
49.6
49.7
49.9
49.8
49.8
49.9
49.8
49.8
49.9
50.0
49.9
49.8
49.9
49.8
49.7
49.7
49.7
49.7
49.7
49.7
49.7
49.6
49.6
