54.7
54.7
54.7
54.6
54.6
54.6
54.6
54.5
54.6
54.6
54.6
54.6
54.6
54.5
54.5
54.4
54.4
54.4
54.4
54.5
54.5
54.6
54.6
54.6
54.6
54.7
54.6
54.6
54.6
54.5
54.5
54.5
54.5
54.5
54.5
54.4
54.5
54.5
54.5
54.6
54.6
54.6
54.6
54.7
62.6
62.5
62.6
54.7
54.9
54.9
54.9
54.8
54.7
54.7
54.7
54.7
54.7
54.6
54.5
54.5
54.6
54.5
54.5
54.5
54.5
54.5
54.5
54.6
54.5
54.5
54.4
54.4
54.4
54.4
54.3
54.4
54.3
54.3
54.4
54.4
54.5
54.4
54.4
54.4
54.5
54.5
54.5
54.5
54.5
54.5
54.5
54.5
54.6
54.6
54.6
54.6
54.6
54.6
54.5
54.6
54.5
54.5
54.5
54.5
54.5
54.5
54.5
54.5
54.5
54.6
54.6
54.6
54.6
54.6
54.7
54.7
54.7
54.6
54.5
54.5
54.5
54.5
54.5
54.6
54.6
54.5
54.5
54.6
54.7
54.6
54.6
54.5
54.5
54.5
54.5
54.5
54.5
54.5
54.5
54.5
54.4
54.4
54.4
54.5
54.5
54.5
54.6
54.5
54.5
54.4
54.4
54.4
54.5
54.5
54.4
54.5
54.5
54.6
54.5
54.5
54.8
55.1
55.1
55.1
62.4
62.4
62.4
62.7
62.8
54.2
54.3
54.3
54.4
54.4
54.3
54.4
54.3
54.3
54.4
54.5
54.5
54.4
54.4
54.4
54.5
54.5
54.6
54.6
54.5
54.5
54.5
54.4
54.5
54.4
54.5
54.5
54.5
54.5
54.5
54.7
54.7
54.7
54.7
54.7
54.7
54.7
54.7
54.6
54.7
54.7
54.6
54.5
54.5
54.6
60.5
55.1
54.9
54.9
54.8
54.8
54.9
54.9
54.8
54.7
54.7
54.7
