76.5
85.9
85.9
86.0
86.0
86.0
86.1
86.1
86.1
86.1
86.1
86.1
86.1
86.1
86.1
86.1
86.1
86.1
86.1
86.1
86.1
86.1
86.2
86.1
86.1
86.1
86.0
86.0
86.0
86.0
86.0
86.0
86.0
86.0
86.0
86.0
86.0
85.9
85.9
85.9
85.8
85.9
85.9
85.8
85.8
85.8
85.8
85.8
85.8
85.8
85.8
85.8
85.8
85.8
85.8
85.8
85.7
85.8
85.8
85.7
85.8
85.8
85.8
85.8
85.8
85.8
85.9
85.9
85.9
85.9
85.9
85.9
86.0
85.9
86.0
86.0
86.1
86.0
86.1
86.1
86.1
86.1
86.1
86.2
86.2
86.2
86.2
86.2
86.2
86.3
86.3
86.3
86.3
86.3
86.3
86.3
86.3
86.3
86.4
86.3
86.3
86.3
86.3
86.4
86.4
86.3
86.4
86.4
86.3
86.3
86.3
86.4
86.4
86.3
86.3
86.3
86.3
86.3
86.3
86.2
86.2
86.2
86.3
86.2
86.2
86.2
86.2
86.2
86.2
