70.7
70.7
70.8
70.9
71.1
71.2
71.2
71.3
71.3
71.5
71.5
71.6
71.6
71.6
71.6
71.7
71.8
71.8
71.8
71.8
71.8
71.8
71.8
71.8
71.8
71.8
71.8
71.8
71.9
72.0
72.0
72.0
72.0
72.0
72.0
71.9
71.9
71.9
71.8
71.8
71.9
71.9
71.8
71.8
71.8
71.8
71.7
71.7
71.7
71.7
71.7
71.7
71.7
71.7
71.7
71.7
71.7
71.8
71.8
71.8
71.8
71.7
71.7
71.7
71.7
71.7
71.7
71.8
71.8
71.8
71.8
71.7
71.7
71.7
71.7
71.7
71.7
71.7
71.7
71.8
71.8
71.8
71.8
71.8
71.8
71.8
71.8
71.8
71.8
71.8
71.9
71.8
71.8
71.9
71.9
72.0
72.0
71.9
71.9
71.9
71.9
71.9
71.9
71.9
71.9
71.8
71.8
71.8
71.9
71.9
71.9
71.9
71.8
71.8
71.9
71.8
71.7
71.7
71.8
71.8
71.8
71.7
71.8
71.8
71.8
71.7
71.8
71.7
71.8
71.7
71.8
71.8
71.8
71.8
71.8
71.8
71.8
71.8
71.9
71.8
71.9
71.9
71.8
71.8
71.9
71.9
71.8
71.8
71.8
71.8
71.8
71.8
71.8
71.7
71.7
71.7
71.7
71.7
71.8
71.7
71.8
71.8
71.8
71.8
71.8
71.8
71.8
71.8
71.8
71.7
71.6
71.6
71.7
71.7
71.7
71.7
71.6
71.7
71.7
71.6
71.6
71.6
71.5
71.4
71.5
71.5
81.3
72.1
72.0
92.5
71.7
71.8
71.8
71.7
71.7
71.7
71.7
71.6
71.7
71.6
71.6
71.6
71.6
71.6
71.6
71.7
71.7
71.7
71.7
71.8
71.7
71.7
71.7
71.7
71.7
71.7
71.7
71.7
71.7
71.7
71.7
71.7
71.7
71.7
71.7
71.7
71.7
71.7
71.7
71.7
71.7
71.7
71.7
71.7
71.7
71.7
71.7
71.7
71.8
71.7
71.7
71.7
71.7
71.7
71.7
71.8
71.7
71.8
71.8
71.8
71.8
71.8
71.7
71.8
71.7
71.8
71.8
71.8
71.8
71.8
71.8
71.7
71.8
71.7
71.7
71.8
71.7
71.8
71.8
71.9
71.8
71.8
71.8
71.8
71.8
71.9
71.8
71.8
71.8
71.8
71.8
71.7
71.8
71.8
71.8
71.8
71.8
71.9
71.9
71.9
71.8
71.8
71.8
71.7
71.8
71.8
71.7
71.7
71.8
71.7
71.7
71.8
71.7
71.8
71.8
71.8
71.8
71.8
71.7
71.7
71.7
71.7
71.7
71.7
71.7
71.7
71.8
71.8
71.8
71.8
71.8
71.8
71.8
71.8
71.8
71.7
71.7
71.8
71.8
71.8
71.8
71.8
71.8
71.8
71.8
71.7
71.7
71.8
71.8
71.8
71.8
71.8
71.8
71.8
71.8
71.7
71.7
71.7
71.7
71.7
71.7
71.7
71.7
71.7
71.7
71.7
71.7
71.7
71.7
71.7
71.7
71.7
71.8
71.8
71.8
71.8
71.7
71.7
71.7
71.7
71.7
71.6
71.7
71.7
71.6
71.7
71.7
71.7
71.6
71.7
71.7
71.7
71.8
71.7
71.7
71.7
71.7
71.7
71.6
71.7
71.7
71.7
71.7
71.6
71.6
71.7
71.7
71.7
71.7
71.7
71.7
71.7
71.7
71.7
71.7
71.7
71.7
71.7
71.7
71.7
71.7
71.7
71.7
71.7
71.7
71.7
71.7
71.7
71.7
71.7
71.7
71.7
71.7
71.7
71.8
71.7
71.7
71.7
71.7
71.7
71.7
71.7
71.7
71.7
71.7
71.7
71.8
71.8
71.8
71.8
71.7
71.7
71.8
71.8
71.7
71.7
71.8
71.8
71.8
71.7
71.8
71.7
71.7
71.7
71.7
71.7
71.6
71.6
71.6
71.7
71.6
71.7
71.7
71.7
71.7
71.7
71.7
71.7
71.7
71.7
71.6
71.6
71.7
71.7
71.7
71.7
71.6
71.6
71.7
71.6
71.6
71.6
71.6
71.6
71.6
71.6
71.6
71.6
71.6
71.6
71.7
