70.5
85.0
85.0
85.0
85.0
85.1
85.2
85.2
85.3
85.3
85.8
85.8
85.7
85.7
85.7
85.8
85.7
85.7
85.6
85.6
85.6
85.5
85.5
85.5
85.5
85.4
85.5
85.5
85.5
85.4
85.4
85.4
85.5
85.4
85.5
85.6
85.6
85.6
85.6
85.6
85.5
85.6
85.6
85.6
85.6
85.6
85.6
85.6
85.6
85.5
85.5
85.5
85.5
85.5
85.5
85.5
85.5
85.5
85.4
85.5
85.5
85.4
85.4
85.5
85.4
85.4
85.4
85.3
85.4
85.3
85.3
85.3
85.3
85.4
85.4
85.4
85.5
85.5
85.5
85.5
85.5
85.5
85.5
85.6
85.6
85.6
85.6
85.6
85.6
85.6
85.6
85.6
85.6
85.6
85.6
85.6
85.6
85.6
85.6
85.6
85.5
85.6
85.6
85.6
85.6
85.6
85.6
85.6
85.6
85.6
85.6
85.6
85.5
85.5
85.5
85.5
85.4
85.4
85.4
85.4
85.4
85.3
85.3
85.3
85.4
85.4
85.4
85.4
85.4
85.4
85.3
85.4
85.4
85.4
85.4
85.5
85.5
85.4
85.4
85.4
85.4
85.9
86.4
86.3
86.2
86.1
86.0
85.9
85.8
85.8
85.8
85.8
85.9
85.8
85.9
85.9
85.8
85.8
85.8
85.8
85.6
85.7
85.7
85.7
85.7
85.7
85.7
85.7
85.7
85.7
85.7
85.7
85.6
85.7
85.6
85.6
85.6
85.6
85.6
85.7
85.6
85.6
85.6
85.5
85.5
85.5
85.5
85.5
85.5
85.5
85.5
85.5
85.5
85.5
85.6
85.5
85.5
85.5
85.5
85.5
85.5
85.5
85.6
85.5
85.6
85.6
85.7
85.7
85.6
85.6
85.6
85.5
85.5
85.5
85.5
85.5
85.4
85.4
85.4
85.4
85.4
85.4
85.4
85.4
85.5
85.5
85.5
85.5
85.5
85.5
85.5
85.6
85.6
85.6
85.6
85.7
85.7
85.7
85.6
85.6
85.6
85.5
85.5
85.5
85.5
85.4
85.5
85.5
85.5
85.5
85.4
85.4
85.4
85.4
85.5
85.5
85.5
85.5
85.6
85.7
85.6
85.6
85.6
85.5
85.5
85.5
85.5
85.6
85.5
85.5
85.5
85.5
85.5
85.5
85.5
85.4
91.7
91.4
91.3
85.4
85.4
85.4
85.5
85.5
85.5
85.6
85.6
85.6
85.6
85.6
85.5
85.6
85.6
85.5
85.6
85.5
85.6
85.5
85.5
85.5
85.4
85.4
85.4
85.4
85.5
85.5
85.5
85.4
85.5
85.5
85.5
85.5
85.5
85.5
85.5
85.5
85.5
85.4
85.5
85.4
85.4
85.5
85.5
85.5
85.6
85.6
85.6
85.6
85.6
85.6
85.7
85.7
85.6
85.6
85.6
85.6
85.6
85.6
85.7
85.7
85.7
85.7
85.7
85.7
85.7
85.7
85.7
85.7
85.6
85.6
85.7
85.6
85.6
85.6
85.7
85.7
85.6
85.6
85.6
85.6
85.6
85.5
85.6
85.6
85.6
85.6
85.6
85.6
85.6
85.6
85.6
85.6
85.6
85.6
85.6
85.6
85.5
85.5
85.5
85.4
85.4
85.4
85.4
85.4
85.4
85.4
85.4
85.4
85.5
85.4
85.5
85.5
85.5
85.5
85.5
85.6
85.5
85.6
85.5
85.6
85.5
85.5
85.4
85.5
85.4
85.5
85.4
85.5
85.4
85.4
85.5
85.5
85.5
86.1
86.1
86.1
86.0
86.0
85.9
85.9
85.9
85.9
85.9
85.8
85.8
85.8
85.7
85.7
85.7
85.7
85.7
85.7
85.7
85.7
85.7
85.6
85.7
85.6
85.6
85.5
85.5
85.5
85.5
85.5
85.6
85.6
85.5
85.6
85.6
85.6
85.6
85.7
85.7
85.7
85.6
85.7
85.6
85.6
85.6
85.6
85.5
85.5
85.6
85.5
85.6
85.6
86.1
86.5
86.8
86.9
92.9
92.3
92.4
91.9
86.5
86.4
86.4
86.4
86.4
86.4
86.4
86.4
86.3
86.3
86.3
86.3
86.3
86.2
86.3
86.2
86.2
86.2
86.2
86.2
86.2
86.2
86.2
86.2
86.2
86.3
86.3
86.3
86.3
86.3
86.3
86.3
86.2
86.2
86.1
86.1
86.1
86.1
86.1
86.2
86.2
86.2
86.2
86.2
86.3
86.3
86.3
86.3
86.4
86.4
86.4
86.5
86.5
86.5
86.5
86.5
86.5
86.6
86.6
86.6
86.6
86.5
86.5
86.5
86.4
86.4
86.5
86.5
86.5
86.5
86.5
86.5
86.5
86.5
86.5
86.5
86.5
86.5
86.5
86.5
86.6
86.6
86.6
86.6
86.6
86.6
86.6
86.6
86.6
86.6
86.7
86.7
86.7
86.7
86.7
86.7
86.7
86.7
86.7
91.9
91.2
90.7
90.3
89.8
89.4
89.0
88.7
88.5
88.2
88.0
87.8
87.6
87.6
87.4
87.4
87.3
87.3
87.2
87.1
87.0
86.9
86.8
86.8
86.8
86.8
86.7
86.7
96.1
86.5
86.4
86.4
86.5
86.5
86.5
86.5
86.5
86.5
86.5
86.5
86.5
86.7
86.7
86.6
86.5
86.5
86.6
86.5
86.5
86.5
86.5
86.5
86.5
86.5
86.5
86.5
86.5
86.5
86.5
86.5
86.5
86.6
86.5
86.5
86.5
86.5
86.5
86.5
86.5
86.4
86.5
86.4
86.4
86.5
86.4
86.4
86.4
86.4
86.5
86.5
86.5
86.6
86.6
86.6
86.6
86.6
86.6
86.7
86.6
86.6
86.6
86.6
86.6
86.6
86.6
86.6
86.6
86.6
86.6
86.6
86.6
86.6
86.6
86.6
86.6
86.5
86.5
86.5
86.6
86.5
86.5
86.5
86.5
86.5
86.5
86.5
86.5
86.5
86.5
86.5
86.5
86.5
86.5
86.5
86.6
86.6
86.6
86.6
86.6
86.5
86.6
86.5
86.6
86.6
86.6
86.6
86.7
86.7
86.6
86.7
86.6
86.7
86.7
86.8
86.7
86.7
86.7
86.8
86.8
86.7
86.6
86.7
86.6
86.6
86.6
86.6
86.6
86.6
86.6
86.6
86.6
86.7
86.7
86.7
86.7
86.7
86.7
86.7
86.7
86.7
86.7
86.6
86.7
86.7
86.7
86.7
86.7
86.7
86.7
86.6
86.6
86.7
86.6
86.6
86.7
86.6
86.6
86.6
86.6
86.7
86.7
86.7
86.7
86.6
86.6
86.6
86.6
86.6
86.5
86.9
92.1
92.1
92.1
92.1
92.0
91.9
91.8
91.5
