54.7
60.7
60.5
60.2
59.9
59.7
59.5
59.3
59.1
59.0
58.8
58.7
58.7
58.6
58.5
58.5
58.4
58.3
58.3
58.2
58.2
58.2
58.3
58.2
58.2
58.3
58.2
58.2
58.2
58.2
58.1
58.1
58.1
58.2
58.2
58.2
58.7
59.0
59.3
59.7
59.5
59.4
59.3
59.1
59.0
58.9
58.8
58.8
58.7
58.7
58.6
58.5
58.5
58.5
58.5
58.8
59.1
59.0
58.9
58.8
58.8
58.7
58.7
58.6
58.6
58.5
58.5
58.5
58.4
58.4
58.4
58.4
58.4
58.3
58.3
58.3
58.2
58.2
58.3
58.2
58.2
58.3
58.2
58.2
58.2
58.2
58.8
58.7
58.7
58.6
58.6
58.5
58.5
58.5
58.5
58.4
58.4
58.4
58.4
58.4
58.8
58.7
58.7
58.6
58.6
58.5
58.5
58.5
58.5
58.5
58.5
58.5
58.5
58.5
58.5
58.5
58.5
58.5
58.4
58.4
58.5
58.5
58.4
58.4
58.5
58.6
58.5
58.5
58.5
58.5
58.5
58.5
58.5
58.5
58.5
58.5
58.5
58.5
58.5
58.5
58.5
58.5
58.5
58.5
58.5
58.5
58.6
58.6
58.6
58.5
58.5
58.5
58.5
58.6
58.5
58.6
59.0
59.4
59.7
59.6
59.5
59.4
59.3
59.2
59.0
59.0
58.9
58.8
58.8
58.7
58.7
58.6
58.6
58.6
58.5
58.5
58.5
66.9
66.3
58.2
58.2
58.2
58.2
58.2
58.2
58.2
58.3
58.3
58.3
58.3
58.4
58.5
58.5
58.5
58.4
58.4
58.4
58.5
58.5
58.5
58.5
58.5
58.5
58.5
58.5
59.0
59.1
59.0
59.0
58.9
58.8
58.8
58.8
58.9
58.8
59.0
58.9
58.8
58.8
58.7
58.7
58.9
58.9
58.8
58.8
58.7
58.7
58.7
58.7
58.6
58.6
58.6
58.5
58.6
58.5
58.5
58.6
58.6
58.6
58.7
58.6
58.6
58.6
58.6
58.6
58.6
58.7
58.7
58.7
58.7
58.6
58.6
58.6
58.6
58.6
58.6
58.6
58.5
58.5
58.6
58.6
58.6
58.6
58.6
58.6
58.6
58.5
58.6
58.6
58.5
58.5
58.6
58.5
58.7
63.8
63.2
63.1
63.0
62.9
62.4
61.9
61.6
61.2
60.9
60.6
60.3
60.1
59.9
59.8
59.6
59.4
59.3
59.2
59.2
59.5
59.4
59.3
59.2
59.1
59.0
58.9
58.9
58.8
58.8
58.7
58.7
58.7
58.7
58.6
58.6
58.6
58.5
58.5
58.5
58.6
58.5
58.5
58.5
58.5
58.5
58.5
58.5
58.5
58.9
59.1
59.0
59.0
58.9
58.8
58.8
58.8
58.8
58.7
58.7
58.7
58.9
58.9
58.8
58.8
58.7
58.7
58.7
58.6
58.6
58.6
58.6
58.6
58.5
58.5
58.6
58.5
58.5
58.5
58.5
58.5
58.5
58.6
58.6
58.5
58.5
58.5
58.7
58.7
58.7
58.7
59.0
59.4
59.3
59.2
58.9
59.0
58.9
58.8
58.8
58.7
58.7
58.6
58.6
58.6
58.6
58.6
58.5
58.5
58.6
58.6
