62.1
62.1
62.2
62.2
62.3
62.3
62.3
62.4
62.4
62.4
62.5
62.5
62.8
62.8
62.8
62.8
62.9
62.8
63.3
63.5
63.5
63.4
63.4
63.3
63.2
63.2
63.2
63.1
63.0
62.9
62.9
62.9
62.8
62.8
62.8
62.8
62.8
62.8
62.7
62.7
62.7
62.7
62.7
62.6
62.6
62.6
62.6
62.6
62.6
62.6
62.6
62.6
62.6
62.6
62.6
62.6
62.6
62.5
62.6
62.6
62.6
62.8
62.8
62.7
62.7
62.8
62.7
62.7
62.9
62.8
63.2
69.2
62.6
62.6
62.6
62.6
62.6
62.6
62.6
62.6
62.6
62.7
62.7
62.7
63.1
63.0
63.0
63.4
63.7
64.0
63.9
63.8
63.7
63.6
63.5
63.4
63.4
63.3
63.2
63.2
63.1
63.2
63.1
63.1
63.1
63.0
63.0
63.0
63.0
63.0
63.0
63.0
63.0
63.0
63.0
63.3
72.1
62.8
62.8
62.8
62.8
62.9
63.2
63.1
63.1
63.1
63.0
63.0
63.1
63.1
63.0
63.0
63.0
63.0
62.9
62.9
63.0
62.9
63.0
63.0
63.0
63.0
62.9
62.9
62.9
62.9
62.9
62.8
62.9
62.8
62.9
62.8
62.9
62.9
62.9
62.9
62.8
62.8
62.9
62.9
62.8
62.9
62.9
62.9
62.9
62.9
62.9
63.0
70.3
63.0
62.9
62.9
62.9
62.9
62.9
62.9
62.9
62.9
62.9
62.8
62.8
62.8
62.8
62.8
62.8
62.8
62.8
62.8
62.8
62.8
62.8
62.8
62.8
62.8
62.8
62.8
62.7
62.8
62.8
62.8
62.8
62.8
62.8
62.8
62.8
62.9
63.0
63.4
63.7
64.1
64.0
63.8
63.8
63.7
63.6
63.5
63.4
63.4
63.4
63.4
63.3
63.2
63.2
63.1
63.1
63.1
63.1
63.0
63.0
63.0
62.9
62.9
62.9
62.9
62.9
63.0
63.0
63.0
63.0
62.9
62.9
62.9
62.9
62.9
62.9
62.9
62.8
62.8
62.8
62.8
63.0
63.0
63.0
63.0
63.0
63.0
63.0
63.1
63.1
63.0
63.0
63.0
62.9
62.9
62.9
62.9
62.9
62.9
62.9
62.9
62.9
62.9
62.9
62.9
63.2
74.0
73.5
63.0
63.0
62.9
62.9
62.9
62.9
63.0
63.5
63.4
69.2
62.8
62.8
62.9
62.9
62.9
62.9
62.9
62.9
62.9
62.9
62.9
62.9
62.9
62.9
62.9
63.1
63.0
63.0
63.1
63.0
63.0
63.0
63.0
62.9
63.0
63.0
63.0
62.9
63.3
73.0
63.0
62.9
62.9
62.9
62.9
63.0
63.0
62.9
62.9
63.4
63.8
64.1
64.0
63.8
63.7
63.6
63.5
63.4
63.4
63.4
63.4
63.4
63.4
70.5
63.0
63.0
63.0
63.0
63.0
62.9
62.9
63.0
62.9
62.9
62.9
62.9
63.0
63.0
63.1
63.0
63.0
63.0
63.0
62.9
62.9
62.9
62.9
62.9
62.9
62.9
62.9
62.9
62.9
62.8
62.8
62.9
62.9
62.8
62.8
62.8
62.8
62.8
62.9
62.9
62.9
62.8
62.8
62.8
62.8
62.8
62.9
62.8
62.8
62.8
62.8
62.8
62.8
62.8
62.9
62.9
62.9
62.9
62.8
62.8
62.8
62.8
62.9
62.9
62.9
63.0
63.0
62.9
62.9
62.9
62.9
62.9
62.9
62.9
62.9
62.9
62.9
62.9
62.9
62.9
62.9
62.9
62.9
63.3
63.3
63.2
63.2
63.1
63.1
63.1
63.1
63.6
64.1
63.9
63.8
63.7
63.6
63.6
63.6
63.5
63.4
63.4
63.3
63.6
63.9
64.2
64.5
64.8
65.0
64.7
64.5
64.3
64.2
64.0
63.9
63.8
63.6
63.6
70.7
63.0
62.9
62.9
62.9
62.9
62.9
62.9
62.9
62.8
62.8
