4.9
15.3
15.3
15.3
15.3
15.3
15.3
15.4
15.4
15.4
15.4
15.5
15.5
15.6
15.6
15.7
15.7
15.7
15.7
15.8
15.8
15.8
15.8
15.8
15.8
15.8
15.9
15.8
15.8
15.9
15.9
15.9
15.9
15.9
15.9
15.9
15.9
15.9
15.9
15.9
15.9
15.9
15.9
15.9
16.0
15.9
16.0
16.0
16.0
16.0
16.0
16.0
16.0
16.1
16.1
16.1
16.1
16.1
16.1
16.1
16.1
16.1
16.1
16.1
16.1
16.1
16.1
16.0
16.0
16.1
16.1
16.1
16.1
16.0
16.1
16.1
16.0
16.1
16.1
16.0
16.0
16.0
16.1
16.1
16.0
16.0
16.0
16.0
16.0
16.0
16.0
16.0
16.0
16.0
16.0
16.0
16.0
16.0
16.0
16.0
16.0
16.0
16.0
16.0
16.0
16.0
16.0
15.9
16.0
16.0
15.9
15.9
15.9
15.9
15.9
15.9
16.0
16.0
15.9
15.9
15.9
15.9
15.9
15.9
15.9
15.9
15.9
15.9
15.9
15.9
15.9
15.9
16.0
15.9
15.9
16.0
16.0
16.0
15.9
15.9
15.9
15.9
16.0
16.0
15.9
15.9
16.0
16.0
16.0
15.9
15.9
15.9
15.9
16.0
15.9
15.9
16.0
16.0
16.0
15.9
15.9
15.9
15.9
16.0
15.9
15.9
16.0
15.9
15.9
16.0
15.9
15.9
16.0
16.0
15.9
15.9
15.9
15.9
16.0
15.9
15.9
16.0
15.9
15.9
15.9
15.9
15.9
15.9
16.0
15.9
15.9
15.9
15.9
15.9
15.9
16.0
16.0
16.0
15.9
15.9
15.9
15.9
15.9
15.9
15.9
15.9
16.0
15.9
15.9
15.9
15.9
15.9
15.9
16.0
16.0
16.0
16.0
16.0
16.0
16.0
16.0
16.0
16.0
16.0
16.0
16.0
16.0
16.0
16.0
16.0
16.0
16.0
16.0
16.0
16.0
15.9
16.0
16.4
17.0
17.1
17.1
17.4
17.5
17.6
17.7
17.8
18.0
18.0
18.0
18.0
18.0
17.9
17.9
17.9
18.2
18.6
18.3
18.2
18.0
17.8
17.6
17.4
17.2
17.1
16.9
16.8
16.7
16.6
16.5
16.5
16.4
16.4
16.3
16.3
16.3
16.3
16.2
16.2
16.2
16.1
16.1
16.1
16.1
16.1
16.0
16.0
16.0
16.0
16.0
16.0
16.0
16.0
16.0
15.9
15.9
16.0
15.9
16.0
15.9
15.9
15.9
16.0
16.0
16.0
16.0
16.0
16.0
15.9
15.9
16.0
16.0
15.9
15.9
16.0
16.0
16.0
16.0
16.0
15.9
15.9
15.9
15.9
15.9
15.9
16.0
16.0
15.9
15.9
16.0
16.0
16.0
15.9
16.0
15.9
15.9
15.9
15.9
15.9
15.9
15.9
16.0
16.0
15.9
15.9
15.9
15.9
16.0
16.0
15.9
15.9
16.0
16.0
16.0
16.0
15.9
15.9
15.9
15.9
15.9
15.9
15.9
15.9
16.0
16.0
15.9
15.9
15.9
15.9
16.1
16.0
16.0
16.0
16.0
16.0
16.0
16.0
16.0
16.0
16.0
16.0
16.0
16.0
16.0
16.0
16.0
16.0
16.0
15.9
16.0
16.0
16.0
15.9
15.9
15.9
15.9
16.0
16.0
15.9
15.9
15.9
15.9
15.9
15.9
15.9
15.9
15.9
16.0
15.9
15.9
15.9
15.9
15.9
15.9
15.9
15.9
15.9
16.0
15.9
16.0
15.9
15.9
15.9
15.9
16.0
15.9
15.9
15.9
15.9
15.9
15.9
15.9
15.9
15.9
15.9
15.9
15.9
16.0
16.0
16.0
15.9
15.9
16.0
16.0
15.9
15.9
15.9
15.9
15.9
15.9
15.9
15.9
15.9
15.9
16.0
15.9
15.9
