12.2
12.6
13.1
13.5
13.8
14.1
14.3
14.6
14.9
15.1
15.3
15.5
15.6
15.8
15.9
16.0
16.1
16.2
16.3
16.3
16.4
16.4
16.5
16.5
16.6
16.6
16.6
16.7
16.7
16.7
16.7
16.8
16.8
16.8
16.8
16.8
16.8
16.9
16.8
16.8
16.8
16.9
16.9
16.8
16.9
16.8
16.8
16.9
16.8
16.8
16.8
16.8
16.8
16.8
16.9
16.9
16.9
16.9
16.9
16.9
16.9
16.9
16.9
16.9
16.9
16.9
16.9
17.0
16.9
17.0
16.9
17.0
17.0
17.0
16.9
16.9
16.9
16.9
16.9
16.9
17.0
17.0
16.9
16.9
17.0
16.9
17.0
16.9
17.0
17.0
17.0
17.0
16.9
16.9
16.9
16.9
16.9
16.9
17.0
17.0
17.0
17.0
16.9
17.0
17.0
17.0
17.0
17.0
17.0
17.0
17.0
17.0
17.0
16.9
17.0
16.9
16.9
17.0
17.0
17.0
17.0
16.9
17.0
16.9
16.9
16.9
16.9
16.9
17.0
17.0
17.0
16.9
17.0
16.9
17.0
17.0
16.9
16.9
16.9
16.9
16.9
16.9
17.0
17.0
17.0
17.0
17.0
17.0
16.9
16.9
17.0
17.0
17.0
17.0
16.9
17.0
17.0
16.9
17.0
17.0
17.0
17.0
17.0
17.0
17.0
17.0
17.0
17.0
17.0
17.0
17.0
17.0
17.0
17.0
17.0
17.1
17.0
17.0
17.0
17.0
17.0
17.0
17.0
17.0
17.0
17.0
17.0
17.0
17.0
17.0
17.0
16.9
17.0
17.0
17.0
17.0
17.0
17.0
17.0
17.0
17.0
17.0
17.0
17.0
17.0
17.0
17.0
17.0
17.0
17.0
17.0
17.0
17.0
17.0
17.0
17.0
17.0
17.0
17.0
17.0
17.0
17.0
17.1
17.1
17.1
17.0
17.0
17.1
17.1
17.1
17.1
17.1
17.1
17.0
17.0
17.0
17.0
17.0
17.0
17.0
17.0
17.0
17.0
17.0
17.0
17.0
17.0
17.0
17.0
17.0
17.0
17.0
17.0
17.0
17.0
17.0
17.0
17.0
17.0
17.0
17.0
17.0
17.0
17.0
17.0
17.0
17.0
17.0
17.0
17.0
17.0
17.1
17.1
17.1
17.1
17.0
17.0
17.1
17.1
17.1
17.1
17.0
17.1
17.1
17.1
17.1
17.0
17.1
17.1
17.1
17.1
17.1
17.1
17.0
17.1
17.1
17.0
17.0
17.1
17.0
17.0
17.1
17.0
17.0
17.0
17.0
17.0
17.0
17.0
17.0
17.0
17.0
17.0
17.1
17.1
17.1
17.1
17.1
17.1
17.1
17.1
17.1
17.1
17.0
17.0
17.0
17.0
17.0
17.0
17.0
17.0
17.0
17.0
17.0
17.0
17.0
17.0
17.0
17.0
17.0
17.1
17.1
17.0
17.1
17.1
17.0
17.0
17.0
17.1
17.0
17.0
17.1
17.0
17.0
17.0
17.1
17.1
17.0
17.0
17.1
17.1
17.0
17.0
17.0
17.0
17.0
17.0
17.1
17.1
17.0
17.0
17.0
17.0
17.0
17.0
17.0
17.0
17.0
17.0
17.0
17.0
17.0
17.0
17.0
17.0
17.0
17.0
17.1
17.0
17.0
17.1
17.1
17.1
17.0
17.0
17.1
17.1
17.0
17.0
17.1
17.1
17.0
17.0
17.0
17.1
17.1
17.1
17.1
17.0
17.1
17.1
17.1
17.1
17.0
17.1
17.1
17.0
17.0
17.0
17.0
17.0
17.0
17.0
17.0
17.0
17.0
17.0
17.0
17.0
17.0
17.0
17.0
17.0
17.0
17.0
17.0
17.0
17.0
17.0
17.0
17.0
17.0
17.0
17.0
17.0
17.0
17.0
17.0
17.0
17.0
17.0
17.0
17.0
17.0
17.0
17.0
17.0
17.0
17.0
17.0
17.0
17.0
17.0
17.1
17.1
17.1
17.1
17.1
17.1
17.1
17.0
17.0
17.1
17.0
17.0
17.0
17.0
17.0
17.0
17.0
17.0
17.0
17.0
17.0
17.0
17.0
17.0
17.0
17.0
17.0
17.1
17.1
17.0
17.0
17.1
17.0
17.0
17.1
17.0
17.0
17.0
17.1
17.1
17.1
17.0
17.1
17.0
17.0
17.0
17.1
17.1
17.0
17.0
17.0
17.0
17.0
17.0
17.0
17.0
17.0
17.0
17.0
17.0
17.0
17.0
17.0
17.0
17.0
17.0
17.0
17.0
17.0
17.0
17.0
17.0
17.0
17.1
17.1
17.1
17.0
17.1
17.0
17.0
17.0
17.0
17.0
17.0
17.0
17.0
17.0
17.0
17.0
17.0
17.0
17.0
17.0
17.0
17.0
17.0
17.0
17.0
17.0
17.0
17.0
17.0
17.0
17.0
17.0
17.0
17.0
17.0
17.0
17.0
17.0
17.0
17.0
17.0
17.0
17.0
17.1
17.0
17.1
17.0
17.0
17.0
17.0
17.0
17.1
17.1
17.1
17.1
17.0
17.0
17.0
17.0
17.0
17.0
17.0
17.0
17.0
17.0
17.0
17.0
17.0
17.0
17.0
17.0
17.0
17.0
17.0
17.0
17.0
17.0
17.0
17.0
17.0
17.0
17.0
17.0
17.0
17.0
17.1
17.0
17.0
17.0
17.0
17.0
17.1
17.0
17.0
17.0
17.0
17.0
17.0
17.0
17.0
17.0
17.1
17.1
17.0
17.0
17.0
17.1
17.1
17.0
17.0
17.1
17.1
17.0
17.0
17.0
17.0
17.0
17.0
17.1
17.1
17.0
17.0
17.0
17.0
17.0
17.0
17.0
17.0
17.0
17.0
17.0
17.0
17.0
17.0
17.0
17.0
17.0
17.1
17.0
17.0
17.1
17.0
17.0
17.0
17.0
17.0
17.0
17.0
17.0
17.0
17.1
17.3
17.4
17.5
17.6
17.7
17.8
17.8
17.9
18.0
18.1
18.1
18.1
18.1
18.2
18.2
18.1
18.0
18.0
17.9
17.8
17.8
17.7
17.6
17.5
17.5
17.4
17.3
17.3
17.2
17.2
17.2
17.1
17.1
17.1
17.1
17.1
17.1
17.1
17.1
17.1
17.1
17.1
17.1
17.0
17.0
17.0
17.1
17.1
17.0
17.1
17.0
17.0
17.1
17.0
17.0
17.0
17.1
17.1
17.0
17.0
17.0
17.0
17.0
17.0
17.0
17.0
17.0
17.0
17.0
17.0
17.1
17.1
17.0
17.0
17.1
17.1
17.0
17.0
17.0
17.0
17.1
17.1
17.0
17.1
17.0
17.0
17.1
17.1
17.0
17.0
17.1
17.0
17.0
17.0
17.1
17.1
17.0
17.0
17.1
17.1
17.1
17.1
17.0
17.0
17.1
17.1
17.0
17.0
17.0
17.0
17.0
17.0
17.0
17.0
17.0
17.0
17.0
17.0
17.0
17.0
