11.2
11.8
12.3
12.7
13.1
13.5
13.8
14.0
14.3
14.5
14.7
14.8
15.0
15.2
15.3
15.4
15.5
15.6
15.7
15.8
15.9
15.9
16.0
16.0
16.1
16.1
16.1
16.2
16.2
16.2
16.2
16.3
16.3
16.3
16.3
16.3
16.3
16.3
16.3
16.4
16.4
16.4
16.4
16.4
16.4
16.4
16.4
16.4
16.4
16.4
16.4
16.4
16.4
16.4
16.4
16.4
16.4
16.4
16.4
16.4
16.4
16.4
16.4
16.4
16.4
16.4
16.4
16.4
16.4
16.4
16.4
16.4
16.4
16.4
16.3
16.4
16.3
16.4
16.4
16.4
16.4
16.4
16.4
16.4
16.4
16.4
16.3
16.4
16.3
16.4
16.4
16.4
16.4
16.4
16.4
16.4
16.4
16.4
16.4
16.4
16.4
16.4
16.4
16.4
16.4
16.4
16.4
16.4
16.4
16.4
16.4
16.4
16.5
16.4
16.4
16.4
16.5
16.5
16.4
16.4
16.4
16.4
16.4
16.4
16.4
16.4
16.4
16.5
16.4
16.4
16.4
16.4
16.4
16.5
16.5
16.5
16.5
16.5
16.5
16.4
16.5
16.4
16.4
16.4
16.4
16.4
16.4
16.5
16.5
16.4
16.4
16.4
16.4
16.4
16.4
16.4
16.4
16.4
16.4
16.4
16.4
16.4
16.4
16.4
16.4
16.4
16.4
16.4
16.4
16.4
16.4
16.3
16.4
16.4
16.4
16.4
16.4
16.3
16.4
16.3
16.4
16.4
16.4
16.4
16.3
16.3
16.4
16.3
16.4
16.3
16.4
16.4
16.4
16.4
16.4
16.4
16.4
16.4
16.4
16.4
16.4
16.4
16.4
16.4
16.3
16.3
16.4
16.3
16.4
16.4
16.3
16.4
16.4
16.4
16.3
16.3
16.4
16.4
16.4
16.4
16.4
16.4
16.4
16.4
16.3
16.4
16.3
16.4
16.4
16.4
16.4
