2629.5
2701.7
2725.4
2725.5
2843.1
2843.6
2837.3
2846.3
2831.1
2859.0
2847.7
2868.1
2850.8
2850.1
2850.1
2864.8
2884.5
2884.6
2867.9
2850.6
2880.6
2852.3
2911.2
2849.6
2841.9
2870.8
2865.2
2842.5
2852.7
2853.1
2844.6
2855.0
2854.9
2854.5
2849.4
2860.2
2838.6
2844.8
2866.7
2842.3
2858.5
2840.9
2841.1
2852.5
2844.8
2857.7
2864.2
2854.4
2919.7
2854.6
2854.6
2882.9
2866.2
2866.8
2843.1
2865.2
2844.4
2870.8
2870.3
2856.7
2857.1
2843.8
2843.5
2859.4
2849.6
2863.5
2848.3
2857.1
2847.3
2846.6
2839.8
2848.8
2849.1
2849.1
2867.7
2862.1
2862.2
2885.2
2845.2
2875.2
2851.9
2878.3
2861.9
2876.4
2899.3
2871.6
2843.1
2867.3
2850.6
2850.2
2856.9
2856.3
2856.9
2847.3
2860.8
2855.4
2855.5
2860.6
2860.3
2860.6
2845.4
2852.1
2852.3
2852.1
2852.6
2853.1
2875.8
2864.0
2918.0
2856.5
2862.9
2875.4
2895.6
2867.7
2854.8
2866.7
2844.6
2850.2
2872.1
2854.0
2859.4
2848.1
2865.8
2854.0
2853.8
2867.9
2862.1
2874.4
2851.9
2862.5
2872.5
2857.3
2845.4
2855.6
2856.1
2881.4
2876.2
2890.8
2881.0
2867.5
2892.0
2850.0
2872.9
2853.3
2881.0
2863.3
2863.1
2851.3
2867.9
2848.1
2842.5
2863.7
2874.4
2873.9
2885.8
2849.6
2865.0
2864.6
2864.3
2852.9
2880.6
2861.5
2861.5
2881.0
2880.5
2887.0
2893.5
2882.3
2888.5
2895.6
2869.4
2904.3
2858.5
2858.0
2865.0
2850.4
2872.3
2878.1
2866.7
2866.8
2883.9
2874.1
2874.1
2847.3
2857.7
2871.9
2861.0
2861.2
2872.3
2862.7
2854.0
2853.4
2865.8
2866.3
2881.4
2862.9
2893.5
2865.8
2886.6
2864.8
2893.3
2871.9
2872.4
2865.0
2864.6
2864.5
2891.6
2869.6
2876.0
2866.2
2866.0
2886.6
2855.4
2888.5
2871.6
2860.0
2867.1
2904.5
2878.5
2878.3
2864.0
2864.4
2897.4
2875.8
2889.3
2869.2
2889.3
2858.3
2919.5
2878.1
2866.4
2866.4
2880.4
2865.6
2849.4
2863.5
2862.8
2863.4
2863.9
2871.4
2847.7
2859.0
2872.3
2871.7
2871.7
2862.9
2852.1
2864.4
2872.3
2857.1
2857.1
2872.5
2860.8
2892.5
2861.7
2872.7
2896.0
2874.6
2901.6
2857.3
2876.4
2852.1
2865.2
2865.4
2845.9
2856.3
2871.4
2856.5
2870.8
2858.5
2871.4
2845.4
2873.1
2861.9
2862.2
2862.0
2850.8
2851.3
2876.6
2882.5
2881.9
2865.2
2865.6
2882.5
2870.2
2912.6
2886.2
2886.0
2901.0
2887.0
2874.4
2880.0
2873.3
2872.8
2859.4
2853.6
2869.8
2869.6
2887.5
2866.0
2851.1
2872.9
2865.0
2865.6
2859.4
2859.7
2867.1
2859.8
2866.0
2855.0
2873.9
2913.0
2875.6
2862.1
2893.9
2876.8
2912.6
2878.3
2894.7
2872.5
2860.2
2872.5
2867.1
2867.3
2867.5
2861.7
2869.4
2884.5
2859.0
2873.1
2860.0
2859.8
2871.4
2871.7
2871.5
2852.9
2858.8
2871.9
2858.1
2900.8
2883.5
2883.4
2870.8
2886.2
2860.0
2909.1
2864.8
2872.3
2897.7
2866.9
2867.1
2888.3
2857.9
2867.7
2877.5
2856.5
2871.9
2857.5
2891.2
2875.2
2865.4
2870.8
2886.6
2871.4
2871.6
2871.5
2890.6
2868.3
2877.7
2882.9
2892.2
2868.5
2889.5
2866.2
2883.9
2869.4
2869.3
2858.5
2858.4
2871.2
2880.4
2863.3
2854.8
2864.8
2865.0
2865.5
2859.6
2853.1
2861.5
2884.5
2875.8
2851.5
2882.3
2867.7
2867.3
2867.0
2867.0
2882.9
2882.6
2871.6
2895.4
2880.8
2880.3
2897.4
2852.3
2925.9
2857.1
2882.1
2899.1
2890.8
2882.9
2845.2
2867.3
2867.6
2858.8
2866.7
2866.2
2866.2
2855.2
2855.4
2866.9
2882.3
2894.1
2851.5
2861.7
2868.1
2857.9
2871.4
2871.3
2903.1
2875.0
2874.6
2881.8
2882.2
2882.8
2882.8
2883.2
2877.7
2878.2
2883.3
2865.2
2880.0
2880.5
2869.2
2869.2
2856.5
2861.9
2861.2
2855.6
2855.7
2841.3
2875.0
2875.3
2874.9
2875.3
2875.4
2906.8
2900.1
2870.8
2917.6
2860.6
2885.0
2869.4
2860.4
2881.2
2873.3
2860.0
2854.4
2886.2
2877.9
2872.7
2872.9
2883.5
2870.4
2858.3
2858.6
2858.6
2866.9
2873.3
2864.6
2864.6
2864.9
2870.6
2856.3
2856.4
2880.0
2865.4
2891.0
2873.9
2906.4
2868.1
2915.3
2883.1
2894.1
2894.4
2864.4
2885.8
2862.7
2873.7
2846.9
2871.6
2863.5
2875.8
2869.8
2852.5
2862.9
2873.3
2873.0
2865.8
2875.6
2855.2
2868.5
2857.9
2904.3
2870.6
2860.4
2884.1
2892.2
2872.3
2881.2
2890.6
2871.9
2871.4
2871.5
2864.6
2875.6
2854.6
2870.2
2870.1
2886.0
2877.5
2863.7
2863.8
2881.0
2875.4
2859.4
2871.2
2870.7
2861.5
2866.7
2866.6
2866.1
2852.1
2851.8
2858.3
2858.5
2876.6
2870.4
2892.0
2881.4
2864.6
2886.0
2855.6
2880.4
2861.0
2854.4
2881.6
2863.1
2872.9
2872.3
2862.9
2880.0
2858.8
2847.9
2855.8
2846.3
2861.2
2846.7
2878.3
2870.0
2862.1
2855.0
2872.5
2861.0
2884.8
2865.6
2902.4
2868.9
2853.6
2891.6
2868.5
2881.2
2874.1
2873.9
2851.9
2871.6
2880.2
2880.4
2900.4
2873.1
2854.4
2861.2
2861.1
2860.9
2871.0
2870.5
2865.0
2871.9
2878.3
2856.7
2869.2
2869.4
2862.1
2890.6
2882.1
2897.2
2867.3
2896.2
2865.6
2865.3
2904.1
2854.2
2861.7
2871.6
2844.6
2854.2
2860.2
2849.2
2879.6
2855.6
2855.5
2848.1
2856.9
2857.0
2864.2
2850.8
2883.3
2870.0
2869.9
2879.8
2870.2
2888.1
2887.8
2896.0
2860.8
2908.9
2881.8
2903.7
2864.6
2881.4
2856.0
2862.7
2881.8
2846.1
2864.0
2858.5
2884.5
2870.6
2895.6
2873.9
2859.8
2859.9
2860.3
2876.6
2876.7
2867.9
2874.8
2868.5
2868.1
2867.5
2867.0
2872.9
2890.8
2861.0
2908.1
2854.0
2898.9
2863.1
2881.2
2866.7
2856.0
2872.1
2872.4
2857.9
2872.9
2872.5
2865.4
2876.6
2875.9
2861.0
2870.4
2870.1
2862.7
2863.2
2863.4
2857.5
2873.3
2853.6
2876.2
2859.6
2901.6
2858.8
2899.7
2857.1
2857.5
2887.0
2880.6
2880.1
2855.8
2855.6
2855.8
2855.4
2864.0
2846.7
2866.2
2855.2
2855.2
2860.6
2870.8
2877.9
2851.7
2851.4
2859.6
2859.6
2859.7
2848.1
2869.4
2869.6
2883.1
2846.9
2896.4
2865.0
2856.9
2892.7
2856.5
2856.6
2867.3
2867.7
2855.2
2855.7
2865.2
2884.1
2871.9
2850.2
2850.2
2850.1
2850.4
2849.9
2868.9
2863.7
2863.9
2864.3
2859.2
2841.7
2863.1
2877.3
2877.8
2901.6
2866.2
2878.5
2866.2
2907.6
2866.4
2852.3
2872.9
2872.4
2858.1
2867.3
2867.7
2854.2
2890.0
2865.6
2838.8
2864.6
2852.9
2861.7
2872.1
2860.2
2895.6
2873.7
2881.6
2865.2
2858.8
2871.9
2890.0
2890.4
2863.1
2863.6
2878.5
2854.6
2906.2
2849.6
2888.1
2851.3
2850.7
2856.3
2867.7
2857.5
2849.8
2865.8
2856.5
2874.6
2862.1
2862.1
2876.8
2844.8
2853.1
2875.6
2867.1
2854.6
2873.5
2880.2
2880.4
2850.4
2910.3
2868.7
2911.2
2859.0
2881.0
2869.2
2869.7
2895.6
2871.2
2902.0
2888.5
2879.1
2862.9
2869.4
2861.7
2870.4
2870.4
2870.2
2870.0
2860.0
2860.6
2871.0
2886.8
2875.2
2887.5
2868.1
2876.4
2868.1
2878.9
2898.3
2865.4
2909.3
2872.9
2895.4
2874.1
2853.6
2908.3
2879.6
2879.0
2865.2
2853.6
2884.8
2879.1
2878.5
2869.4
2855.4
2855.5
2870.8
2858.3
2847.9
2874.4
2857.1
2870.8
2876.2
2856.5
2870.0
2861.7
2868.3
2867.9
2867.6
2900.1
2871.6
2890.6
2856.7
2872.9
2901.6
2878.5
2853.6
2872.1
2860.8
2873.1
2860.0
2872.3
2872.1
2872.5
2872.4
2872.9
2863.3
2869.6
2869.8
2878.1
2859.6
2865.8
2866.3
2873.3
2873.6
2873.2
2873.3
2861.2
2893.5
2879.3
2886.2
2864.6
2876.8
2867.1
2899.1
2861.0
2866.9
2888.1
2869.6
2869.7
2893.7
2856.3
2864.4
2874.4
2867.1
2867.7
2855.8
2889.3
2867.9
2862.7
2873.5
2859.0
2877.5
2851.3
2871.0
2878.3
2884.8
2884.4
2903.9
2857.5
2887.7
2896.6
2868.3
2909.7
2873.5
2860.4
2867.9
2867.7
2868.2
2867.9
2868.1
2868.0
2859.4
2870.6
2856.7
2874.6
2874.4
2874.4
2865.6
2865.2
2873.7
2863.7
2864.2
2882.7
2882.1
2872.9
2873.2
2872.6
2890.2
2880.2
2862.7
2863.2
2887.5
2863.7
2876.6
2913.5
2885.6
2896.2
2876.6
2876.2
2875.9
2876.3
2870.4
2870.2
2885.4
2867.7
2883.1
2866.4
2882.9
2865.0
2885.4
2860.6
2878.1
2878.2
2873.1
2893.5
2867.1
2912.4
2888.1
2902.2
2847.1
2903.5
2831.9
2862.1
2847.7
2861.7
2850.6
2850.5
2850.7
2851.0
2851.5
2842.1
2868.3
2852.9
2853.1
2853.4
2853.2
2853.6
2853.5
2865.0
2858.5
2858.5
2858.5
2892.9
2893.0
2862.3
2872.9
2886.6
2873.5
2873.2
2862.5
2856.7
2857.1
2867.9
2849.2
2855.8
2855.6
2864.8
2864.5
2864.6
2853.3
2866.4
2865.8
2860.6
2892.2
2848.6
2864.2
2863.8
2875.2
2865.2
2882.9
2882.9
2864.4
2917.4
2864.0
2856.5
2914.3
2861.9
2894.7
2862.7
2885.4
2875.0
2864.8
2864.5
2884.5
2898.3
2883.1
2882.9
