54.2
59.9
59.9
59.9
59.9
59.9
59.9
59.9
59.9
60.0
60.0
60.0
60.0
60.0
60.0
60.0
60.0
60.0
59.9
59.9
59.9
60.0
60.4
60.4
60.3
60.3
60.2
60.2
60.2
60.2
60.4
60.5
60.5
60.4
60.4
60.4
60.3
60.3
60.2
60.2
60.2
60.2
60.2
60.1
60.1
60.2
60.2
60.2
60.2
60.2
60.2
60.1
60.1
60.1
60.1
60.1
60.1
60.1
60.1
60.1
60.1
60.2
60.2
60.2
60.2
60.2
60.4
60.3
60.3
60.3
60.2
60.2
60.6
60.5
60.5
66.1
60.3
60.2
74.6
74.8
74.7
63.8
63.5
63.2
69.4
61.5
61.5
61.5
61.5
61.6
61.6
61.6
61.6
61.7
61.7
61.7
61.6
61.5
61.3
61.2
61.1
61.0
60.9
60.8
60.8
60.7
60.6
60.6
60.7
60.9
60.9
60.8
60.8
60.8
60.8
60.7
60.6
60.6
60.6
60.5
60.5
60.5
60.4
60.4
60.4
60.3
60.7
60.8
60.7
60.6
61.1
61.0
60.9
60.8
60.7
60.7
60.6
60.6
60.6
60.5
60.5
60.5
60.4
60.4
60.4
60.4
60.4
60.4
60.4
60.3
60.3
60.3
60.3
60.3
60.3
60.3
60.3
60.3
60.3
60.3
60.2
60.2
60.3
60.3
60.3
60.3
60.3
60.2
65.9
60.3
60.3
60.3
60.3
60.3
60.3
60.3
60.3
60.4
60.3
60.3
60.3
60.3
60.4
60.5
60.5
60.5
60.5
60.5
60.4
60.4
60.4
60.4
60.4
60.4
60.7
60.7
60.6
60.6
60.6
60.6
60.6
60.7
60.6
60.6
60.9
61.0
61.0
60.9
60.9
60.8
60.8
60.7
60.8
61.2
61.1
61.1
61.0
60.9
60.8
60.8
60.8
60.7
60.7
60.6
60.6
60.6
60.6
60.6
60.5
60.5
60.5
60.6
60.5
60.5
60.5
60.4
60.4
60.4
60.4
60.4
60.4
60.4
60.3
60.3
60.3
60.4
60.4
60.4
60.4
60.4
60.4
60.3
60.3
60.3
60.4
60.4
60.4
60.4
60.4
60.4
60.4
60.5
60.5
60.5
60.5
60.5
60.5
60.5
60.5
60.5
60.5
60.4
60.4
60.4
60.4
60.4
60.4
60.4
60.4
60.4
60.4
60.4
60.4
60.4
60.4
60.4
60.4
60.4
60.4
60.4
60.5
60.5
60.5
60.5
60.5
60.5
60.5
60.5
60.5
60.4
60.4
60.4
60.4
60.4
60.4
60.4
60.4
60.3
60.4
60.4
60.3
60.3
60.5
60.5
60.4
60.5
60.5
60.4
60.4
60.4
60.4
60.4
60.5
60.5
60.5
60.4
60.4
60.4
60.4
60.4
60.4
60.4
60.4
60.3
60.3
60.3
60.4
60.6
60.6
60.6
60.5
60.5
60.5
60.5
60.4
60.4
60.4
60.4
70.7
62.6
62.2
62.1
61.8
61.6
61.5
61.4
61.2
61.1
61.1
61.0
60.9
60.8
60.7
60.8
60.7
60.7
60.6
60.6
60.6
60.6
60.6
60.6
60.8
60.7
60.7
60.6
60.6
60.5
60.7
61.0
60.9
60.8
61.1
61.0
61.0
60.9
60.8
60.8
60.8
60.7
60.7
60.6
60.6
60.6
60.7
60.7
60.6
60.6
60.5
60.5
60.4
60.4
60.4
60.4
60.4
60.3
60.4
60.3
60.3
60.3
60.3
60.4
60.4
60.3
60.3
60.3
60.3
60.7
60.7
61.1
61.0
60.9
61.0
60.9
60.8
60.7
60.7
60.6
60.6
60.5
60.5
60.4
60.4
60.4
60.5
60.5
60.5
60.5
60.5
60.4
60.4
60.4
60.4
60.4
60.4
60.4
60.3
60.4
60.3
60.3
66.5
60.3
60.3
60.3
60.2
60.2
60.3
60.3
65.5
64.8
64.3
63.7
63.4
63.0
62.7
62.4
62.1
61.9
61.7
61.5
61.3
61.2
61.1
61.0
60.9
60.9
60.8
60.7
60.6
60.6
60.6
60.6
60.6
60.6
60.6
60.8
60.8
60.8
60.8
60.7
60.6
60.6
60.6
60.6
60.5
60.5
60.4
60.4
60.4
60.4
60.4
60.3
60.4
60.3
60.3
60.4
60.4
60.4
60.5
60.4
60.4
60.5
60.5
60.5
60.6
60.7
60.7
60.7
60.7
60.6
60.7
60.7
60.6
60.6
60.6
60.6
60.5
60.5
60.5
60.6
60.6
60.5
60.5
60.5
60.5
60.5
60.6
60.5
60.5
60.5
60.4
60.4
60.4
60.4
60.5
60.4
60.5
60.4
60.4
60.4
60.4
60.4
60.4
60.5
60.5
60.4
60.4
60.4
60.6
60.6
60.6
60.5
60.5
60.5
60.5
60.5
60.4
60.4
66.3
71.5
64.4
63.8
63.4
63.0
62.7
62.4
62.1
61.9
61.7
61.5
61.4
61.2
61.2
61.1
61.0
60.9
60.8
60.7
60.7
60.7
60.9
60.8
60.7
60.7
60.6
60.7
60.7
60.6
60.6
60.6
60.5
60.5
60.6
60.5
60.5
60.4
60.4
60.4
60.4
60.4
60.4
60.4
60.4
60.4
60.4
60.4
60.4
60.3
60.3
60.4
