54.2
66.5
59.9
59.9
59.9
60.0
60.2
60.1
60.1
60.1
60.1
70.9
63.0
62.6
62.3
62.0
61.7
61.5
61.3
61.1
61.0
60.9
60.8
61.2
61.5
61.3
61.1
61.0
60.8
60.8
60.7
60.6
61.2
61.3
61.2
61.0
60.9
60.8
60.7
60.6
60.5
60.4
60.3
60.3
60.2
60.2
60.1
60.0
60.0
60.0
59.9
60.0
60.0
60.0
60.0
59.9
59.9
59.9
60.0
60.1
60.1
60.1
60.0
60.0
60.1
60.2
60.1
60.2
60.1
60.1
60.1
60.1
60.1
60.2
60.1
60.1
60.3
60.3
60.2
60.2
60.2
60.1
60.1
60.1
60.1
60.1
60.1
60.0
60.0
60.0
60.0
60.0
60.0
60.0
59.9
60.0
60.0
60.0
60.0
60.0
60.0
60.0
60.0
60.0
60.0
59.9
60.0
60.0
60.0
60.0
60.1
60.1
60.1
60.1
60.0
60.1
60.0
60.1
60.0
60.0
60.0
60.1
60.1
60.1
60.0
60.1
60.1
60.1
60.1
60.0
60.1
60.0
60.0
60.1
60.0
60.0
60.0
60.0
60.0
60.0
60.0
60.1
60.1
60.1
60.1
60.1
60.1
60.1
60.1
60.1
60.0
60.1
60.1
60.0
60.0
60.1
60.1
60.1
60.1
60.1
60.1
60.1
60.1
60.0
60.0
60.0
60.1
60.0
60.2
60.1
60.1
60.1
60.1
63.4
61.8
61.6
61.6
