43.7
59.3
59.8
60.1
60.4
60.7
60.8
61.2
61.3
61.4
61.6
61.7
61.7
61.8
61.8
61.8
61.9
62.0
62.0
62.0
62.0
62.0
62.1
62.1
62.1
62.1
62.1
62.1
62.1
62.1
62.5
62.5
62.4
62.5
62.4
62.4
62.4
62.4
62.3
62.7
62.7
62.7
62.6
62.6
62.5
62.4
62.5
62.4
62.4
62.5
62.4
62.4
62.4
62.3
62.3
62.4
62.4
62.4
62.3
62.3
62.2
62.2
62.2
62.2
62.3
68.4
62.4
62.4
62.3
62.4
62.4
62.5
62.4
62.4
62.4
62.7
63.0
62.9
62.8
63.0
62.9
62.9
63.0
62.9
62.8
62.7
62.7
62.7
62.7
62.7
62.6
62.6
62.5
62.5
62.5
62.7
62.6
62.7
62.6
63.1
63.0
