ackermann-function:  38,484.6 102,424.5 91,052.1 625,083.2 883,237.5 461,865,888,051.7 160,572,125,325.6 1,348,203,948.8 181,980,944,346.4 184,814,629,569,331.22 6,342,326,157.6 1,355,496.7 113,359.5 976,276,787.2
array-concatenation:  21,198,346,120.8 2,994,400 20,354,716.8 1,770,300,000 219,700,527,608.8 10,682,094,548,543,196 454,042,337,469,520.8 1,463,956,179,128.1 13,624,772,921,837.1 747,353,916,521,546.4 8,952,047,025,696 16,690,067,046.4 23,161,852,670,800 11,319,818,031.9
call-an-object-method:  651,151.2 14.5 0 228.8 45.6 1,020,170,662,156.8 1,533,476,976,028,826.5 94,330,777,500 2,248,968,045,107.8 2,536,230,638,523,374 31,523,953,596.3 14.2 7,935,564 239.2
classes:  670,908 1,042.2 7,786,168 0 102.4 2,525,645,935,087.5 262,567,965,947,391 153,671,099,187.2 28,983,137,832,850 2,706,842,925,340,100 433,732,798,526.5 20.2 2,819,674,540.8 854,158,607,865,475.2
concurrent-computing:  363,675,876,435 43,080.8 182,885,908,170,536.1 197,121.1 -1 355,534,502,922.9 16,675,952,795,837,688 268,007,756,622,524.9 57,911,292,037.5 -1 33,650,382,496,204.8 33,566,787,897.7 567,265.4 46,807,476,117.6
exponentiation-operator:  121,581,857,928.3 3,884.8 6,186,752 15,297,678.5 26,780,544 3,269,575,041,075.2 2,634,703,592,283,473.5 1,409,931,120,844.8 5,423,437,038,616,038 6,833,872,621,601,587 3,963,867,088,864,243 4,374,239,641.6 75,220,585,689.6 55,330,078,153.6
factorial:  7,768,592 31,308,619.3 21,141,621.6 29,976,445.4 57,920,849.5 4,924,343,867,421.6 353,524,011,392,555.9 191,009,402,057.6 34,994,608,608,512 2,222,773,314,241,651.2 2,656,081,970,380.8 1,213,400,165.6 7,499,679.2 3,824,761.6
file-input-output:  38,456,507.7 128,600 38,793.3 1,455.3 38,165,844.6 250,959,384,000 3,251.2 7,762.5 3,872 1,226,888,945.1 1,058.4 945 4,162,099.2 495,045,758,800
function-composition:  139,998,914,600,224,448 16,099,056.4 345,945.6 76,866,239.2 5,086,549.6 669,164,419,048,446.4 658,528,567,607,444,480 279,059,283,313.2 1,931,552,105,262.5 59,493,308,099,001.6 7,955,670,926,131.2 514,746,554.4 1,142,569,010,287.5 -1
huffman-coding:  34,150,252.6 18,208.8 192,224,342.4 3,973,833.6 24,018,674.4 194,534,988.8 4,594,663,634.4 9,386,822.7 150,292,172.8 2,655,083,635,047.9 27,727,474,259.1 1,987,670,413 2,001,220,227.8 17,897,400,235,648.8
inheritance-multiple:  -1 -1 14,100 -1 331,518,485,403,503,740 41,525,329.4 75,724.8 -1 350,718.5 -1 58,207.1 -1 167,173.6 -1
inheritance-single:  45,241.7 -1 11,550 -1 5,000,300.8 37,623,398.4 47,368.3 28,900.8 98,969.6 7,511,961.6 69,427.2 -1 374,543.4 56,149.1
json:  1,114,112 947,362.5 14,779,123,652.7 2,530,105.2 185,200 739,219,236,454,400 1,890,151.2 74,240 396,813,184 7,047,415,200 2,627,926,400 229,024,800 8,890,425,000 337,305.6
lzw-compression:  84,272.4 22.7 31,754,426.4 243,648 0 3,969,657,298.8 6,448,437.5 1,093.5 489,931 -1 4,738,867.2 62,924.8 4,882,173,400 89,885.7
numerical-integration:  189,142,497,917,260.7 42,818,257,054.4 693,078,135,552 1,806,855,335,325 41,465,441,600 4,477,061,826,640,280.5 5,438,800,057,318,363,100 8,266,803,308,790,974 150,034,795,039,669,568 71,175,275,202,279.3 818,101,132,846,735,230 57,041,614,182.4 1,050,179,694,256,959,100 32,723,690,304,935,387,000
palindrome-detection:  74,105,580,820.8 8,877,033 65,637,500,000 32,579,661,004.8 4,747,784,132,736 212,557,823,953,904 8,306,105,215,744,114 822,058,169.9 61,952,256,000 748,045,334,231,642,500 15,052,886,547.4 1,956,412,833,758,947.2 1,977,383,749,829,265.8 6,012,500
regular-expressions:  1,242,552,441.6 15,333,427.7 1,699,444.8 18,514,978,463.7 4,377.6 2,984,309,993,217.6 463,347.3 11,025 2,894,400 11,275,696,147.2 37,112.6 9,300 988,596,900 240,667,954.3
sorting-algorithms-bubble-sort:  345,600 12,973,500 60,548,787.2 14,451,614.1 838,350 41,167,297,600 2,254,017,277,770.3 729,051,981,414.4 5,656,306,132,999.2 6,898,534,518,630.4 1,502,429,079,745.1 10,853,285,056.7 536,456,645,508,856.8 1,359,427.1
sorting-algorithms-insertion-sort:  217,485.4 39,376.4 1,128,857.6 326,419.2 1,544.4 70,202,700 267,303,752,179.2 2,740,031,078.4 46,580,821,875 418,372,547,862.5 8,974,465,637 157,157,825 12,764,473,344 166,100
sorting-algorithms-merge-sort:  68,505.6 41,022.8 21,729.6 264.8 5,663,692.8 280,402,705.8 141,411,143,212.5 11,129,812,268 27,997,355,926 197,871,075,000 3,669,939,270.2 1,512,589,663.2 904,067,044,213.9 470,377.7
sorting-algorithms-quick-sort:  27 362.4 1,493.1 7,600 37,642,192 1,799,755.2 1,948,271,767.2 211,519,832.1 2,084,158,207.1 52,599,552,940.8 2,985,894,175 32,308,633.6 4,263,601,366,201.3 8,385,509.6
sorting-algorithms-selection-sort:  39,445 604,777.6 2,736,800 635,236 34,608.7 388,363,339.8 135,894,195,158.4 6,367,818,456 143,652,341,550 429,766,279,124.4 156,255,789,875.2 1,727,900,000 15,408,366,439.2 305,510.4
synchronous-concurrency:  201.6 16 14.7 17.8 -1 166.4 6,337.5 -1 1,088.1 -1 16.7 174.4 -1 137,359.2
url-decoding:  140,804,308.8 375,148.8 171,100 7,645,560 14,882,400 1,011,346,440,408,699.9 5,502,278,627.2 1,181,286.4 51,078,896,179.2 476,609,401,505.6 125,050,621,132.8 17,396,531.2 19,007,472,047.2 2,371,029,926.4
url-encoding:  35,500.5 1,754,265.6 23,911.2 30,898,330 1,530.9 192,619,906,246.5 1,409.4 14.9 3,643,277.4 2,594,752,247,929.8 690,116 1,379.7 2,765,600 455,229.6
