ackermann-function:  5,497.8 11,380.5 10,116.9 44,648.8 58,882.5 1,097,068,617.7 524,745,507.6 14,342,595.2 579,557,147.6 105,487,802,265.6 45,958,885.2 79,735.1 12,595.5 11,094,054.4
array-concatenation:  113,969,602.8 149,720 616,809.6 17,703,000 673,927,998.8 1,443,136,253,518.4 203,332,887,357.6 2,349,849,404.7 14,697,705,417.3 228,758,468,479.2 10,507,097,448 94,829,926.4 21,249,406,120 71,193,824.1
call-an-object-method:  46,510.8 14.5 0 114.4 22.8 1,666,945,526.4 504,101,570,029.2 349,373,250 3,818,281,910.2 398,715,711,134 152,289,630.9 14.2 305,214 119.6
classes:  47,922 347.4 299,468 0 51.2 3,855,947,992.5 83,117,431,449 505,497,036.8 25,993,845,590 634,664,226,340 1,081,627,926.5 20.2 24,733,987.2 291,124,269,892.8
concurrent-computing:  119,473,922.5 6,154.4 82,866,292,782.3 17,920.1 -1 891,063,917.1 2,750,899,504,427.2 123,335,368,901.3 218,533,177.5 -1 28,179,880,560 2,242.5 43,635.8 193,419,322.8
exponentiation-operator:  403,926,438.3 971.2 237,952 493,473.5 743,904 4,924,058,796.8 611,442,003,314.8 2,596,558,233.6 792,089,533,900.4 1,044,295,938,508.8 660,864,803,078.4 34,173,747.2 280,673,827.2 185,671,403.2
factorial:  298,792 846,178.9 621,812.4 810,174.2 1,346,996.5 6,462,393,526.8 169,718,680,457.3 593,196,900.8 30,115,842,176 683,509,629,225.6 4,256,541,619.2 12,908,512.4 288,449.2 173,852.8
file-input-output:  986,064.3 12,860 5,541.9 485.1 978,611.4 674,622,000 812.8 1,552.5 968 13,482,296.1 352.8 315 148,646.4 1,207,428,680
function-composition:  4,721,557,944,090.4 519,324.4 28,828.8 1,671,005.2 231,206.8 210,296,800,455.2 25,816,550,400,166.4 795,040,693.2 3,418,676,292.5 42,678,126,326.4 9,749,596,723.2 6,599,314.8 2,218,580,602.5 -1
huffman-coding:  922,979.8 3,034.8 3,314,212.8 180,628.8 706,431.6 3,297,203.2 36,465,584.4 347,660.1 2,683,788.8 4,359,743,243.1 140,748,600.3 19,297,771 19,429,322.6 17,915,315,551.2
inheritance-multiple:  -1 -1 2,820 -1 12,071,459,250,755.7 1,122,306.2 9,465.6 -1 31,883.5 -1 8,315.3 -1 15,197.6 -1
inheritance-single:  6,463.1 -1 2,310 -1 227,286.4 1,045,094.4 6,766.9 4,816.8 12,371.2 312,998.4 8,678.4 -1 34,049.4 8,021.3
json:  69,632 63,157.5 86,427,623.7 120,481.2 18,520 288,757,514,240 105,008.4 9,280 5,835,488 50,338,680 23,890,240 3,817,080 59,269,500 28,108.8
lzw-compression:  9,363.6 22.7 835,642.8 20,304 0 30,772,537.2 257,937.5 364.5 37,687 -1 197,452.8 7,865.6 37,555,180 9,987.3
numerical-integration:  78,842,225,059.3 189,461,314.4 1,519,908,192 2,937,976,155 188,479,280 836,364,996,570.2 192,790,048,467,561 1,746,630,743,458.9 9,480,272,655,103.6 50,229,552,012.9 54,186,059,931,562.8 230,006,508.8 54,166,478,969,308.8 659,711,918,733,451.4
palindrome-detection:  291,754,255.2 328,779 262,550,000 156,632,985.6 6,705,909,792 63,984,895,832 1,142,046,640,415.8 9,904,315.3 258,134,400 29,026,632,037,237.3 89,070,334.6 581,055,192,681.6 554,044,200,008.2 240,500
regular-expressions:  13,506,004.8 494,626.7 94,413.6 104,604,398.1 1,094.4 4,542,328,756.8 35,642.1 2,205 144,720 68,754,244.8 5,301.8 1,860 10,984,410 3,945,376.3
sorting-algorithms-bubble-sort:  28,800 432,450 1,376,108.8 466,181.1 55,890 187,124,080 3,813,904,023.3 1,627,348,172.8 7,623,054,087.6 8,889,864,070.4 2,818,816,284.7 66,584,570.9 226,735,691,254.8 79,966.3
sorting-algorithms-insertion-sort:  19,771.4 5,625.2 70,553.6 27,201.6 514.8 1,560,060 768,114,230.4 24,464,563.2 207,025,875 1,086,681,942.5 60,231,313 2,857,415 75,979,008 16,610
sorting-algorithms-merge-sort:  8,563.2 5,860.4 3,621.6 132.4 235,987.2 4,450,836.6 479,359,807.5 70,890,524 142,118,558 232,789,500 30,839,825.8 15,434,588.4 1,819,048,378.7 36,182.9
sorting-algorithms-quick-sort:  27 181.2 497.7 1,520 990,584 99,986.4 19,100,703.6 3,585,081.9 20,234,545.7 230,699,793.6 31,430,465 850,227.2 5,929,904,542.7 322,519.6
sorting-algorithms-selection-sort:  5,635 43,198.4 136,840 45,374 4,944.1 5,628,454.2 462,225,153.6 46,143,612 486,957,090 1,110,507,181.2 513,999,308.8 17,279,000 86,563,856.4 25,459.2
synchronous-concurrency:  100.8 16 14.7 17.8 -1 83.2 1,267.5 -1 362.7 -1 16.7 87.2 -1 12,487.2
url-decoding:  2,607,487.2 31,262.4 17,110 294,060 496,080 359,909,765,270 41,061,780.8 73,830.4 224,030,246.4 1,140,213,879.2 434,203,545.6 543,641.6 104,436,659.6 21,953,980.8
url-encoding:  5,071.5 97,459.2 3,985.2 835,090 510.3 581,933,251.5 469.8 14.9 173,489.4 4,112,127,175.8 49,294 459.9 138,280 32,516.4
