ackermann-function:  785.4 1264.5 1124.1 3189.2 3925.5 2605863.7 1714854.6 152580.8 1845723.4 60209932.8 333035.4 4690.3 1399.5 126068.8
array-concatenation:  612739.8 7486 18691.2 177030 2067263.8 194965719.2 91058167.2 3771828.9 15855129.9 70020957.6 12332274 538806.4 19494868 447759.9
call-an-object-method:  3322.2 14.5 0 57.2 11.4 2723767.2 165713862.6 1293975 6482651.8 62681294 735698.7 14.2 11739 59.8
classes:  3423 115.8 11518 0 25.6 5886943.5 26311311 1662819.2 23312866 148807556 2697326.5 20.2 216964.8 99224359.2
concurrent-computing:  535757.5 879.2 37547028.9 1629.1 -1 2233242.9 453794045.6 56758108.1 824653.5 -1 19092060 448.5 3356.6 799253.4
exponentiation-operator:  1341948.3 242.8 9152 15918.5 20664 7415751.2 141898817.2 4781875.2 115684173.2 159580675.2 110180860.8 266982.4 1047290.4 623058.4
factorial:  11492 22869.7 18288.6 21896.6 31325.5 8480831.4 81478003.1 1842226.4 25917248 210181312.8 6821380.8 137324.6 11094.2 7902.4
file-input-output:  25283.7 1286 791.7 161.7 25092.6 1813500 203.2 310.5 242 148157.1 117.6 105 5308.8 2944948
function-composition:  159237730.4 16752.4 2402.4 36326.2 10509.4 66089503.6 1012096220.8 2265073.2 6050754.5 30615585.6 11948035.2 84606.6 4307923.5 -1
huffman-coding:  24945.4 505.8 57141.6 8210.4 20777.4 55884.8 289409.4 12876.3 47924.8 7158855.9 714459.9 187357 188634.2 17933248.8
inheritance-multiple:  -1 -1 564 -1 439553553.9 30332.6 1183.2 -1 2898.5 -1 1187.9 -1 1381.6 -1
inheritance-single:  923.3 -1 462 -1 10331.2 29030.4 966.7 802.8 1546.4 13041.6 1084.8 -1 3095.4 1145.9
json:  4352 4210.5 505424.7 5737.2 1852 112795904 5833.8 1160 85816 359562 217184 63618 395130 2342.4
lzw-compression:  1040.4 22.7 21990.6 1692 0 238546.8 10317.5 121.5 2899 -1 8227.2 983.2 288886 1109.7
numerical-integration:  32864620.7 838324.4 3333132 4777197 856724 156242293.4 6833860851 369032483.3 599031508.6 35447813.7 3588956148.6 927445.6 2793814677.6 13299839097.1
palindrome-detection:  1148638.8 12177 1050200 753043.2 9471624 19260956 157025524.6 119329.1 1075560 1126329286.3 527043.4 172573564.8 155237937.8 9620
regular-expressions:  146804.4 15955.7 5245.2 590985.3 273.6 6913742.4 2741.7 441 7236 419233.2 757.4 372 122049 64678.3
sorting-algorithms-bubble-sort:  2400 14415 31275.2 15038.1 3726 850564 6453306.3 3632473.6 10273657.8 11456010.4 5288585.9 408494.3 95830807.8 4703.9
sorting-algorithms-insertion-sort:  1797.4 803.6 4409.6 2266.8 171.6 34668 2207224.8 218433.6 920115 2822550.5 404237 51953 452256 1661
sorting-algorithms-merge-sort:  1070.4 837.2 603.6 66.2 9832.8 70648.2 1624948.5 451532 721414 273870 259158.2 157495.8 3660057.1 2783.3
sorting-algorithms-quick-sort:  27 90.6 165.9 304 26068 5554.8 187261.8 60764.1 196451.9 1011841.2 330847 22374.4 8247433.3 12404.6
sorting-algorithms-selection-sort:  805 3085.6 6842 3241 706.3 81571.8 1572194.4 334374 1650702 2869527.6 1690787.2 172790 486313.8 2121.6
synchronous-concurrency:  50.4 16 14.7 17.8 -1 41.6 253.5 -1 120.9 -1 16.7 43.6 -1 1135.2
url-decoding:  48286.8 2605.2 1711 11310 16536 128081767 306431.2 4614.4 982588.8 2727784.4 1507651.2 16988.8 573827.8 203277.6
url-encoding:  724.5 5414.4 664.2 22570 170.1 1758106.5 156.6 14.9 8261.4 6516841.8 3521 153.3 6914 2322.6
