ackermann-function: 0 0.43 0.37 1.21 1.36 7.08 6.62 4.54 6.67 9.68 5.22 1.55 0.47 4.4
array-concatenation: 3.85 0 0.83 2.77 4.87 9.55 8.18 5.69 6.66 8.4 6.48 3.75 6.89 3.58
call-an-object-method: 4.66 0.01 0 1.21 0.51 10.86 14.03 9.82 11.2 14.25 9.35 0 5.75 1.23
classes: 4.52 1.71 5.59 0 0.7 11.1 13.11 9.88 12.16 14.13 10.33 0 8.14 13.63
concurrent-computing: 6.93 0 9.63 0.66 -1 6.92 11.59 9.79 6.13 -1 8.89 5.89 1.12 6.04
exponentiation-operator: 7.5 0 3.2 3.6 3.84 8.93 11.83 8.56 12.14 12.25 12.01 6.05 7.29 7.15
factorial: 0.31 0.91 0.74 0.89 1.18 6.11 7.97 4.7 6.96 8.76 5.84 2.5 0.29 0
file-input-output: 4.61 2.13 1.61 0.19 4.61 8.42 0.54 0.91 0.61 6.11 0.05 0 3.64 8.72
function-composition: 11.61 1.67 0 2.35 1.17 9.29 12.28 5.91 6.75 8.24 7.36 3.17 6.52 -1
huffman-coding: 3.27 0 4.02 2.34 3.12 4.03 5.4 2.71 3.92 8.16 6.18 5.04 5.04 8.99
inheritance-multiple: -1 -1 0 -1 13.37 3.47 0.73 -1 1.4 -1 0.62 -1 1.07 -1
inheritance-single: 0.59 -1 0 -1 2.64 3.51 0.61 0.4 0.93 2.81 0.78 -1 1.51 0.69
json: 1.18 1.11 5.3 1.53 0.4 10 1.41 0 3.73 4.98 4.55 3.49 5.08 0.66
lzw-compression: 3.57 0 6.15 4.03 0 8.24 5.45 1.68 4.33 -1 5.32 3.44 8.33 3.6
numerical-integration: 3.66 0.01 1.22 1.64 0 5.03 8.12 5.3 6.56 3.23 7.3 0.14 7.4 8.9
palindrome-detection: 4.09 0.17 4.04 3.73 5.9 7.55 9.14 2.14 4.01 11.09 3.4 8.51 8.52 0
regular-expressions: 5.45 3.54 2.59 6.63 0 8.83 2.02 0.4 2.82 6.41 0.93 0.33 5.35 4.74
sorting-algorithms-bubble-sort: 0 1.57 2.24 1.62 0.38 5.08 6.81 6.32 7.21 7.3 6.64 4.5 9.19 0.59
sorting-algorithms-insertion-sort: 2.15 1.41 2.86 2.33 0 4.66 8.24 6.25 7.48 8.43 6.76 5.01 6.92 2.03
sorting-algorithms-merge-sort: 2.41 2.19 1.91 0 4.33 6.02 8.73 7.62 8.02 8.87 7.14 6.76 9.53 3.25
sorting-algorithms-quick-sort: 0 1.13 1.74 2.45 6.14 4.82 7.86 6.89 7.89 9.29 8.04 6.08 11.2 5.49
sorting-algorithms-selection-sort: 0.06 1.24 1.9 1.26 0 4.05 6.59 5.26 6.62 7.09 6.65 4.7 5.65 0.95
synchronous-concurrency: 1.14 0.04 0 0.08 -1 1.05 2.63 -1 1.87 -1 0.06 1.07 -1 3.97
url-decoding: 2.92 0.34 0 1.65 1.94 9.77 4.51 0.84 5.47 6.44 5.86 2.01 5.05 4.14
url-encoding: 3.38 5.07 3.21 6.32 2.01 10.11 1.98 0 5.39 11.24 4.67 1.97 5.27 4.49
