ackermann-function: 0 0.21 0.16 0.61 0.7 3.52 3.34 2.29 3.37 4.88 2.63 0.78 0.25 2.21
array-concatenation: 1.91 0 0.4 1.37 2.44 4.42 4.09 2.7 3.33 3.97 3.22 1.86 3.42 1.78
call-an-object-method: 2.46 0.1 0 0.7 0 5.38 7.16 5.06 5.75 6.74 4.81 0.1 3.01 0.72
classes: 2.23 0.76 2.76 0 0.1 5.46 6.11 4.92 6.06 6.87 5.13 0 4.03 6.69
concurrent-computing: 3.36 0 4.63 0.27 -1 3.4 5.71 4.81 2.97 -1 4.24 2.78 0.58 2.96
exponentiation-operator: 3.74 0 1.58 1.82 1.93 4.48 5.77 4.29 5.68 5.82 5.66 3.04 3.63 3.41
factorial: 0.16 0.46 0.36 0.44 0.6 3.03 4.01 2.37 3.52 4.42 2.94 1.24 0.15 0
file-input-output: 2.38 1.09 0.88 0.19 2.38 4.24 0.29 0.47 0.36 3.15 0.05 0 1.7 4.45
function-composition: 4.82 0.84 0 1.18 0.64 4.44 5.62 2.97 3.4 4.11 3.7 1.55 3.25 -1
huffman-coding: 1.69 0 2.05 1.21 1.61 2.04 2.76 1.41 1.98 4.15 3.15 2.57 2.57 4.55
inheritance-multiple: -1 -1 0 -1 5.89 1.73 0.32 -1 0.71 -1 0.32 -1 0.39 -1
inheritance-single: 0.3 -1 0 -1 1.35 1.8 0.32 0.24 0.52 1.45 0.37 -1 0.83 0.39
json: 0.57 0.56 2.64 0.69 0.2 4.99 0.7 0 1.87 2.49 2.27 1.74 2.53 0.31
lzw-compression: 1.66 0 2.99 1.87 0 4.02 2.66 0.73 2.11 -1 2.56 1.64 4.1 1.69
numerical-integration: 1.59 0 0.6 0.76 0.01 2.27 3.91 2.64 2.85 1.63 3.63 0.04 3.52 4.2
palindrome-detection: 2.08 0.1 2.04 1.89 2.99 3.3 4.21 1.09 2.05 5.07 1.74 4.25 4.21 0
regular-expressions: 2.73 1.77 1.28 3.33 0 4.4 1 0.21 1.42 3.19 0.44 0.13 2.65 2.37
sorting-algorithms-bubble-sort: 0 0.78 1.11 0.8 0.19 2.55 3.43 3.18 3.63 3.68 3.34 2.23 4.6 0.29
sorting-algorithms-insertion-sort: 1.02 0.67 1.41 1.12 0 2.31 4.11 3.1 3.73 4.22 3.37 2.48 3.42 0.99
sorting-algorithms-merge-sort: 1.21 1.1 0.96 0 2.17 3.03 4.39 3.83 4.04 3.62 3.59 3.38 4.74 1.62
sorting-algorithms-quick-sort: 0 0.53 0.79 1.05 2.98 2.31 3.84 3.35 3.86 4.57 4.09 2.92 5.48 2.66
sorting-algorithms-selection-sort: 0.06 0.64 0.99 0.66 0 2.06 3.35 2.68 3.37 3.61 3.38 2.39 2.84 0.48
synchronous-concurrency: 0.54 0.04 0 0.08 -1 0.45 1.24 -1 0.92 -1 0.06 0.47 -1 1.89
url-decoding: 1.45 0.18 0 0.82 0.99 4.87 2.25 0.43 2.76 3.2 2.95 1 2.53 2.07
url-encoding: 1.69 2.56 1.65 3.18 1.06 5.07 1.02 0 2.74 5.64 2.37 1.01 2.67 2.19
