ackermann-function: 0 0.32 0.26 0.91 1.03 5.3 4.98 3.42 5.02 7.28 3.92 1.16 0.36 3.3
array-concatenation: 2.88 0 0.61 2.07 3.65 6.98 6.13 4.2 4.99 6.18 4.85 2.8 5.15 2.68
call-an-object-method: 3.52 0.01 0 0.91 0.21 8.07 10.55 7.39 8.43 10.45 7.03 0 4.33 0.93
classes: 3.38 1.24 4.17 0 0.4 8.28 9.61 7.4 9.11 10.5 7.73 0 6.09 10.16
concurrent-computing: 4.73 0.44 7.57 0.9 -1 5.6 9.09 7.74 4.99 -1 7.1 0 1.29 4.94
exponentiation-operator: 5.62 0 2.39 2.71 2.88 6.71 8.8 6.43 8.91 9.03 8.83 4.55 5.46 5.28
factorial: 0.24 0.69 0.55 0.67 0.89 4.57 5.99 3.53 5.24 6.59 4.39 1.87 0.22 0
file-input-output: 3.5 1.61 1.25 0.19 3.49 6.33 0.41 0.69 0.49 4.63 0.05 0 2.67 6.58
function-composition: 8.21 1.26 0 1.76 0.9 6.86 8.95 4.44 5.07 6.17 5.53 2.36 4.89 -1
huffman-coding: 2.48 0 3.04 1.77 2.37 3.04 4.08 2.06 2.95 6.16 4.67 3.8 3.81 6.77
inheritance-multiple: -1 -1 0 -1 9.63 2.6 0.53 -1 1.05 -1 0.47 -1 0.73 -1
inheritance-single: 0.45 -1 0 -1 1.99 2.66 0.47 0.32 0.73 2.13 0.57 -1 1.17 0.54
json: 0.88 0.83 3.97 1.11 0.3 7.49 1.05 0 2.8 3.73 3.41 2.61 3.81 0.48
lzw-compression: 2.62 0 4.57 2.95 0 6.13 4.06 1.21 3.22 -1 3.94 2.54 6.22 2.64
numerical-integration: 2.62 0 0.91 1.19 0 3.65 6.01 3.97 4.7 2.43 5.46 0.09 5.46 6.54
palindrome-detection: 3.08 0.14 3.04 2.81 4.45 5.42 6.68 1.61 3.03 8.08 2.57 6.38 6.36 0
regular-expressions: 4.09 2.66 1.94 4.98 0 6.62 1.51 0.3 2.12 4.8 0.69 0.23 4 3.56
sorting-algorithms-bubble-sort: 0 1.18 1.68 1.21 0.29 3.81 5.12 4.75 5.42 5.49 4.99 3.36 6.9 0.44
sorting-algorithms-insertion-sort: 1.58 1.04 2.14 1.72 0 3.48 6.17 4.68 5.6 6.32 5.07 3.74 5.17 1.51
sorting-algorithms-merge-sort: 1.81 1.65 1.44 0 3.25 4.53 6.56 5.73 6.03 6.25 5.37 5.07 7.14 2.44
sorting-algorithms-quick-sort: 0 0.83 1.27 1.75 4.56 3.57 5.85 5.12 5.87 6.93 6.07 4.5 8.34 4.08
sorting-algorithms-selection-sort: 0.06 0.94 1.44 0.96 0 3.06 4.97 3.97 4.99 5.35 5.02 3.54 4.24 0.71
synchronous-concurrency: 0.84 0.04 0 0.08 -1 0.75 1.94 -1 1.39 -1 0.06 0.77 -1 2.93
url-decoding: 2.18 0.26 0 1.24 1.46 7.32 3.38 0.63 4.12 4.82 4.4 1.5 3.79 3.11
url-encoding: 2.53 3.82 2.43 4.75 1.53 7.59 1.5 0 4.07 8.44 3.52 1.49 3.97 3.34
