ackermann-function: 2.9 3.1 3.05 3.5 3.59 6.42 6.23 5.18 6.27 7.78 5.52 3.67 3.15 5.1
array-concatenation: 5.79 3.87 4.27 5.25 6.32 8.29 7.96 6.58 7.2 7.85 7.09 5.73 7.29 5.65
call-an-object-method: 3.52 1.16 0 1.76 1.06 6.44 8.22 6.11 6.81 7.8 5.87 1.15 4.07 1.78
classes: 3.53 2.06 4.06 0 1.41 6.77 7.42 6.22 7.37 8.17 6.43 1.31 5.34 8
concurrent-computing: 6.31 2.94 7.57 3.21 -1 6.35 8.66 7.75 5.92 -1 7.19 5.73 3.53 5.9
exponentiation-operator: 6.13 2.39 3.96 4.2 4.32 6.87 8.15 6.68 8.06 8.2 8.04 5.43 6.02 5.79
factorial: 4.06 4.36 4.26 4.34 4.5 6.93 7.91 6.27 7.41 8.32 6.83 5.14 4.05 3.9
file-input-output: 4.4 3.11 2.9 2.21 4.4 6.26 2.31 2.49 2.38 5.17 2.07 2.02 3.72 6.47
function-composition: 8.2 4.22 3.38 4.56 4.02 7.82 9.01 6.36 6.78 7.49 7.08 4.93 6.63 -1
huffman-coding: 4.4 2.7 4.76 3.91 4.32 4.75 5.46 4.11 4.68 6.85 5.85 5.27 5.28 7.25
inheritance-multiple: -1 -1 2.75 -1 8.64 4.48 3.07 -1 3.46 -1 3.07 -1 3.14 -1
inheritance-single: 2.97 -1 2.66 -1 4.01 4.46 2.99 2.9 3.19 4.12 3.04 -1 3.49 3.06
json: 3.64 3.62 5.7 3.76 3.27 8.05 3.77 3.06 4.93 5.56 5.34 4.8 5.6 3.37
lzw-compression: 3.02 1.36 4.34 3.23 0 5.38 4.01 2.08 3.46 -1 3.92 2.99 5.46 3.05
numerical-integration: 7.52 5.92 6.52 6.68 5.93 8.19 9.83 8.57 8.78 7.55 9.55 5.97 9.45 10.12
palindrome-detection: 6.06 4.09 6.02 5.88 6.98 7.28 8.2 5.08 6.03 9.05 5.72 8.24 8.19 3.98
regular-expressions: 5.17 4.2 3.72 5.77 2.44 6.84 3.44 2.64 3.86 5.62 2.88 2.57 5.09 4.81
sorting-algorithms-bubble-sort: 3.38 4.16 4.5 4.18 3.57 5.93 6.81 6.56 7.01 7.06 6.72 5.61 7.98 3.67
sorting-algorithms-insertion-sort: 3.25 2.91 3.64 3.36 2.23 4.54 6.34 5.34 5.96 6.45 5.61 4.72 5.66 3.22
sorting-algorithms-merge-sort: 3.03 2.92 2.78 1.82 3.99 4.85 6.21 5.65 5.86 5.44 5.41 5.2 6.56 3.44
sorting-algorithms-quick-sort: 1.43 1.96 2.22 2.48 4.42 3.74 5.27 4.78 5.29 6.01 5.52 4.35 6.92 4.09
sorting-algorithms-selection-sort: 2.91 3.49 3.84 3.51 2.85 4.91 6.2 5.52 6.22 6.46 6.23 5.24 5.69 3.33
synchronous-concurrency: 1.7 1.2 1.17 1.25 -1 1.62 2.4 -1 2.08 -1 1.22 1.64 -1 3.06
url-decoding: 4.68 3.42 3.23 4.05 4.22 8.11 5.49 3.66 5.99 6.44 6.18 4.23 5.76 5.31
url-encoding: 2.86 3.73 2.82 4.35 2.23 6.25 2.19 1.17 3.92 6.81 3.55 2.19 3.84 3.37
