16.4
16.5
16.6
16.7
16.8
16.8
16.9
16.9
17.0
17.0
17.1
17.1
17.2
17.3
17.3
17.3
17.3
17.2
17.3
17.2
17.3
17.3
17.3
17.3
17.3
17.4
17.4
17.4
17.4
17.4
17.3
17.3
17.3
17.4
17.4
17.4
17.4
17.3
17.4
17.4
17.4
17.4
17.4
17.4
17.4
17.4
17.3
17.3
17.4
17.4
17.4
17.4
17.4
17.4
17.4
17.4
17.5
17.5
17.5
17.6
17.6
17.6
17.6
17.7
17.7
17.7
17.7
17.6
17.6
17.6
17.6
17.6
17.6
17.6
17.6
17.5
17.6
17.6
17.6
17.6
17.5
17.5
17.5
17.5
17.6
17.5
17.5
17.5
17.5
17.5
17.5
17.5
17.5
17.6
17.6
17.5
17.5
17.6
17.5
17.5
17.5
17.5
17.5
17.5
17.5
17.5
17.5
17.5
17.5
17.5
17.5
17.5
17.5
17.5
17.6
17.6
17.6
17.6
17.7
17.6
17.7
17.7
17.7
17.7
17.7
17.7
17.7
17.6
17.6
17.6
17.6
17.6
17.5
17.5
17.5
17.5
17.5
17.5
17.5
17.5
17.5
17.5
17.5
17.5
17.5
17.5
17.6
17.6
17.6
17.6
17.6
17.5
17.5
17.5
17.5
17.5
17.5
17.5
17.5
17.5
17.5
17.5
17.5
17.5
17.5
17.5
17.5
17.5
17.5
17.5
17.4
17.4
17.5
17.5
17.5
17.5
17.6
17.6
17.6
17.6
17.5
17.5
17.5
17.5
17.5
17.5
17.5
17.5
17.5
17.5
17.5
17.5
17.5
17.5
17.4
17.5
17.4
17.5
17.4
17.5
17.5
17.4
17.4
17.4
17.5
17.5
17.5
17.4
17.5
17.4
17.5
17.5
17.5
17.5
17.4
17.5
17.5
17.5
17.5
17.5
17.5
17.5
17.5
17.5
17.5
17.5
17.5
17.5
17.5
17.5
17.5
17.5
17.5
17.5
17.6
17.6
17.6
17.6
17.7
17.7
17.7
17.7
17.7
17.7
17.7
17.7
17.7
17.8
17.7
17.7
17.7
17.6
17.6
17.6
17.6
17.6
17.6
17.5
17.5
17.6
17.6
17.6
17.6
17.5
17.5
17.5
17.5
17.5
17.5
17.5
17.5
17.5
17.5
17.5
17.5
17.5
17.5
17.5
17.5
17.6
17.6
17.6
17.6
17.7
17.7
17.7
17.7
17.6
17.6
17.6
17.6
17.6
17.6
17.6
17.5
17.5
17.6
17.5
17.5
17.5
17.5
17.5
17.5
17.5
17.5
17.5
17.5
17.5
17.5
17.5
17.5
17.5
17.5
17.5
17.5
17.5
17.5
17.5
17.5
17.5
17.5
17.5
17.5
17.5
17.5
17.5
17.5
17.6
17.5
17.5
17.5
17.5
17.5
17.5
17.5
17.5
17.5
17.5
17.5
17.6
17.6
17.6
17.6
17.6
17.6
17.6
17.5
17.6
17.5
17.5
17.5
17.5
17.5
17.5
17.5
17.5
17.5
17.5
17.5
17.5
17.5
17.5
17.5
17.7
23.2
22.7
22.1
21.6
21.1
20.7
20.3
20.0
19.6
19.4
19.2
19.0
18.8
18.6
18.5
18.3
18.3
18.1
18.1
18.0
17.9
17.9
17.8
17.8
17.8
17.7
17.7
17.7
17.7
17.7
17.6
17.6
17.6
17.6
17.6
17.6
17.7
17.7
17.7
17.7
17.7
17.7
17.7
17.7
17.7
17.7
17.6
17.6
17.6
17.6
17.6
17.6
17.6
17.6
