42.2
58.9
59.0
59.1
59.2
59.2
59.5
60.2
60.3
60.9
60.8
60.7
60.6
60.6
60.5
60.4
60.4
60.4
60.3
60.3
60.3
60.3
60.2
60.2
60.2
60.2
60.2
60.2
60.1
60.1
60.1
60.2
60.1
60.1
60.1
60.1
60.1
60.1
60.1
60.2
60.1
60.1
65.9
60.1
60.0
60.1
60.1
60.0
60.1
60.5
60.6
61.2
61.0
60.9
60.8
60.7
60.6
60.5
60.4
60.4
60.3
60.3
60.3
60.3
60.2
60.2
60.2
60.2
60.1
60.2
60.2
60.1
60.1
60.1
60.1
60.2
60.1
60.1
60.1
60.1
60.1
60.2
60.2
67.4
67.2
60.1
60.1
60.1
60.1
60.1
60.2
60.1
60.1
60.1
60.1
60.1
60.1
60.1
60.1
60.1
60.1
60.1
60.1
60.2
60.1
60.2
60.2
60.2
60.3
60.3
60.3
60.2
60.2
60.2
60.2
60.3
60.3
60.2
60.2
60.2
60.2
60.2
66.5
66.9
60.3
60.2
60.4
66.3
61.1
60.9
60.8
60.7
60.7
60.6
60.5
60.5
60.5
60.4
60.4
60.4
60.3
60.3
60.4
60.4
60.4
60.4
60.3
60.3
60.3
60.3
60.2
60.3
60.3
60.3
60.3
60.2
60.2
60.3
60.3
