42.1
43.3
43.6
43.9
44.2
44.4
44.6
44.8
45.0
45.2
45.3
45.4
45.5
45.6
45.9
45.9
45.9
46.0
46.0
46.1
46.1
46.2
46.1
46.1
46.2
46.2
46.1
46.2
46.2
46.2
46.2
46.1
46.1
46.2
46.2
46.1
46.1
46.1
46.1
46.1
46.1
46.1
46.1
46.1
46.1
46.1
46.1
46.1
46.1
46.2
46.1
46.1
46.1
46.1
46.1
46.1
46.1
46.2
46.2
46.2
46.2
46.2
46.2
46.2
46.2
46.1
46.1
46.1
46.1
46.1
46.1
46.1
46.1
46.1
46.1
46.1
46.1
46.1
46.1
46.1
46.1
46.1
46.2
46.2
46.2
46.3
46.3
46.2
46.2
46.2
46.2
46.2
46.1
46.1
46.1
46.1
46.1
46.1
46.1
46.1
46.0
46.1
46.1
46.1
46.1
46.1
46.1
46.1
46.1
46.0
46.0
46.1
46.0
46.1
46.0
46.0
46.0
46.1
46.1
46.0
46.0
46.1
46.0
46.0
46.1
46.0
46.0
46.1
46.1
46.1
46.1
46.1
46.1
46.1
46.1
46.1
46.1
46.1
46.1
46.1
46.1
46.6
46.5
46.4
46.4
46.3
46.2
46.2
46.2
46.1
46.1
46.1
46.1
46.1
46.1
46.1
46.0
46.1
46.0
46.0
46.1
46.0
46.0
46.0
46.0
46.0
46.0
45.9
45.9
45.9
45.9
46.0
46.0
46.0
46.1
46.1
46.1
46.0
46.0
46.0
46.0
46.0
46.0
46.0
46.0
46.1
46.1
46.1
46.1
46.1
46.1
46.0
46.1
46.1
46.1
46.1
46.1
46.0
46.0
46.1
46.1
46.1
46.1
46.2
46.2
46.2
46.2
46.2
46.1
46.1
46.1
46.1
46.1
46.1
46.1
46.0
46.0
46.1
46.0
46.0
46.1
46.0
46.0
46.0
46.0
46.0
46.0
46.0
46.0
46.1
46.0
46.0
46.0
46.4
46.3
46.3
46.2
46.2
46.2
46.2
46.2
46.2
46.1
46.1
46.1
46.1
46.1
46.1
46.1
46.1
46.1
46.1
46.0
46.1
46.1
46.0
46.0
46.1
46.1
46.1
46.1
46.1
46.1
46.1
46.1
46.1
46.1
46.1
46.1
46.1
46.1
46.1
46.1
46.1
46.1
46.1
46.1
46.1
46.1
46.1
46.1
46.1
46.1
46.1
46.1
46.1
46.1
46.1
46.1
46.1
46.1
46.1
46.1
46.1
46.1
46.1
46.1
46.1
46.1
46.1
46.1
46.1
46.1
46.1
46.1
46.1
46.1
46.1
46.0
46.0
46.1
46.0
46.0
46.0
46.0
46.0
46.0
46.0
46.0
46.1
46.1
46.1
46.1
46.2
46.2
46.2
46.2
46.2
46.2
46.2
46.2
46.2
46.2
46.2
46.2
46.1
46.1
46.1
46.1
46.1
46.1
46.1
46.1
46.1
46.2
46.2
46.1
46.1
46.1
46.1
46.1
46.1
46.1
46.5
46.4
46.4
46.3
46.3
46.3
46.4
46.4
46.3
46.3
46.2
46.3
46.3
46.2
46.2
46.2
46.2
46.2
46.2
46.1
46.1
46.1
46.1
46.1
46.1
