60.9
61.0
61.4
61.3
61.3
61.2
61.2
61.3
61.4
61.3
61.2
61.1
61.0
60.9
61.0
61.0
60.9
60.9
60.9
60.9
60.8
60.8
60.8
60.7
60.7
60.7
60.7
60.7
60.7
60.7
60.8
60.7
60.7
60.7
60.7
60.7
60.7
60.6
60.6
60.6
60.6
60.7
60.6
60.8
60.8
60.8
60.8
61.1
61.1
61.1
61.0
61.0
60.9
60.9
60.9
60.9
60.9
60.9
60.8
60.8
60.9
60.8
60.9
60.9
60.9
60.9
60.9
60.9
61.0
61.0
60.9
61.0
61.1
61.0
61.3
66.7
60.9
60.9
60.9
60.9
61.0
60.9
61.0
60.9
61.0
60.9
61.4
61.3
61.5
61.5
61.3
61.4
61.4
61.4
61.6
67.8
60.7
60.7
60.7
60.7
60.7
60.6
60.7
60.7
60.8
60.8
60.7
60.8
60.8
60.7
60.8
60.8
60.8
60.8
60.8
60.9
61.0
60.9
60.9
60.9
60.9
60.9
60.9
61.0
61.0
61.0
61.0
61.0
61.0
61.0
61.0
61.0
61.0
61.0
61.0
61.1
61.0
61.1
61.3
61.3
61.2
61.2
61.2
61.2
61.1
61.2
61.1
61.2
61.2
61.2
61.3
61.3
61.2
61.2
61.2
61.2
61.2
61.2
68.8
61.9
61.7
61.6
61.6
61.5
61.5
61.4
61.3
61.3
61.3
61.3
61.5
61.4
61.5
61.4
61.4
61.3
61.3
61.6
61.5
61.5
61.6
67.6
62.1
62.0
62.0
61.8
61.8
61.7
61.6
61.5
61.4
61.4
61.3
61.3
61.2
61.2
61.2
61.1
61.0
61.1
61.0
61.0
60.9
60.9
60.9
60.9
60.9
60.9
61.1
61.6
61.6
61.5
61.4
61.4
61.3
61.3
61.3
61.3
61.2
61.1
61.1
61.1
61.1
61.1
61.1
61.1
61.1
61.0
61.0
61.0
61.0
61.1
61.0
61.1
61.1
61.1
61.0
61.1
61.3
61.8
61.7
61.6
61.7
61.7
61.6
61.5
61.4
61.3
61.2
61.2
61.2
61.2
61.2
61.1
61.1
61.1
61.0
61.0
61.0
61.0
61.0
61.0
61.0
61.0
61.2
67.4
61.1
61.1
61.0
61.0
61.1
61.2
61.4
61.9
61.8
61.7
61.9
61.8
61.7
61.7
61.6
61.5
61.5
61.4
61.4
61.3
61.3
61.2
61.2
61.1
61.1
61.1
61.1
61.1
61.3
61.7
61.7
61.6
61.5
61.5
61.5
61.4
61.3
61.3
61.3
61.2
61.2
61.2
61.1
61.1
61.1
61.1
61.0
61.1
61.0
61.1
61.1
61.0
61.0
61.0
61.0
61.1
61.2
61.1
61.2
61.2
61.1
61.1
61.1
61.1
61.1
61.2
61.2
61.2
61.1
61.1
61.2
61.2
61.2
61.2
61.1
61.1
61.2
61.1
61.1
61.1
61.1
61.1
61.1
61.1
61.4
61.7
61.6
61.5
61.5
61.4
61.4
61.4
61.3
61.3
61.3
61.3
61.3
61.2
