43.7
62.4
62.6
62.8
62.9
63.1
63.2
63.3
63.4
63.5
63.5
63.6
63.6
63.7
63.7
63.7
63.7
63.8
63.8
63.8
63.8
63.8
63.8
64.0
64.0
64.0
64.1
64.1
64.0
64.2
64.2
64.1
64.1
64.1
64.1
64.2
64.2
64.4
64.3
64.2
64.1
64.2
64.1
64.1
64.2
64.1
64.1
64.2
64.2
64.2
64.2
64.2
64.1
64.3
64.3
64.3
64.4
64.3
64.7
65.0
64.9
64.8
64.7
64.7
64.6
64.6
64.6
64.5
64.5
64.5
64.5
64.3
64.3
64.4
64.5
64.4
64.4
64.4
64.4
64.3
64.3
64.3
64.2
64.2
64.2
64.1
64.1
64.1
64.2
64.2
64.1
64.2
64.2
64.2
64.3
64.3
64.2
64.2
64.3
64.3
64.3
64.3
64.4
64.3
64.4
64.3
64.3
64.4
64.4
64.3
64.2
64.2
64.2
64.2
64.2
64.1
64.1
64.1
64.1
64.1
64.1
64.1
64.1
64.1
64.0
64.1
64.0
64.0
64.0
64.1
64.2
64.2
64.2
64.2
64.3
64.3
64.3
64.2
64.2
64.2
64.3
64.3
64.3
64.3
64.3
64.4
64.4
64.4
64.3
64.3
64.3
64.3
64.3
64.3
64.3
64.3
64.3
64.3
64.3
64.2
64.2
64.2
64.2
64.4
64.4
64.4
64.4
64.3
64.3
64.3
64.3
64.4
64.3
64.3
64.3
64.3
64.3
64.3
64.3
64.4
64.4
64.4
64.3
64.4
64.4
64.3
64.4
64.3
64.4
64.5
64.6
64.7
64.6
64.6
64.6
64.6
64.5
64.5
64.4
64.4
64.4
64.9
64.9
65.4
65.2
65.1
65.0
64.9
64.8
64.7
64.7
64.6
64.5
64.5
64.5
64.5
64.5
64.4
64.5
65.0
64.9
64.8
64.7
64.6
64.6
64.8
64.7
64.6
64.8
64.5
64.5
64.4
64.4
64.4
64.4
64.3
64.3
64.3
64.3
64.3
64.3
64.4
64.4
64.4
64.3
64.4
64.3
64.3
64.3
64.3
64.4
64.4
64.3
64.3
64.3
64.3
64.2
64.2
64.3
64.2
64.2
64.4
64.4
64.4
64.4
64.4
64.4
64.4
64.3
64.3
64.3
64.2
64.2
64.3
64.3
64.3
64.3
64.3
64.3
64.3
64.3
64.3
64.3
64.4
64.3
64.3
64.3
64.3
64.3
64.4
64.3
64.5
64.5
64.5
64.5
64.4
64.4
64.4
64.4
64.4
64.4
64.4
64.3
64.3
64.3
64.2
64.2
64.2
64.2
64.3
64.3
64.3
64.3
64.3
64.2
64.5
64.8
64.7
64.7
64.6
64.5
64.4
64.4
64.4
64.4
64.4
64.3
64.4
64.3
64.3
64.4
64.4
64.4
64.4
64.4
72.1
64.2
64.2
64.2
64.2
64.3
64.2
64.3
64.3
64.3
64.3
64.3
64.3
64.2
64.2
64.3
64.3
64.3
64.3
64.3
64.3
64.3
64.4
64.3
64.3
64.3
64.3
64.3
64.3
64.3
64.3
64.4
64.3
64.3
64.3
64.3
64.3
64.3
64.3
64.4
64.4
64.4
64.4
64.4
64.4
64.2
