43.6
79.6
79.6
79.7
79.7
79.7
79.8
79.8
79.9
79.7
79.7
79.6
79.6
79.5
79.3
79.4
79.2
79.2
79.1
79.2
79.3
79.2
79.0
79.1
79.2
79.3
79.3
79.2
79.4
79.1
79.0
79.0
78.9
79.1
79.0
78.7
78.7
78.7
78.8
78.9
78.9
79.2
79.0
78.9
79.2
79.1
79.1
79.2
79.2
79.3
79.3
79.2
79.2
79.3
79.3
78.9
78.7
78.7
78.9
78.9
79.1
79.0
79.2
79.2
79.2
79.1
79.2
78.9
78.9
79.0
79.1
79.2
79.4
79.3
79.4
79.4
79.4
79.3
79.2
79.0
79.0
79.0
78.8
78.7
79.1
79.5
79.4
79.4
79.5
79.6
79.5
79.4
79.4
79.4
79.3
79.4
79.5
79.3
79.4
79.6
79.5
79.4
79.5
79.6
79.7
79.7
79.7
79.8
79.9
80.0
79.9
79.7
79.7
79.9
79.8
79.8
79.7
79.5
79.7
79.7
80.0
80.1
79.9
79.7
79.7
79.6
79.5
79.4
79.2
78.9
84.6
77.5
77.5
77.9
78.1
78.2
78.4
78.7
78.9
78.8
78.9
79.1
79.3
79.4
79.7
79.6
79.9
79.7
79.7
79.6
79.5
79.5
79.6
79.3
78.9
78.9
79.0
79.1
79.4
79.5
79.6
79.5
79.5
79.3
79.2
79.0
86.7
78.6
78.7
79.2
79.6
79.5
79.5
79.7
79.9
79.9
80.0
79.8
79.9
80.0
80.1
80.0
79.8
79.7
79.3
86.3
80.2
80.1
80.2
80.2
70.3
64.2
64.2
79.0
64.0
63.6
63.3
63.0
62.7
62.5
62.2
70.7
70.5
61.7
61.6
61.4
61.3
61.2
61.6
61.5
77.1
62.6
62.4
62.1
61.9
61.7
61.6
61.3
77.5
63.8
63.4
63.3
62.9
63.0
63.1
62.7
73.6
65.3
64.7
64.3
63.9
63.4
63.0
62.7
62.9
72.1
62.4
62.1
61.9
61.7
61.7
61.7
73.6
61.9
61.7
61.6
61.8
61.6
61.5
74.6
62.1
61.9
61.7
61.5
61.4
61.4
78.2
77.6
49.0
48.8
48.6
48.3
47.9
48.1
48.3
48.6
48.8
48.7
48.7
48.7
48.6
48.6
48.7
48.9
48.6
48.8
48.8
49.2
49.3
49.2
49.0
48.9
48.9
48.9
48.9
48.8
48.7
48.7
48.6
48.6
48.4
48.4
48.2
48.4
48.4
48.4
48.4
48.5
48.5
48.5
48.9
49.2
49.2
49.0
48.8
48.5
48.1
47.8
47.5
47.2
47.0
46.7
46.5
46.3
46.2
46.1
46.0
45.9
45.8
45.7
45.6
45.6
45.5
45.5
