2643.0
2726.4
2872.1
2892.5
2826.3
2625.5
2699.0
2876.8
2848.1
2850.4
2864.2
2890.6
2881.4
2871.6
2886.4
2856.5
2865.0
2949.0
2900.6
2875.6
2959.6
3327.0
3360.3
3402.6
3430.2
3507.2
3506.9
3491.2
3491.5
3321.2
3271.9
3309.8
3414.8
3429.8
3332.9
3327.7
3359.1
3372.2
3395.5
3395.8
3286.3
3491.6
3532.2
3372.4
3264.0
3264.3
3276.5
3333.3
3307.9
3285.2
3229.7
3224.5
3425.9
3412.7
3413.2
3421.9
3396.5
3414.2
3419.4
3377.8
3492.0
3411.3
3396.7
3419.0
3399.0
3389.2
3430.2
3415.5
3461.0
3520.3
3553.4
3519.9
3472.2
3328.7
3272.3
3370.7
3274.0
3273.4
3267.3
3293.8
3383.8
3360.9
3369.9
3329.1
3284.8
3408.6
3293.8
3447.7
3415.9
3438.3
3519.9
3553.8
3432.7
3385.3
3440.0
3419.8
3409.8
3326.6
3332.4
3377.8
3486.8
3470.4
3519.7
3463.1
3394.9
3269.8
3249.6
3303.3
3303.8
3317.3
