55.5
60.7
60.7
60.7
60.7
60.7
60.7
60.7
60.8
60.8
60.7
60.7
60.7
60.7
60.7
60.7
60.7
60.8
60.8
60.7
60.8
60.7
60.8
60.9
61.4
61.7
62.0
61.9
61.8
61.6
61.5
61.4
61.4
61.3
61.2
61.2
61.1
61.1
61.0
60.9
60.9
60.9
60.8
60.8
60.8
60.8
60.7
60.7
60.7
60.6
60.7
60.7
60.8
60.7
60.7
60.7
60.7
60.8
60.8
61.0
61.0
61.2
61.1
61.5
61.4
61.5
61.4
61.4
61.4
61.4
61.4
61.4
66.5
60.5
60.5
60.5
60.6
60.6
60.7
60.7
60.7
60.8
60.8
60.8
60.8
60.8
60.8
60.8
60.8
60.8
60.8
60.8
60.9
61.0
61.0
60.9
60.9
60.9
61.0
61.0
60.9
60.9
60.9
60.9
61.1
61.1
61.2
61.2
61.2
61.1
61.2
61.1
61.1
