43.5
61.4
61.4
61.4
61.4
61.4
61.4
61.4
61.5
61.5
61.6
72.3
71.8
61.5
61.5
61.4
61.6
61.5
61.5
61.5
61.5
61.5
61.6
61.7
61.8
61.8
61.7
61.7
61.7
61.7
61.9
61.9
61.9
61.9
61.9
62.0
61.9
61.8
61.8
61.8
61.8
61.8
61.7
61.7
62.2
62.2
62.4
62.3
62.2
62.2
62.1
62.0
61.9
61.9
61.9
61.8
61.7
61.7
61.7
61.7
61.6
61.6
61.6
61.7
62.2
69.2
68.8
68.4
68.0
62.8
62.7
62.6
62.4
62.4
62.3
62.4
62.3
62.2
62.1
62.1
62.0
62.0
62.0
62.0
61.9
61.9
62.0
61.9
61.9
61.9
61.8
61.8
61.8
61.8
61.8
61.8
61.7
61.7
61.7
61.7
61.7
61.8
61.8
61.7
61.7
61.7
61.7
61.7
61.7
61.7
61.7
61.7
61.8
61.7
61.9
61.9
61.8
61.8
61.9
61.9
61.9
61.9
61.8
61.9
61.8
61.9
61.8
61.8
61.8
61.8
61.8
61.9
61.9
61.8
62.0
62.0
62.2
62.1
62.0
62.0
62.1
62.1
62.1
62.0
62.0
62.0
62.1
62.2
62.1
62.0
62.5
62.4
62.3
62.2
62.2
62.1
62.0
62.0
62.0
62.0
62.0
62.0
61.9
61.9
61.9
61.9
61.8
61.8
61.8
61.8
61.9
61.9
61.8
61.8
61.8
61.8
61.8
61.8
61.8
61.9
61.9
71.5
62.1
62.0
61.9
61.9
61.8
61.8
61.7
61.7
61.6
61.6
61.8
61.8
61.7
61.7
61.6
61.6
61.7
61.7
61.6
61.6
61.6
61.6
61.6
61.6
61.5
61.5
61.5
61.5
61.4
61.5
61.5
61.5
61.5
61.5
61.5
61.5
61.5
61.5
61.5
61.5
61.5
61.5
61.5
61.5
61.5
61.5
61.5
61.5
61.5
61.8
61.8
61.7
61.7
61.6
61.6
61.6
61.6
61.6
61.6
61.5
61.6
61.6
61.6
62.0
61.9
61.9
61.9
61.8
61.8
61.9
61.9
61.8
61.8
61.8
61.8
61.8
61.8
61.7
61.7
61.7
61.7
61.6
61.6
61.6
61.6
61.5
61.5
61.5
61.6
61.9
61.8
61.8
61.9
61.9
61.8
61.8
61.9
61.8
61.8
61.8
61.8
61.7
61.7
61.7
61.7
61.7
61.7
61.7
61.8
61.7
61.8
61.7
61.8
61.7
61.8
61.9
61.9
61.9
61.8
61.8
61.8
61.8
62.2
62.6
63.0
62.8
62.6
62.5
62.4
62.4
62.3
62.2
62.1
62.0
62.0
61.9
61.9
61.9
61.8
61.9
61.8
61.8
61.8
61.8
61.7
61.7
61.7
61.7
61.7
61.7
61.7
61.7
61.7
61.8
61.7
61.7
61.7
67.4
67.1
61.5
61.5
66.9
66.5
65.9
65.3
64.9
64.4
64.1
64.2
63.9
63.6
63.4
63.1
62.9
62.7
62.6
62.4
62.3
62.2
62.2
62.1
62.0
62.0
61.9
61.9
67.8
67.2
61.7
61.7
61.6
61.6
61.6
61.6
61.6
61.6
61.6
61.7
61.6
61.7
61.7
61.7
61.7
61.7
61.7
61.7
61.7
61.7
61.7
61.7
61.7
61.7
61.7
61.7
61.7
61.7
61.9
61.8
61.8
61.8
61.7
61.7
61.7
61.7
61.7
61.7
61.7
61.6
61.7
61.7
61.7
61.6
61.6
67.4
67.4
67.1
66.9
61.7
61.7
61.7
61.7
61.7
61.7
61.7
61.7
61.7
62.1
62.0
62.0
61.9
62.1
62.0
61.9
61.9
61.8
61.8
69.0
61.5
61.4
61.5
61.5
61.5
61.5
62.0
62.5
62.4
62.2
62.1
62.1
62.1
62.0
62.0
61.9
61.9
61.9
61.9
61.8
61.8
61.8
61.7
61.9
62.0
61.9
61.9
61.8
61.8
61.8
61.8
62.0
62.2
62.1
62.2
62.1
62.2
62.1
62.0
61.9
61.9
61.8
61.8
61.7
61.7
61.7
68.8
68.3
61.5
61.5
61.4
61.4
61.5
61.5
61.6
61.6
61.6
61.7
61.7
61.6
61.6
61.6
61.6
61.5
61.5
61.6
61.7
61.7
61.6
61.6
61.6
61.7
61.7
61.7
61.6
61.6
61.6
61.6
61.6
61.7
61.7
61.8
61.8
61.7
62.0
61.9
61.9
61.9
61.8
61.8
61.9
61.8
61.8
61.8
61.7
61.7
61.8
62.3
62.7
63.0
62.9
62.8
62.8
62.7
62.6
62.7
76.1
61.7
61.7
61.7
61.7
61.7
61.6
61.5
61.5
61.5
61.6
61.6
61.8
61.7
61.7
61.7
61.7
61.7
61.7
61.7
61.8
61.8
61.8
67.6
72.8
72.3
72.4
66.3
65.7
65.2
64.7
64.4
64.0
63.7
63.4
63.2
63.0
62.8
62.7
62.5
62.4
62.4
62.4
62.3
62.2
62.1
62.0
62.0
61.9
61.9
61.9
61.9
61.8
61.8
61.8
61.7
61.7
61.8
61.7
61.8
61.7
61.7
61.7
61.7
61.7
61.6
61.7
61.6
61.6
61.7
62.3
62.4
62.3
62.2
62.1
62.0
61.9
61.9
67.4
66.9
66.7
66.3
65.8
65.2
64.8
64.4
64.1
63.8
63.5
63.3
63.7
69.0
61.3
61.3
61.3
61.4
61.4
61.4
61.4
61.4
61.4
61.5
61.5
61.4
61.4
61.5
61.5
61.5
61.5
61.5
61.6
62.1
62.5
62.9
62.8
62.7
62.6
62.8
62.6
62.5
62.3
62.2
62.1
62.0
62.0
61.9
61.8
61.8
61.8
61.8
61.7
61.7
62.1
62.2
62.3
62.2
62.1
62.0
62.0
61.9
61.9
61.8
61.8
61.8
61.8
61.7
61.8
61.7
61.7
61.9
61.8
61.8
61.7
61.8
61.7
61.7
61.7
61.7
61.6
61.6
61.6
61.7
61.7
61.8
62.2
62.7
63.1
73.0
67.6
61.7
61.7
61.6
61.6
61.7
61.6
61.6
61.7
61.6
61.6
61.6
61.6
61.6
61.6
61.6
61.6
61.6
61.6
61.6
62.0
61.9
61.9
61.9
61.8
61.8
61.8
61.8
61.8
61.8
61.8
61.8
61.9
61.9
61.9
61.9
61.8
61.8
61.8
61.8
61.8
61.8
61.8
61.7
61.7
61.8
61.7
61.7
61.7
61.7
61.7
61.6
61.6
61.6
61.6
61.6
61.6
61.6
61.6
61.8
61.8
61.8
62.0
62.4
62.8
63.2
63.4
63.7
63.5
63.3
63.1
62.9
63.4
63.8
63.6
63.4
63.2
63.0
62.8
62.7
62.5
62.4
62.3
62.2
62.2
62.1
62.0
62.0
61.9
61.9
61.9
61.9
61.8
61.8
61.7
61.7
61.7
61.7
61.6
61.6
61.6
61.6
61.6
61.6
61.6
61.7
61.6
61.6
61.7
61.6
61.6
61.6
62.1
62.3
62.2
62.0
62.0
61.9
61.9
62.0
61.9
61.9
61.9
61.8
61.7
61.7
61.7
61.7
61.7
61.7
61.7
61.7
61.6
61.7
61.7
61.6
61.6
61.6
61.6
61.9
68.0
61.5
61.5
61.5
61.5
61.5
61.5
61.5
61.5
61.6
61.6
61.7
61.7
61.7
61.8
61.7
61.7
61.7
61.7
61.7
61.6
61.6
61.7
61.7
61.8
62.2
62.2
62.1
62.5
62.5
62.3
62.3
62.2
62.1
62.1
62.0
61.9
61.9
61.9
61.8
61.8
61.8
62.1
62.5
62.9
63.2
63.1
62.9
62.8
62.6
62.5
62.4
62.3
62.2
62.2
62.2
62.1
62.0
62.4
62.6
62.4
62.3
62.2
62.2
62.1
62.0
62.0
61.9
61.9
62.1
62.0
62.0
61.9
61.8
61.8
61.8
61.7
61.7
61.7
61.8
62.5
62.9
63.4
63.4
63.2
63.0
62.8
62.6
62.5
62.3
62.2
62.1
62.0
61.9
62.4
62.8
62.6
62.5
62.4
62.2
62.2
62.1
62.2
62.1
62.0
62.0
61.8
61.8
61.7
61.8
61.7
61.7
61.7
61.6
61.6
61.6
61.6
61.6
61.5
61.5
61.5
61.5
61.5
61.6
61.7
61.6
61.7
61.6
61.6
61.6
61.6
61.6
61.5
61.6
61.6
62.0
62.0
61.9
61.9
61.8
61.8
61.7
61.7
61.6
61.6
61.6
61.8
61.7
61.8
61.7
61.7
61.7
61.6
61.6
61.6
61.6
61.6
61.6
61.5
61.5
61.5
61.5
68.2
67.9
67.6
67.4
61.7
61.6
61.8
61.8
61.8
61.8
61.8
61.7
61.7
61.6
61.7
61.8
61.7
61.7
61.7
61.7
61.7
61.7
61.6
61.6
61.6
61.6
61.6
61.5
61.5
61.5
61.5
61.6
70.3
75.9
65.7
65.1
64.7
64.3
64.8
64.6
64.2
63.9
63.6
63.3
63.1
62.9
62.8
62.6
62.5
62.3
62.2
62.3
62.5
62.4
62.3
62.2
62.1
62.0
62.3
62.1
62.1
62.0
61.9
61.8
61.8
61.7
61.6
61.6
61.6
61.6
62.0
62.2
62.1
62.2
62.1
62.0
62.3
67.6
67.1
67.1
61.3
61.3
61.7
62.3
62.2
62.1
62.0
62.2
62.1
62.0
62.0
61.9
62.2
62.7
62.9
62.7
62.6
62.5
62.4
62.3
62.2
62.1
62.1
62.0
61.9
61.9
61.8
61.8
61.7
61.7
61.7
61.7
61.7
61.6
61.6
61.8
61.8
61.7
61.7
61.7
61.8
62.2
62.6
63.0
62.8
62.7
62.5
62.4
62.3
62.2
62.2
62.1
62.0
62.0
62.0
61.9
62.1
62.0
62.0
61.9
61.8
61.8
61.8
61.7
61.7
61.7
61.6
61.6
71.3
64.2
63.8
63.6
63.3
63.1
63.0
62.8
62.7
62.5
68.2
67.7
61.5
61.5
61.5
61.5
61.5
61.5
61.5
61.5
61.5
61.5
61.5
61.6
61.5
61.6
61.6
61.6
61.6
61.5
61.5
61.6
61.6
61.5
61.5
61.5
61.5
62.0
62.0
61.9
61.9
61.8
61.8
61.8
61.7
61.7
61.7
61.7
62.0
62.5
62.4
62.3
62.7
63.0
62.8
62.6
62.5
62.4
62.2
62.2
62.1
62.0
61.9
61.9
61.8
61.8
61.7
61.7
61.7
61.6
61.6
61.6
61.6
61.6
61.5
61.5
61.5
61.5
61.5
61.7
61.7
61.7
61.9
62.2
62.1
62.0
61.9
61.8
61.8
61.8
61.7
61.7
61.8
62.2
62.1
62.0
62.0
62.0
61.9
61.9
61.8
61.8
61.8
61.7
61.7
61.7
61.6
61.6
61.6
61.7
61.6
61.6
61.6
61.6
61.6
61.5
61.5
61.5
61.5
61.5
61.5
61.5
61.6
61.6
61.6
61.6
61.5
61.5
61.5
61.5
61.5
61.5
61.5
61.5
61.5
61.5
61.5
61.5
61.5
61.5
61.5
61.7
61.7
61.7
61.7
62.1
62.1
62.0
61.9
61.8
61.8
61.9
61.8
61.8
61.9
61.8
61.8
61.9
61.8
61.8
61.8
61.7
61.7
61.7
61.7
61.7
61.7
61.7
61.6
61.6
61.6
61.6
61.6
61.6
61.7
61.7
61.6
61.6
61.6
61.6
61.6
61.6
61.6
61.6
61.6
61.6
61.6
61.7
61.6
61.7
61.7
61.7
61.6
61.6
61.6
61.7
61.7
61.7
61.6
61.7
61.7
61.7
61.7
62.1
62.0
62.0
61.9
62.0
62.1
62.0
61.9
62.0
62.2
62.2
62.2
62.1
62.1
62.0
62.0
61.9
61.9
61.9
61.8
61.8
61.8
61.8
61.7
61.7
61.7
61.7
61.7
61.7
61.7
61.7
61.7
61.7
61.7
61.7
61.7
61.7
61.8
61.7
61.8
61.7
61.8
61.7
61.7
61.7
61.8
61.8
61.8
61.8
61.7
61.7
61.7
61.7
62.0
61.9
61.9
61.9
61.9
61.9
61.9
61.8
61.8
61.8
61.8
61.7
61.7
61.7
61.7
61.7
61.7
61.7
61.7
61.7
61.7
61.7
61.7
61.7
61.7
61.7
61.6
61.7
61.7
61.7
61.7
61.6
61.6
61.6
61.6
61.6
61.6
61.8
61.7
61.7
61.7
61.7
61.7
61.7
61.7
61.7
61.7
61.7
61.7
61.7
61.6
61.6
62.1
62.0
62.0
61.9
61.9
61.9
61.9
61.8
62.0
61.9
61.8
61.8
61.8
61.8
61.8
61.8
61.7
61.7
61.7
61.7
61.7
61.7
61.7
61.7
61.9
62.4
62.8
63.2
63.5
63.8
63.7
63.7
63.5
63.2
63.0
62.8
62.7
62.5
62.4
62.3
62.2
62.1
62.1
62.0
62.0
62.0
62.1
62.0
62.0
62.0
62.0
62.0
61.9
61.9
61.8
61.8
61.9
61.8
61.8
61.8
61.8
61.8
61.7
61.7
61.7
61.7
62.3
62.7
62.7
62.6
63.1
63.0
62.8
62.8
62.6
62.6
62.5
62.4
62.3
62.2
62.1
62.1
62.0
62.0
61.9
61.9
61.9
61.8
61.8
61.8
61.8
61.8
61.8
61.8
61.7
61.7
61.7
61.7
61.7
61.7
61.6
61.7
61.6
61.6
61.6
61.6
61.6
61.6
61.6
61.6
61.6
62.0
61.9
61.9
61.9
61.8
61.9
61.8
61.8
61.7
61.8
61.7
61.7
61.7
61.7
61.7
61.7
61.7
61.7
61.7
61.7
61.7
61.7
61.7
61.8
61.8
61.7
61.7
61.7
61.7
61.8
61.7
61.9
61.9
61.9
62.2
62.6
62.7
62.6
62.5
62.4
62.3
62.2
62.2
62.1
62.0
62.0
61.9
61.9
61.9
68.4
67.9
61.9
61.8
61.8
61.8
61.7
61.7
61.7
61.7
61.7
61.7
61.7
61.7
61.7
61.7
61.7
61.7
61.9
61.9
61.8
61.8
61.8
61.8
61.8
61.8
61.8
61.8
61.8
61.8
61.8
61.8
61.8
61.7
61.7
61.7
61.7
61.7
61.7
61.8
61.8
61.8
61.9
61.9
61.8
61.9
61.9
61.8
67.8
61.7
61.6
61.6
61.6
61.6
68.4
62.8
62.6
62.5
62.4
62.3
62.2
62.1
62.0
62.0
62.0
62.0
61.9
61.9
61.9
61.8
61.8
61.8
61.8
61.8
61.8
61.8
61.8
61.8
61.7
61.8
61.8
61.7
61.7
61.7
61.7
61.7
61.7
61.7
61.7
61.6
61.7
61.7
61.7
61.6
61.6
61.7
61.6
61.6
61.6
61.6
61.7
61.6
61.6
61.7
61.7
61.9
62.0
61.9
61.9
61.9
61.9
61.9
62.0
61.9
61.9
61.9
61.9
61.8
61.9
61.8
61.8
61.8
61.7
61.7
61.8
61.7
61.8
61.7
61.7
61.7
61.7
61.7
61.8
61.8
61.8
61.8
61.8
61.8
61.8
61.8
61.8
61.8
61.7
61.7
61.7
61.7
61.7
61.7
61.7
61.7
61.7
61.8
61.8
61.7
61.7
61.7
61.7
61.7
61.7
61.7
61.8
61.8
61.9
61.9
61.9
61.9
61.8
61.8
61.8
61.8
61.8
61.7
70.3
61.5
61.5
61.6
61.6
61.6
61.6
61.7
61.7
61.7
61.7
61.8
61.7
61.7
61.7
61.7
71.1
63.0
62.8
68.6
61.9
61.9
61.8
61.8
61.8
61.7
61.7
61.7
61.7
61.7
61.7
61.7
62.0
62.0
61.9
61.9
62.3
62.2
62.1
62.1
62.0
62.0
61.9
61.9
61.8
61.8
61.9
61.8
61.8
61.8
61.8
61.8
61.8
62.2
62.6
63.0
62.9
62.8
62.6
62.6
69.6
61.9
61.8
61.8
62.0
62.0
62.0
61.9
61.9
61.8
61.8
61.8
61.7
61.7
61.7
61.7
61.7
61.7
61.7
61.7
61.7
61.8
61.8
61.8
61.8
61.9
61.8
61.9
62.3
62.3
62.2
62.1
62.2
62.2
62.1
62.2
62.1
62.1
70.5
62.1
62.0
61.9
61.9
61.9
61.9
61.9
61.9
61.9
61.9
61.8
61.8
61.8
61.8
61.7
61.7
61.7
61.7
61.7
61.7
61.7
61.7
61.7
61.7
61.7
61.7
61.7
61.7
61.6
61.6
61.6
61.6
61.6
68.2
62.1
62.3
62.2
62.1
62.0
62.0
62.0
61.9
62.0
61.9
61.9
61.9
61.9
61.8
61.8
61.8
61.8
61.8
61.8
61.8
61.8
61.7
61.8
61.8
61.7
61.7
61.7
61.7
61.7
61.6
61.6
61.6
61.7
61.7
61.6
61.6
61.6
61.6
61.6
62.1
62.5
62.5
62.3
62.3
62.2
62.3
62.2
62.3
62.2
62.1
62.1
62.0
62.0
61.9
61.9
61.8
61.8
61.8
61.8
61.7
61.7
61.7
61.7
61.7
61.8
61.7
61.7
61.7
61.7
61.6
61.6
61.6
61.6
61.6
61.5
61.5
61.5
61.5
61.5
61.5
61.5
61.5
61.4
61.4
61.4
61.6
61.6
61.6
61.5
61.6
61.6
61.6
61.6
61.6
61.6
61.6
61.6
61.6
61.6
61.5
61.6
61.5
61.5
61.5
61.4
61.5
61.4
61.4
61.4
61.4
61.4
61.5
61.4
61.4
61.4
61.4
61.4
61.4
61.8
68.0
61.9
61.8
61.7
61.7
61.7
61.7
61.7
61.7
61.6
61.6
61.6
61.6
61.6
61.6
61.6
61.7
61.6
61.6
61.7
61.7
61.7
61.8
61.7
61.7
61.7
61.6
61.6
61.6
61.5
61.5
61.5
61.5
61.5
61.5
61.5
61.5
61.5
61.5
61.5
61.7
62.1
62.6
62.9
69.0
61.9
61.8
61.8
61.8
62.0
61.9
61.8
61.9
61.8
61.9
61.9
61.9
61.8
61.8
61.7
61.7
61.7
61.6
61.6
61.6
61.6
61.9
61.8
61.8
61.8
61.8
61.8
70.5
62.4
62.4
62.2
62.2
62.1
62.0
61.9
61.9
61.8
61.7
61.7
61.7
61.7
61.6
61.6
61.6
61.6
61.5
61.5
61.6
61.6
61.7
61.7
61.6
61.6
61.6
61.6
61.6
61.6
61.6
61.6
61.6
61.6
70.1
61.7
61.6
61.7
61.6
61.6
61.6
61.6
61.6
