43.8
60.7
60.6
60.8
60.7
60.7
60.7
60.7
65.9
65.3
64.8
64.2
63.8
63.4
63.1
62.9
62.6
63.2
62.9
62.6
62.3
62.1
61.9
61.7
61.6
61.6
61.5
61.4
61.3
61.2
61.4
61.7
62.0
62.1
62.0
61.8
61.7
61.5
61.4
61.2
61.2
61.0
61.0
61.0
60.9
61.0
61.0
61.0
60.9
60.9
60.8
60.8
60.7
60.7
60.7
60.7
60.6
60.6
60.6
60.6
60.5
60.6
60.5
60.6
60.6
60.7
60.7
60.6
60.7
60.7
60.6
60.6
60.6
60.6
60.6
60.6
60.8
60.8
60.7
60.7
60.7
60.6
60.7
60.6
60.6
60.6
60.6
60.6
60.6
60.6
60.6
60.6
60.5
60.7
60.6
60.7
60.7
60.6
60.6
60.6
60.6
60.6
60.6
60.6
60.6
60.6
60.6
60.6
60.9
66.5
60.9
60.9
60.9
60.8
60.8
60.8
60.8
60.8
61.1
61.0
61.0
60.9
60.9
60.8
60.9
61.2
61.2
61.1
61.1
61.0
60.9
60.9
60.9
60.8
60.8
60.9
60.8
60.8
60.8
60.8
60.7
61.2
61.1
61.1
61.0
61.0
60.9
60.9
60.8
60.8
60.9
61.3
61.6
61.9
61.9
61.8
61.7
61.6
61.4
61.3
61.2
61.1
61.1
61.1
61.0
61.0
60.9
60.9
60.8
60.8
60.8
60.8
60.7
60.7
60.7
60.7
60.7
60.6
60.6
60.6
60.8
60.8
60.8
60.8
60.8
60.7
60.7
60.7
60.7
60.7
60.6
60.7
60.7
60.6
60.6
60.7
60.6
61.0
61.0
61.0
60.9
60.9
61.0
60.9
61.0
60.9
60.9
60.9
60.8
60.8
60.8
60.8
60.8
60.8
60.8
60.8
60.7
60.7
60.7
60.7
60.7
60.6
60.7
60.6
60.6
60.6
60.6
60.6
60.6
60.6
60.6
60.6
60.6
60.6
60.6
60.9
60.9
60.9
60.9
60.8
60.8
60.8
60.8
61.2
61.2
61.1
61.1
61.1
61.2
61.1
61.1
61.0
61.1
61.0
60.9
60.9
60.9
60.8
60.8
60.8
60.8
60.7
60.7
60.7
60.7
60.7
60.7
60.8
60.8
60.8
60.8
60.9
60.9
60.8
60.8
60.8
60.9
60.9
60.8
60.8
60.8
60.8
60.8
60.8
60.7
60.7
60.7
60.7
60.8
60.8
60.8
60.7
60.8
60.8
60.7
60.7
60.7
60.7
60.7
60.7
60.7
60.7
60.6
60.7
60.6
60.6
60.6
60.6
60.6
60.6
60.6
60.6
60.7
60.6
60.6
60.7
60.7
60.7
60.7
60.7
60.7
60.8
60.8
60.8
60.8
60.9
60.8
60.8
60.8
60.8
60.9
60.8
60.8
60.8
60.8
60.8
60.7
60.7
60.7
60.8
60.8
60.8
60.8
60.8
60.8
60.8
60.8
60.8
60.8
60.8
60.8
60.8
60.8
60.7
60.9
60.9
60.9
60.9
60.9
60.9
60.9
60.9
60.9
60.9
61.0
61.3
61.3
61.2
61.1
61.1
61.0
61.0
61.0
61.0
60.9
61.0
60.9
60.9
61.0
61.0
60.9
60.9
60.9
60.9
60.8
61.3
61.2
61.2
61.1
61.1
61.1
66.7
66.3
66.1
60.7
60.7
60.7
60.8
60.7
60.7
60.7
60.7
60.7
60.7
60.7
60.7
60.7
60.7
60.7
60.7
61.2
70.9
60.7
60.7
60.7
60.7
60.7
60.7
60.8
60.8
60.8
60.8
60.8
60.7
60.7
60.7
60.7
60.7
60.7
60.7
60.7
60.7
60.7
60.7
60.7
60.7
60.7
60.7
60.7
60.8
60.8
60.7
60.7
60.7
60.7
60.7
60.8
61.0
61.1
61.7
61.6
62.0
61.9
61.8
61.7
61.5
61.4
61.3
61.2
61.2
61.1
61.1
61.0
61.0
60.9
60.9
60.8
60.8
60.8
60.8
60.7
60.7
60.7
60.7
60.7
60.6
60.7
60.7
60.8
60.8
60.8
61.0
60.9
60.9
60.9
60.9
60.9
61.0
61.0
60.9
60.9
60.9
60.9
60.9
60.9
60.9
60.9
60.9
61.4
66.5
60.9
60.9
60.8
60.8
60.8
60.9
60.9
60.9
60.9
61.1
61.5
61.9
62.2
62.0
61.8
61.8
61.6
61.7
61.5
61.4
61.4
61.4
61.3
61.3
61.2
61.2
61.1
61.0
61.0
61.0
60.9
60.9
60.9
60.9
60.9
61.2
61.2
61.1
61.1
61.1
61.0
61.1
61.1
61.0
61.1
61.0
61.0
61.0
61.0
60.9
60.9
60.9
60.9
60.9
60.9
60.9
61.0
61.0
60.9
60.9
60.9
60.9
60.9
60.9
60.9
60.9
60.9
60.9
61.0
61.0
60.9
60.9
60.9
66.3
61.1
61.0
61.0
61.0
60.9
60.9
60.9
60.9
60.9
61.1
61.3
61.2
61.2
61.1
61.1
61.2
61.1
61.1
61.0
61.0
61.0
61.4
61.3
61.3
61.2
61.2
61.1
61.1
61.1
61.0
61.0
61.0
60.9
61.0
60.9
60.9
60.9
60.9
60.9
61.0
61.0
60.9
60.9
61.5
61.4
61.4
68.8
68.2
61.5
61.4
61.3
61.2
61.2
61.1
61.1
61.1
61.1
61.5
61.8
62.2
62.2
62.1
61.9
61.9
61.7
61.6
61.5
61.4
61.4
61.3
61.3
61.2
61.2
61.1
61.1
61.1
61.0
61.0
60.9
60.9
60.9
60.9
60.9
60.9
60.9
60.9
61.0
61.0
60.9
60.9
60.9
60.9
60.9
60.9
60.9
60.9
60.9
60.9
61.2
71.9
60.9
60.9
60.8
60.8
60.8
61.0
60.9
61.0
60.9
60.9
60.9
61.1
61.0
61.0
61.0
61.0
61.0
61.0
61.0
61.0
61.0
61.0
60.9
60.9
60.9
60.9
60.9
60.8
60.9
60.9
60.9
61.4
61.3
61.3
61.2
61.2
61.1
61.1
61.0
61.0
61.0
61.3
61.3
61.2
61.2
61.1
61.3
61.3
61.2
61.2
61.2
61.2
61.1
61.0
61.0
61.4
61.3
61.2
61.2
61.3
61.2
61.2
61.1
61.1
61.0
61.1
61.0
60.9
60.9
60.9
60.9
60.9
60.9
60.9
60.9
60.9
61.4
61.7
62.0
61.9
61.8
61.6
61.6
61.5
61.4
61.4
61.3
61.2
61.2
61.1
61.1
61.0
61.0
61.0
61.0
60.9
60.9
60.9
60.9
60.9
60.9
60.9
61.0
61.0
60.9
60.9
60.9
61.1
61.1
61.1
61.0
61.0
61.0
61.0
61.0
60.9
60.9
60.9
60.9
60.9
60.9
60.8
60.8
60.8
60.8
61.2
61.1
61.1
61.1
61.1
61.1
61.2
61.2
61.1
61.1
61.1
61.1
61.1
61.0
61.0
61.0
60.9
60.9
60.9
60.9
61.0
60.9
60.9
60.9
60.9
60.9
60.8
60.9
60.9
60.9
60.9
60.8
60.8
60.8
60.8
60.8
60.8
61.0
60.9
61.0
60.9
60.9
60.9
60.9
60.9
60.9
60.9
60.9
60.9
61.0
60.9
60.9
60.9
60.9
61.0
61.0
61.0
61.0
61.0
61.0
61.0
61.0
60.9
60.9
60.9
60.9
60.9
61.0
61.0
60.9
61.0
61.1
61.5
61.8
62.2
62.3
62.3
62.1
62.0
61.9
61.8
61.7
61.6
61.5
61.4
61.4
61.3
61.3
61.2
61.1
61.1
61.1
61.1
61.0
61.0
60.9
60.9
60.9
60.9
61.0
61.0
60.9
61.0
60.9
60.9
60.9
60.9
60.9
60.9
60.9
60.9
60.9
60.9
60.8
60.8
60.8
60.9
60.9
60.9
60.9
60.9
61.0
60.9
60.9
60.9
60.9
60.9
60.8
60.8
60.9
60.9
60.9
60.9
60.9
60.9
60.9
60.9
61.0
61.0
61.0
61.0
61.0
61.0
61.0
61.1
61.0
66.7
66.1
60.9
60.8
60.8
60.8
60.9
60.9
60.9
60.9
60.9
60.8
60.8
60.9
60.9
60.9
60.8
60.8
60.9
60.8
60.8
60.8
60.9
60.9
60.9
60.9
60.9
60.9
60.9
60.9
60.9
60.9
60.9
60.9
60.9
61.0
61.0
61.0
61.0
61.0
61.0
61.0
61.0
61.0
61.0
61.1
61.5
66.7
66.6
61.1
61.1
61.1
61.0
61.0
61.0
61.0
61.0
61.0
61.0
61.0
61.5
61.4
61.3
61.3
61.2
61.2
61.1
61.1
61.1
61.0
61.0
61.0
61.0
61.1
61.1
61.0
61.0
61.0
61.0
61.1
61.1
61.0
61.0
61.0
61.0
61.0
61.0
60.9
60.9
61.0
61.0
61.0
61.0
61.0
61.0
61.0
61.0
60.9
60.9
60.9
60.9
61.1
61.1
61.0
61.0
61.0
61.1
61.0
61.0
61.0
60.9
61.0
61.0
61.0
61.0
60.9
61.0
61.0
60.9
60.9
60.9
60.8
60.8
60.8
60.9
61.0
60.9
60.9
60.9
60.9
60.9
61.0
61.0
61.1
61.1
61.1
61.0
61.0
61.0
61.0
61.1
61.0
61.0
61.0
61.0
61.1
61.1
61.1
61.1
61.1
61.0
61.0
61.0
61.0
61.0
61.0
61.0
60.9
61.0
60.9
60.9
60.9
60.9
61.0
61.0
61.0
61.3
61.6
62.0
62.2
62.0
61.9
61.7
61.6
61.5
61.4
61.4
61.3
61.2
61.2
61.2
61.1
61.1
61.1
61.0
66.9
66.3
60.9
60.9
60.9
61.3
61.2
61.2
61.2
61.2
61.1
61.0
61.1
61.1
61.0
61.1
61.1
61.0
61.1
61.1
61.1
61.1
61.1
61.0
61.0
61.0
61.0
61.0
60.9
61.0
61.0
61.2
61.1
61.1
61.1
61.1
61.1
61.0
61.0
61.0
61.0
60.9
60.9
61.1
61.1
61.0
61.0
61.0
61.0
60.9
61.0
61.0
61.0
61.0
61.0
61.0
61.0
61.0
61.0
61.0
60.9
60.9
60.9
60.9
60.9
61.3
61.2
61.1
61.1
61.1
61.1
61.0
61.0
61.0
61.1
61.0
61.0
61.0
61.0
61.0
61.0
61.0
60.9
60.9
61.0
61.0
60.9
60.9
60.9
60.9
60.9
61.4
61.3
61.2
61.2
61.1
61.1
61.1
61.1
61.1
61.5
61.8
62.2
62.0
61.9
61.8
61.7
61.6
61.5
61.4
61.3
61.3
61.2
61.1
61.1
61.1
61.0
61.0
61.0
61.0
60.9
60.9
60.9
60.9
60.8
60.8
60.8
60.9
60.8
60.8
60.8
60.8
60.8
60.9
60.8
60.8
61.3
61.5
61.5
61.4
61.3
61.3
66.5
65.9
65.4
64.8
64.3
63.9
63.4
63.1
62.8
62.5
62.3
62.1
61.9
61.8
61.8
61.7
62.1
62.0
61.9
61.7
61.6
61.5
61.4
61.4
61.4
61.3
61.3
61.2
61.2
61.2
61.1
61.1
61.1
61.1
61.0
61.0
61.0
61.0
60.9
61.0
61.0
60.9
60.9
60.9
61.0
61.0
61.0
61.0
60.9
60.9
61.0
61.0
60.9
61.1
61.1
61.0
61.0
61.0
61.0
61.0
61.0
61.0
61.0
61.0
61.0
61.1
61.0
61.1
61.3
61.2
61.1
61.1
61.1
61.2
61.2
61.2
61.3
61.6
61.9
62.3
62.1
62.0
61.9
61.8
61.7
61.6
61.5
61.4
61.4
61.3
61.3
61.3
61.4
61.8
61.7
61.6
61.5
61.4
61.4
61.3
61.2
61.2
61.2
61.1
61.1
61.1
61.1
61.1
61.1
61.0
61.0
61.0
60.9
60.9
60.9
60.9
61.0
61.2
61.2
61.2
61.2
61.1
61.1
61.1
61.1
61.1
61.0
61.0
61.1
61.0
61.0
61.0
61.0
61.0
61.0
61.0
61.0
61.0
61.0
60.9
60.9
61.0
61.0
61.0
61.0
60.9
60.9
60.9
60.9
60.9
60.9
60.9
60.9
60.9
60.9
60.9
61.0
61.1
61.1
61.1
61.1
61.1
61.0
61.0
61.0
61.0
61.0
61.1
61.0
61.1
61.1
61.5
61.7
61.8
61.7
61.6
61.5
61.5
61.7
61.7
61.6
61.5
61.5
61.4
61.3
61.3
61.3
61.2
61.2
61.1
61.1
61.1
61.1
61.1
61.1
61.1
61.0
66.3
66.0
65.8
65.2
64.7
64.3
63.9
64.0
63.9
63.6
63.2
62.9
62.6
62.4
62.2
62.1
62.0
61.8
61.7
61.6
61.5
61.5
61.4
61.4
61.3
61.2
61.2
61.1
61.1
61.2
61.2
61.1
61.2
61.1
61.1
61.2
61.2
61.1
61.1
61.1
61.1
61.1
61.1
61.1
61.1
61.1
61.0
61.0
61.1
61.1
61.0
61.1
61.1
61.1
61.0
61.0
61.0
61.0
61.0
61.0
61.1
61.0
61.0
61.5
61.4
61.3
61.3
61.3
61.3
61.2
61.2
61.2
61.1
61.1
61.1
61.0
61.0
61.0
60.9
60.9
61.0
61.1
61.1
61.1
61.0
61.1
61.5
61.4
61.4
61.4
61.3
61.2
61.2
61.2
61.1
61.1
61.1
61.1
61.0
61.0
61.0
61.0
60.9
60.9
60.9
60.9
60.9
60.8
60.8
61.1
61.0
61.0
61.0
61.0
61.0
61.0
61.1
61.0
61.0
61.0
61.2
61.6
61.9
62.2
62.1
62.1
62.0
61.8
61.7
61.6
61.6
61.5
61.4
61.4
61.3
61.3
61.3
61.3
61.2
61.2
61.1
61.2
61.1
61.1
61.1
61.1
61.0
61.0
61.0
61.0
61.0
61.0
61.0
61.0
61.0
61.0
60.9
61.0
61.3
61.5
61.4
61.3
61.3
61.3
61.2
61.2
61.1
61.1
61.1
61.0
61.1
61.1
61.1
61.0
61.0
61.0
61.0
61.2
61.2
61.1
61.1
61.0
61.0
61.0
61.0
60.9
61.0
61.0
60.9
60.9
60.9
60.9
60.9
60.9
60.9
60.9
60.8
60.8
60.9
60.9
60.9
60.9
60.9
60.9
60.9
60.9
60.8
60.8
60.9
60.9
60.9
60.9
60.9
60.9
60.9
60.9
60.9
60.9
60.9
60.9
60.9
61.4
61.3
61.3
61.3
61.3
61.3
61.3
61.2
61.2
61.1
61.1
61.1
61.0
61.0
61.0
61.0
60.9
60.9
60.9
61.4
61.3
61.5
61.5
61.5
61.4
61.4
61.4
61.4
61.3
61.2
61.2
61.1
61.2
61.1
61.1
61.1
61.1
61.0
61.7
61.6
61.4
61.4
61.6
62.1
62.0
61.8
61.7
61.6
61.5
61.4
61.4
61.3
61.3
61.2
61.2
61.2
61.1
61.1
61.0
61.0
61.0
61.0
60.9
60.9
60.9
61.0
61.0
60.9
60.9
60.9
60.8
60.9
60.9
60.9
61.1
61.1
61.1
61.1
61.0
61.0
61.2
61.1
61.5
61.8
61.7
61.6
61.7
61.6
61.5
61.5
61.4
61.3
61.2
61.2
61.1
61.1
61.1
61.1
61.1
61.0
61.0
60.9
61.0
61.0
60.9
60.9
61.0
61.0
61.5
61.5
61.4
61.3
61.2
61.3
61.2
61.2
61.1
61.1
61.0
61.1
61.0
61.0
61.1
61.1
61.1
61.1
61.1
61.1
61.0
61.0
61.1
61.0
61.0
61.0
61.0
61.0
60.9
61.0
61.0
61.4
61.7
61.6
61.5
61.5
61.4
61.9
61.9
61.9
61.8
61.7
61.6
61.4
61.4
61.3
61.3
61.2
61.1
61.1
61.1
61.0
61.0
61.0
61.0
60.9
61.0
60.9
60.9
61.0
61.0
61.1
61.1
61.6
61.6
61.5
61.4
61.3
61.3
61.2
61.2
61.3
61.3
61.2
61.2
61.2
61.1
61.5
61.5
61.4
61.4
61.3
61.2
61.1
61.1
61.1
61.1
61.0
61.0
61.0
61.0
61.0
60.9
60.9
60.9
60.9
60.9
60.9
61.0
61.0
60.9
60.9
60.9
71.1
61.3
61.2
61.1
61.1
61.0
61.0
60.9
60.9
60.9
60.9
60.9
60.9
60.9
60.9
60.8
60.8
60.9
60.8
61.1
61.0
61.0
60.9
60.9
60.9
60.9
60.9
60.9
61.0
61.0
61.0
61.1
61.1
61.2
61.3
61.2
61.2
61.2
61.2
61.2
61.1
61.1
61.1
61.1
61.0
61.1
61.1
61.1
61.5
61.8
62.1
62.0
61.9
61.8
61.8
68.4
61.1
61.0
61.0
61.0
60.9
61.0
60.9
60.9
60.9
60.9
60.8
60.8
60.9
60.9
60.8
60.8
60.8
60.8
60.8
60.8
60.8
60.8
60.8
60.8
60.8
60.8
60.8
61.0
61.3
61.2
61.2
61.1
61.1
61.1
61.0
61.0
61.0
61.0
61.0
60.9
60.9
60.9
60.9
60.9
60.9
61.0
61.0
60.9
60.9
60.9
60.9
60.9
60.9
61.0
61.0
60.9
61.0
61.0
60.9
60.9
60.9
60.9
60.9
60.8
60.8
60.8
60.8
60.8
60.8
60.9
60.9
60.9
60.9
60.9
61.2
61.1
61.1
61.1
61.1
61.1
68.4
60.7
60.7
60.7
60.7
60.7
60.8
60.8
60.8
60.8
60.8
60.7
60.8
60.8
60.8
60.8
66.1
60.9
60.9
60.8
60.8
60.8
60.8
60.8
60.8
60.9
60.8
60.9
60.9
60.9
60.9
60.9
68.6
68.0
67.5
67.1
60.9
61.0
61.0
61.0
60.9
60.9
60.9
60.9
60.9
60.9
61.4
61.3
61.3
61.2
61.1
61.1
61.1
71.1
63.4
63.0
62.8
62.7
62.4
62.2
62.2
62.0
62.0
61.9
61.8
61.6
61.6
61.5
61.4
61.4
61.3
61.2
61.2
61.1
61.1
61.1
61.6
61.5
61.4
61.3
61.3
61.2
61.3
61.3
61.2
61.1
61.1
61.0
61.0
61.0
61.0
61.0
61.0
61.0
61.0
61.0
61.0
61.0
60.9
60.9
61.0
60.9
60.9
60.9
60.9
60.9
60.9
60.9
60.9
61.0
61.0
61.0
61.0
61.0
61.0
61.0
61.0
60.9
60.9
60.9
60.9
60.9
60.9
60.9
61.0
61.0
61.0
61.1
61.0
61.0
61.0
67.6
67.2
60.9
60.9
60.9
60.9
60.8
60.8
60.8
60.8
60.8
60.8
60.9
60.9
60.9
60.8
60.9
60.9
60.9
60.9
60.9
61.0
61.4
61.8
61.7
61.5
61.5
61.4
61.3
61.3
61.2
61.2
61.3
61.2
61.2
61.1
61.0
61.0
61.0
61.0
61.0
61.1
61.1
61.1
61.1
61.1
61.0
61.0
61.0
61.0
61.0
61.0
61.0
61.0
60.9
60.9
60.9
60.9
60.9
60.9
60.8
60.8
60.8
60.8
60.8
60.8
60.8
60.8
60.8
60.8
60.8
60.8
60.8
60.7
60.8
60.9
60.9
61.0
61.2
61.1
61.1
61.0
61.0
61.0
61.0
66.7
60.7
60.7
60.7
60.7
60.8
60.8
60.8
60.8
60.8
60.8
60.8
60.7
60.9
60.8
60.8
60.8
60.9
60.8
60.8
60.8
60.8
60.8
60.8
60.9
60.9
60.9
60.9
60.9
60.9
60.9
60.9
61.4
61.3
61.3
61.3
61.2
61.2
61.1
61.1
61.1
61.1
61.1
61.1
61.0
61.0
61.0
61.1
61.0
61.0
61.1
61.0
61.0
61.1
61.3
61.3
61.9
62.2
62.4
62.3
62.1
61.9
62.0
61.9
61.8
61.7
61.6
61.5
61.4
61.3
61.3
61.3
61.2
61.2
61.1
61.1
61.1
61.1
61.1
61.0
61.1
61.0
61.0
61.0
61.0
61.2
61.2
61.2
61.2
61.1
61.1
61.1
61.4
61.3
61.2
61.2
61.2
61.1
61.1
61.1
61.1
61.1
61.0
61.0
61.0
61.0
61.0
60.9
61.0
61.0
60.9
60.9
60.9
60.9
60.9
60.9
61.1
61.0
61.0
61.0
61.0
61.0
61.0
60.9
61.0
61.0
60.9
60.9
60.9
60.9
60.9
60.9
60.9
60.9
60.8
60.9
60.9
61.2
61.1
61.1
61.0
61.0
61.0
61.0
61.0
61.0
61.0
61.0
61.0
61.0
61.0
61.0
61.0
60.9
60.9
60.9
60.9
71.7
63.8
63.5
63.2
63.0
62.8
62.6
62.3
62.2
62.1
62.0
61.8
61.7
61.6
61.5
61.4
61.4
61.3
61.3
61.6
62.0
62.3
62.4
62.2
62.1
62.0
62.0
61.9
61.7
61.6
61.5
61.5
61.4
61.4
61.3
61.3
61.2
61.1
61.1
61.1
61.1
61.1
61.1
61.0
61.0
61.0
61.0
61.5
61.4
61.4
61.3
61.3
61.2
61.2
61.3
61.2
61.2
61.2
61.2
61.1
61.1
61.1
61.1
61.1
61.0
61.3
61.3
61.2
61.2
61.2
61.2
61.6
61.5
61.5
61.5
61.4
61.4
61.4
61.3
61.3
61.2
61.4
61.3
61.2
61.2
61.2
61.2
61.2
61.1
61.1
61.1
61.2
61.1
61.1
61.0
61.1
61.1
61.1
68.0
62.1
61.9
61.8
61.8
61.8
61.7
61.6
61.6
61.5
61.5
61.4
61.4
61.3
61.3
61.3
61.5
61.5
61.4
61.4
61.3
61.3
61.3
61.3
61.2
61.2
61.2
61.1
61.1
61.1
61.1
61.1
61.0
61.1
61.0
61.0
61.1
61.0
61.0
61.0
61.2
61.7
62.0
62.3
62.2
62.1
62.0
62.0
61.8
61.8
61.9
61.7
61.7
61.6
61.5
61.4
61.4
61.3
61.3
61.2
61.2
61.2
61.1
61.1
61.5
61.4
61.3
61.3
61.3
61.3
61.2
61.2
61.1
61.1
61.1
61.1
61.1
61.1
61.1
61.1
61.0
61.0
61.0
61.0
66.5
61.1
61.0
61.2
69.2
61.1
61.0
61.2
61.1
61.1
61.1
61.1
61.0
61.0
61.0
61.0
61.1
61.1
61.1
61.1
61.0
61.0
61.0
61.1
61.1
61.0
61.0
61.0
61.1
61.1
61.1
61.1
61.3
61.5
71.1
61.3
61.2
61.2
61.3
61.3
61.3
61.3
61.3
61.3
61.2
61.2
61.2
61.2
61.2
61.1
61.1
61.1
61.1
61.1
61.2
61.1
68.4
60.9
60.9
61.0
61.5
61.5
61.5
61.4
61.4
61.3
61.3
61.2
61.2
61.1
61.1
61.2
61.2
61.1
61.1
61.1
61.7
62.1
62.5
62.5
62.3
62.1
62.0
61.8
61.7
61.6
61.7
61.6
61.5
61.6
61.5
61.5
61.6
61.5
61.4
61.4
61.3
61.3
61.4
61.3
61.3
61.2
61.3
61.3
61.3
61.3
61.3
61.2
61.2
61.1
61.1
61.1
61.1
61.0
61.0
61.0
61.0
61.0
61.0
61.0
61.0
61.0
61.0
60.9
61.0
60.9
60.9
60.9
60.9
60.9
60.9
60.9
60.9
60.9
60.9
60.9
60.9
60.9
61.0
60.9
60.9
60.9
61.0
61.0
61.0
61.0
61.0
61.1
61.1
61.1
61.0
61.0
61.0
61.0
61.0
61.0
61.5
62.1
61.9
62.3
62.9
62.6
62.6
62.4
62.4
62.3
62.2
62.1
62.0
62.1
62.1
61.9
61.8
61.7
61.6
61.6
62.1
61.9
61.8
61.8
61.7
61.5
61.5
61.4
61.4
61.3
61.3
61.3
61.3
61.2
61.2
61.1
61.1
61.1
61.1
61.1
61.4
61.4
61.4
61.3
61.4
61.4
61.3
61.3
61.2
61.3
61.2
61.2
61.2
61.2
61.2
61.2
61.2
61.1
61.2
61.2
61.2
61.2
61.2
61.2
61.1
61.1
61.1
61.1
61.1
61.2
61.2
61.1
61.2
61.1
61.2
61.1
61.1
61.1
61.1
61.1
61.1
61.1
61.1
61.1
61.1
61.1
61.0
61.1
61.1
61.2
61.7
61.6
61.6
61.5
61.5
61.4
61.3
61.3
61.5
61.4
61.3
61.3
61.2
61.1
61.1
61.1
61.0
61.1
69.0
60.7
60.7
60.7
60.7
60.8
60.8
67.4
61.1
61.0
61.0
61.0
61.3
61.3
61.3
61.2
61.1
61.1
61.1
61.1
61.1
61.1
61.1
61.5
61.4
61.4
61.4
61.7
61.6
61.6
61.5
61.4
61.4
61.3
61.3
61.2
61.2
61.2
61.2
61.1
61.2
61.2
61.2
61.1
61.1
61.1
61.1
61.1
61.1
61.1
61.1
61.1
61.6
62.0
62.3
62.5
62.5
62.3
62.1
62.0
61.9
61.7
61.7
61.6
61.5
61.5
62.1
62.0
61.9
61.8
61.7
61.6
61.5
61.4
61.4
61.3
61.8
61.7
61.6
61.5
61.4
61.4
61.3
61.3
61.4
71.9
71.6
61.7
61.5
61.5
61.4
61.3
61.2
61.3
61.2
61.1
61.1
61.1
61.1
61.0
61.0
61.0
61.0
61.0
61.0
61.0
61.0
60.9
60.9
60.9
60.9
60.9
67.8
60.9
60.9
60.8
60.9
60.9
60.9
60.9
60.9
60.9
60.9
61.0
60.9
60.9
60.9
60.9
61.1
61.0
61.0
61.0
61.1
61.1
61.5
61.5
61.4
61.3
61.3
61.2
61.2
61.1
61.1
61.2
61.1
61.1
61.1
61.1
61.1
61.1
61.1
61.0
61.0
61.1
61.5
61.4
61.3
61.3
61.3
61.2
61.2
61.1
61.1
61.1
67.4
60.7
60.7
60.7
60.7
60.8
60.8
60.8
61.0
61.4
61.4
61.3
61.3
61.4
61.3
61.3
61.2
61.2
61.2
61.2
61.2
61.1
61.1
61.1
61.1
61.0
61.0
61.0
61.0
61.0
61.0
61.0
61.5
61.5
61.4
61.3
61.3
61.4
61.3
61.2
61.2
61.2
61.1
61.1
61.1
61.1
61.1
61.0
61.0
61.1
61.0
61.0
61.0
61.0
61.0
61.0
61.0
61.0
61.1
61.2
61.3
61.2
61.1
61.2
61.2
61.2
61.2
61.2
61.2
61.3
61.2
61.2
61.1
61.1
61.1
61.0
61.0
61.0
61.0
61.0
61.0
61.2
61.1
61.1
61.1
61.1
67.4
60.9
60.9
60.9
60.9
60.9
60.9
60.9
60.9
60.9
60.9
61.0
61.0
61.0
61.0
61.0
61.1
61.1
61.0
61.0
61.0
61.0
61.0
61.0
61.0
61.0
61.0
61.0
61.0
61.0
61.0
61.0
61.0
61.0
60.9
60.9
60.9
60.9
60.9
60.8
60.9
61.0
61.2
61.6
61.9
62.2
62.6
62.4
62.2
62.1
61.9
61.8
61.7
61.6
61.5
61.4
61.4
61.3
61.4
71.9
60.9
60.9
60.9
60.9
60.9
60.9
60.9
60.8
61.1
61.1
61.1
61.2
61.2
61.2
61.1
61.1
61.1
61.1
61.0
61.0
61.0
61.0
61.0
61.0
60.9
60.9
60.9
60.9
60.9
60.9
60.9
60.9
60.9
66.5
65.8
65.2
64.7
64.2
63.7
63.4
63.1
62.8
62.5
62.3
62.1
62.0
61.8
61.7
61.6
61.5
61.5
61.4
61.3
61.3
61.2
61.2
61.2
61.2
61.1
61.1
61.0
61.0
