42.0
60.4
60.3
60.3
60.3
60.3
60.6
60.5
60.7
60.7
60.8
60.8
60.9
61.0
60.9
60.9
60.8
60.8
60.7
60.7
60.7
60.6
60.6
60.6
60.6
60.6
60.6
60.5
60.5
60.5
60.5
60.5
60.5
60.5
60.7
66.7
60.5
69.4
69.6
69.5
60.5
60.6
60.5
68.2
67.7
60.5
60.4
60.4
60.5
60.4
60.5
60.5
60.4
60.5
60.5
60.5
60.5
61.0
61.0
61.0
61.0
60.9
60.9
61.5
61.4
61.2
61.1
61.0
61.0
61.0
60.9
60.8
60.8
60.7
60.7
60.7
60.6
60.7
60.6
60.6
60.7
60.6
60.6
60.7
60.7
60.7
60.7
60.7
60.6
60.6
60.6
60.6
60.6
60.6
60.5
60.6
60.6
60.5
60.5
60.5
60.6
60.6
60.5
60.7
60.6
60.7
60.6
60.6
60.7
60.7
60.7
60.7
60.6
60.6
60.6
60.6
60.6
60.6
60.6
60.6
60.6
60.5
60.6
68.0
60.7
60.7
60.6
60.6
60.7
60.7
60.7
60.7
60.7
60.7
60.7
60.7
60.7
61.0
61.0
60.9
60.9
60.8
60.8
60.8
60.7
60.7
60.7
60.7
60.7
60.7
60.7
60.7
60.7
71.3
60.5
60.5
60.5
60.5
60.5
68.2
60.3
60.3
60.3
60.4
60.4
66.3
60.5
60.5
60.6
60.5
60.6
60.6
60.6
60.6
60.7
60.7
60.6
60.7
60.7
61.0
61.0
60.9
60.9
60.8
61.2
61.1
61.2
61.1
61.0
61.0
61.0
60.9
60.9
60.9
60.8
60.8
60.8
60.7
60.7
60.7
60.7
60.7
60.7
60.7
60.7
60.7
60.6
60.7
60.7
60.7
60.6
60.6
60.7
60.6
60.6
60.6
60.6
60.6
60.6
60.7
60.6
60.6
60.6
60.6
60.6
60.6
60.6
60.7
60.7
61.0
61.1
61.1
61.0
60.9
60.9
60.8
60.8
66.7
60.5
60.5
60.5
60.5
60.5
60.5
60.5
60.6
60.6
60.6
60.6
60.6
60.6
60.6
60.6
60.6
60.6
60.7
60.7
60.7
60.7
60.7
60.7
60.7
60.7
60.7
60.8
60.7
60.7
60.7
60.7
60.7
60.7
60.7
60.7
60.7
60.6
60.6
60.7
60.7
60.6
61.2
61.5
61.4
61.3
61.2
61.1
61.1
61.0
60.9
61.0
61.1
61.0
60.9
60.9
61.0
60.9
60.9
60.9
60.8
60.8
60.8
61.0
61.2
61.2
61.1
61.2
61.4
61.4
61.3
61.2
61.2
61.1
61.0
61.0
60.9
61.0
60.9
60.8
60.8
60.8
60.8
61.0
68.6
60.7
60.7
60.7
60.6
60.6
60.6
60.6
60.6
60.6
60.6
60.6
60.7
60.6
60.6
60.7
60.7
60.7
60.7
60.7
60.7
60.7
60.7
60.7
60.8
60.7
60.7
60.7
60.7
60.7
60.8
60.8
60.7
60.7
60.7
60.7
60.7
66.7
60.9
60.8
61.2
61.2
61.1
61.1
61.0
61.0
60.9
60.9
60.9
60.9
60.9
60.8
60.8
60.8
60.8
60.8
60.8
60.8
66.5
60.5
60.7
60.7
60.7
60.8
60.8
60.8
60.8
60.8
60.8
60.7
60.8
60.7
61.0
70.9
60.5
60.6
60.6
60.6
60.6
60.6
60.6
60.7
61.3
61.2
61.2
61.2
61.1
61.2
61.2
61.1
61.3
61.2
61.2
61.3
61.3
61.2
61.2
61.1
61.1
61.0
61.0
60.9
60.9
60.9
60.8
60.8
60.8
60.8
60.8
60.8
60.8
60.8
60.8
60.8
60.7
60.8
60.8
60.7
60.7
60.9
60.9
61.1
61.1
61.1
61.0
60.9
60.9
60.9
60.9
60.9
60.9
60.9
60.9
60.8
60.8
60.8
60.8
60.8
60.8
61.1
61.0
61.0
61.1
61.1
61.0
61.0
60.9
60.9
60.9
60.8
60.8
60.9
60.9
60.9
60.9
60.8
60.8
60.8
60.7
60.8
60.9
61.5
61.4
61.3
61.2
61.2
61.1
61.1
61.0
61.0
61.0
61.0
67.1
61.7
61.6
61.4
61.4
61.6
61.5
61.4
61.3
61.4
61.3
61.3
61.2
61.1
61.0
60.8
60.7
60.7
60.7
60.7
60.7
60.7
60.6
60.7
60.6
60.6
60.6
60.7
60.7
60.7
60.7
60.7
60.7
60.7
60.7
60.7
60.7
60.8
60.7
60.7
60.7
60.7
61.2
61.1
61.1
61.0
61.0
60.9
60.9
60.8
60.8
60.8
60.8
60.7
60.7
60.7
60.7
60.7
60.7
60.7
60.7
61.0
60.9
60.9
60.8
60.8
60.8
61.2
61.1
61.1
61.0
61.0
60.9
60.9
60.9
60.8
60.8
60.8
60.8
60.8
60.7
60.8
60.9
60.9
60.9
60.8
60.8
60.9
60.8
61.0
61.0
60.9
60.9
60.9
60.9
60.8
60.8
60.8
60.8
60.8
60.7
60.7
60.8
60.7
60.7
60.8
60.8
60.7
60.8
60.8
60.7
67.4
60.9
60.8
60.8
60.7
60.7
60.8
60.8
60.8
60.7
60.7
60.7
65.9
60.5
60.5
60.5
60.6
60.6
60.6
60.6
60.6
60.6
61.3
61.6
61.9
61.8
61.6
61.5
61.4
61.5
61.5
61.3
61.2
67.6
67.7
60.3
60.3
60.4
60.4
60.5
60.5
60.5
60.7
60.7
60.7
60.7
60.7
60.7
60.6
60.6
60.6
60.6
60.6
60.6
60.7
60.7
60.7
67.4
61.3
61.2
61.1
61.0
61.0
61.0
60.9
60.9
60.9
60.9
60.8
60.8
60.8
60.7
60.7
60.7
60.6
60.6
60.6
60.6
60.6
60.6
60.6
60.6
60.6
60.6
60.7
60.7
60.7
60.7
60.7
60.7
60.7
60.7
60.8
60.8
60.8
60.8
60.8
60.7
60.8
60.7
60.7
60.7
60.7
60.8
60.8
60.7
61.3
61.3
61.2
61.2
61.1
61.1
61.0
61.0
60.9
60.9
60.9
60.9
61.0
61.0
61.0
61.0
61.2
61.2
61.5
61.4
61.7
61.9
61.7
61.6
61.5
61.4
61.3
61.2
61.2
61.1
61.1
61.0
60.9
60.9
60.9
60.8
60.8
60.8
60.8
60.8
60.7
60.7
60.8
60.8
60.8
60.8
60.7
60.7
60.7
60.7
60.8
66.5
60.9
60.9
60.9
60.9
60.9
60.9
60.9
60.9
60.9
60.9
61.0
60.9
60.9
60.9
60.8
60.8
60.8
60.8
60.7
60.7
60.7
60.7
60.7
60.7
60.7
60.6
60.7
60.6
60.6
60.7
61.0
60.9
60.9
60.9
61.1
61.0
60.9
60.9
60.9
66.5
60.7
60.6
60.6
60.7
60.7
60.7
60.7
60.7
60.7
61.1
61.0
61.0
61.0
61.0
60.9
60.8
60.8
60.8
60.8
60.8
60.8
60.8
60.8
60.7
60.7
60.8
60.8
60.7
60.7
60.7
60.7
60.7
61.3
61.3
61.2
61.1
61.1
61.0
61.0
61.0
60.9
60.9
60.8
60.8
60.8
60.8
60.7
60.9
60.8
60.8
60.8
60.8
60.7
61.0
61.0
60.9
60.9
60.9
60.8
60.8
60.9
61.3
61.3
61.2
61.1
61.1
61.1
61.0
61.0
61.0
60.9
60.9
60.9
60.9
60.8
60.9
60.9
60.9
60.8
60.8
61.4
61.3
61.8
61.7
61.7
61.5
61.4
61.3
61.2
61.2
61.1
61.0
61.1
61.1
61.0
61.0
60.9
60.9
60.9
60.8
60.8
60.8
60.8
60.7
60.7
60.7
60.7
60.7
60.8
60.7
60.7
60.7
60.7
60.7
61.3
61.2
61.1
61.1
61.1
61.0
61.0
60.9
60.9
60.8
60.8
60.8
60.7
60.7
60.7
60.7
60.7
60.7
60.7
60.7
60.7
60.7
60.7
60.7
60.7
60.6
60.7
60.7
60.7
60.7
60.7
60.9
60.8
60.9
60.8
60.8
60.8
60.8
60.7
60.7
60.8
60.7
60.7
60.7
60.7
60.6
60.7
60.7
60.8
60.9
60.9
60.9
61.0
60.9
60.9
60.9
60.9
61.3
61.2
61.2
61.1
61.0
61.0
60.9
61.0
61.0
61.0
61.1
61.0
60.9
60.9
60.9
60.9
60.8
60.8
60.8
68.8
60.7
60.6
60.6
66.3
65.6
65.0
64.5
64.0
64.6
64.1
63.6
63.4
63.1
62.8
62.5
62.3
62.1
62.0
61.8
61.8
61.6
61.5
61.4
61.3
61.2
61.2
61.2
61.2
61.1
61.0
61.0
60.9
60.9
61.0
61.0
61.0
60.9
60.9
60.9
61.2
61.2
61.2
61.1
61.1
61.0
61.0
60.9
60.9
60.9
60.9
60.8
60.8
60.8
60.8
60.8
60.8
60.8
60.8
60.8
60.9
60.9
61.5
61.5
61.4
61.3
61.2
61.2
61.1
61.1
61.0
61.0
61.0
60.9
60.9
61.0
60.9
60.9
60.9
61.1
61.0
61.0
60.9
60.9
60.9
60.9
60.8
60.8
60.8
60.7
67.1
60.5
60.4
60.5
60.5
60.5
60.5
60.5
60.5
60.5
60.5
60.5
67.8
61.3
61.2
61.2
61.2
61.1
61.1
61.0
61.0
61.0
61.0
60.9
60.9
60.9
60.9
60.9
60.9
60.8
60.9
60.9
60.9
60.9
60.9
60.9
61.0
61.0
61.0
60.9
60.9
60.9
61.3
61.4
61.3
61.4
61.3
61.2
61.5
61.5
61.6
66.9
67.0
60.5
60.5
60.6
61.1
61.1
61.4
71.7
61.7
61.5
61.4
61.4
61.4
61.3
61.2
61.2
61.1
61.1
61.0
61.1
61.1
61.0
61.0
60.9
60.9
60.9
60.9
60.9
73.0
60.7
60.6
60.6
60.7
60.7
60.7
60.7
60.7
60.7
60.8
60.7
60.8
60.8
60.8
60.8
60.8
60.8
60.8
60.8
60.9
60.9
60.9
60.8
60.8
60.8
60.8
60.9
60.9
60.8
60.8
60.8
60.8
60.8
60.8
60.7
60.7
60.7
60.7
60.7
60.7
60.6
60.6
60.6
60.6
60.6
60.6
60.6
60.6
60.6
60.7
60.8
60.8
60.8
60.8
60.8
60.8
61.2
61.3
61.2
69.6
60.9
60.8
60.8
60.8
60.7
60.7
60.8
60.7
60.7
60.7
60.7
60.7
60.7
60.7
60.7
60.7
60.7
60.7
60.7
60.7
60.7
60.7
60.8
60.8
60.8
60.7
60.7
60.7
60.7
60.7
60.7
60.7
60.6
60.7
60.7
60.7
60.8
60.8
60.8
60.8
60.8
60.7
60.7
60.7
60.7
60.7
60.7
60.7
60.7
61.3
61.4
61.4
61.3
61.2
61.2
61.1
61.1
61.1
61.1
61.0
61.0
61.0
61.0
60.9
60.9
60.9
60.9
60.9
60.8
60.8
60.8
60.8
60.8
60.9
61.2
61.3
61.2
61.1
61.1
61.0
61.0
61.0
60.9
60.9
61.0
61.0
61.0
61.0
60.9
60.9
60.9
60.9
60.8
60.8
60.8
60.8
60.8
60.8
60.8
61.2
61.2
61.1
61.1
61.0
61.0
61.0
60.9
60.9
61.0
61.0
60.9
60.9
60.9
60.9
61.1
61.1
61.0
60.9
60.9
60.9
60.9
60.9
61.3
61.2
61.1
61.1
61.0
61.0
60.9
60.9
60.8
60.8
60.9
60.8
60.8
60.8
60.8
60.7
60.7
60.7
60.7
60.7
60.7
60.8
60.8
60.8
60.8
60.8
60.9
60.8
60.8
60.8
60.8
60.8
60.8
60.8
60.8
60.9
60.8
60.8
60.8
60.8
60.8
60.8
60.8
60.7
60.7
70.9
60.5
60.5
60.5
60.5
60.5
60.5
60.6
60.6
60.7
60.7
60.6
60.6
60.6
60.6
60.6
60.7
60.6
60.6
60.6
60.7
60.6
60.7
60.7
60.8
60.8
60.8
60.8
60.8
60.8
60.7
60.7
60.7
60.7
60.7
60.7
60.7
60.7
60.7
60.7
60.7
60.7
60.7
60.7
60.8
60.7
61.1
61.0
61.0
61.0
60.9
60.9
60.8
60.8
60.9
60.9
60.9
60.9
60.9
60.8
60.8
60.8
60.8
60.8
60.8
60.8
60.8
60.9
60.8
60.8
60.9
60.8
60.8
60.8
60.7
60.7
60.7
60.8
60.8
60.8
60.8
60.7
60.7
60.7
60.7
60.8
60.9
60.9
70.1
60.7
60.7
60.7
60.7
60.7
60.7
60.7
60.7
60.7
60.9
61.5
61.4
61.3
61.3
61.2
61.1
61.1
61.1
61.0
60.9
60.9
60.9
60.8
60.9
60.9
60.8
60.9
60.8
60.9
61.0
60.9
61.0
61.0
61.1
61.0
61.0
60.9
60.8
60.9
60.9
60.9
60.8
60.8
60.8
60.8
60.9
60.9
60.9
60.8
60.8
61.1
61.0
61.0
60.9
60.8
60.9
60.9
60.9
60.8
60.8
60.8
60.7
60.7
60.7
60.7
60.7
60.7
60.7
60.7
60.7
60.7
60.8
60.7
60.7
60.8
61.3
61.2
61.1
61.0
61.0
60.9
60.9
60.8
60.8
60.8
60.8
60.8
60.7
60.7
60.7
60.7
60.7
60.7
60.8
60.7
60.7
60.7
60.7
60.7
60.7
60.7
60.7
60.7
60.7
60.7
60.7
60.7
60.7
60.7
60.7
67.1
66.6
60.5
60.5
60.6
65.9
65.3
65.5
64.9
64.4
63.9
63.4
63.1
62.8
62.4
62.4
62.1
61.9
61.7
61.6
61.4
61.3
61.2
61.1
61.1
61.0
60.9
60.9
60.8
60.8
60.8
60.8
60.7
60.7
60.7
60.7
60.6
60.6
60.6
60.6
60.5
60.5
60.5
60.5
60.6
60.6
60.6
60.6
60.5
60.7
60.7
60.7
60.6
60.7
60.7
60.6
60.6
60.6
60.5
60.5
60.5
60.5
60.5
60.4
60.4
60.4
60.5
60.4
60.5
60.5
60.5
60.5
60.5
60.5
60.5
60.5
60.5
60.5
60.5
60.5
60.5
60.5
60.5
60.5
60.5
60.4
60.5
60.5
60.5
60.5
60.5
60.5
60.5
60.5
60.5
60.5
60.4
60.5
60.5
60.4
60.4
60.5
60.9
60.8
60.8
60.8
60.8
60.7
60.8
60.7
60.7
60.6
60.6
60.6
60.6
60.6
60.5
60.5
60.7
60.6
60.6
60.6
60.6
60.7
60.6
60.6
60.6
60.5
60.5
60.5
60.5
60.5
60.5
60.5
60.9
61.4
61.3
61.2
61.1
61.0
60.9
60.9
60.8
60.8
60.7
60.7
60.7
60.7
60.6
60.6
60.6
60.6
60.6
60.6
60.6
60.5
60.5
61.0
61.0
60.9
60.9
60.8
60.8
60.7
60.8
60.8
60.7
60.7
60.7
60.6
60.6
60.6
60.6
60.6
60.6
60.6
60.6
60.5
60.5
60.5
60.5
61.0
60.9
60.9
60.8
60.8
60.7
60.7
60.7
60.7
60.7
60.6
60.8
60.9
61.2
61.7
61.5
61.4
61.3
61.2
61.0
61.0
60.9
60.9
60.8
60.8
67.4
67.1
60.7
60.6
60.6
60.5
60.5
60.5
60.5
60.5
60.6
60.5
60.5
60.5
60.5
60.5
60.8
60.8
60.8
60.8
60.7
60.7
60.9
69.4
68.8
62.6
62.3
62.1
61.9
61.7
61.6
61.5
61.3
61.2
61.2
61.1
61.0
60.9
60.9
60.8
60.8
60.8
60.8
60.7
60.7
60.7
60.6
60.6
60.6
60.8
60.8
60.9
60.8
60.8
60.8
60.8
60.8
60.8
60.7
60.7
60.7
60.7
60.7
60.7
60.6
60.9
60.8
60.8
60.8
60.7
60.7
60.7
60.7
60.6
60.6
60.6
60.6
60.7
60.7
60.7
60.6
