ackermann-function:  38,484.6 102,424.5 91,052.1 625,083.2 883,237.5 458,582,493,600 159,003,027,762.5 1,348,203,948.8 181,980,944,346.4 183,236,823,984,507.22 6,205,446,194.9 1,355,496.7 113,359.5 943,371,397.8
array-concatenation:  9,262.5 256.8 4,403.2 78,950.7 682,981.6 4,155,677,670.4 41,232,636.9 367,027.2 4,368,874.4 6,231,859.2 1,419,857 3,753,051,978.5 23,834,787,840 10,775
call-an-object-method:  436.5 262.4 276 1,490.4 19.5 153,932,421.6 13,235,919,660.8 44,409,600 45,755,176,779 1,330,283,704,969,305 337,175,308.8 60,838,412.8 1,765.8 21
classes:  59.7 1,833.3 1,946.7 355.2 161,765.1 3,497,404.1 2,864.7 544.8 956 7,376,852.1 1,082.4 596 820.8 99.7
factorial:  7,768,592 31,308,619.3 19,330,512.3 29,976,445.4 53,973,108 4,885,671,187,200 350,477,866,319,668.06 187,472,281,600 34,724,265,192,416 2,204,369,581,195,279.8 2,605,330,197,600 1,175,085,141.3 7,499,679.2 3,824,761.6
file-input-output:  132,232,262.4 2,647,359,000 37,467,187.5 585,897.3 11,037.5 4,892,164,522,086.4 75,174,400 465,510.4 50,020,044.8 277,665,841,734.6 4,192,262.9 549,811.8 1,880,568,779,580 89,089,662,961.2
huffman-coding:  31,455,475.2 18,208.8 192,224,342.4 4,540,724.4 24,018,674.4 194,534,988.8 4,594,663,634.4 9,386,822.7 142,383,725 2,642,025,870,131.2 27,307,368,211.2 1,987,670,413 2,001,220,227.8 17,683,276,096,100
json:  1,114,112 947,362.5 14,521,354,100 2,530,105.2 185,200 730,590,305,737,500 1,890,151.2 74,240 379,562,906 6,897,475,277.7 2,556,905,257.6 229,024,800 8,713,799,255.8 259,811.2
palindrome-detection:  72,368,802,777.6 8,877,033 64,074,768,793.6 31,648,870,646.4 4,849,084,823,666 211,025,881,588,912 8,244,587,200,057,525 822,058,169.9 61,181,074,998.5 741,533,330,391,796,990 14,787,253,555.2 1,945,972,467,164,726.5 1,967,427,710,531,221.2 6,012,500
regular-expressions:  45,104.5 1,301,127,883.2 17,447,594,400 174,914,430,566.4 284.8 137,859,732 24.1 1,530.9 1,525,486.5 2,454,800,774.4 10,125 9,132,912 6,198,833,426.4 78,121,873.6
sorting-algorithms-bubble-sort:  345,600 11,718,914.5 60,548,787.2 14,451,614.1 838,350 40,608,473,185.8 2,208,559,489,357.9 719,331,417,195.2 5,610,690,981,600 6,845,332,688,229.6 1,460,542,239,129.6 10,853,285,056.7 533,740,414,500,362.44 1,359,427.1
sorting-algorithms-insertion-sort:  163,400 39,376.4 1,128,857.6 326,419.2 1,544.4 65,625,753.6 262,721,502,753.6 2,667,290,739.3 45,962,500,505.6 411,886,268,163.1 8,794,981,696 157,157,825 12,764,473,344 166,100
sorting-algorithms-merge-sort:  45,893.4 41,022.8 21,729.6 16 5,663,692.8 280,402,705.8 141,411,143,212.5 11,129,812,268 27,573,160,832 195,783,355,290.6 3,669,939,270.2 1,512,589,663.2 898,620,871,884.8 470,377.7
sorting-algorithms-quick-sort:  27 362.4 1,493.1 7,600 34,747,958 1,799,755.2 1,891,529,605.9 200,945,848.8 2,024,042,018.4 52,599,552,940.8 2,985,894,175 32,308,633.6 4,228,120,816,379.1 8,385,509.6
sorting-algorithms-selection-sort:  39,445 604,777.6 2,736,800 635,236 34,608.7 371,721,510.4 135,894,195,158.4 6,367,818,456 142,196,416,790.4 423,137,611,050 154,718,858,748.6 1,727,900,000 14,894,797,209.6 305,510.4
url-decoding:  312.8 1,525.5 35,843.5 25.3 285.6 20,913,405,981.3 4,101,609.6 14.7 3,616,420.5 67,019,439,924.9 991,956 24 359,769.6 25,056
url-encoding:  1,433.7 5,796,403.2 187,200 8,335,750.5 289.6 53,138,729,515.6 4,876,533.6 18.3 1,224,294.4 1,005,305,594,796.8 203,677,416.8 25.3 167,520,102.4 114,015.6
