ackermann-function:  785.4 1,264.5 1,124.1 3,189.2 3,925.5 2,599,674 1,709,250.5 152,580.8 1,845,723.4 60,038,100.8 330,622.1 4,690.3 1,399.5 124,636.2
array-concatenation:  370.5 64.2 275.2 974.7 3,484.6 270,270.4 27,108.9 2,548.8 9,026.6 10,819.2 4,913 256,338.5 646,560 431
call-an-object-method:  436.5 65.6 69 165.6 19.5 47,378.4 492,114.8 27,756 936,819 160,049,745 77,404.8 31,424.8 196.2 21
classes:  59.7 203.7 216.3 88.8 1,997.1 9,688.1 318.3 136.2 239 13,944.9 270.6 149 205.2 99.7
factorial:  11,492 22,869.7 17,750.7 21,896.6 30,597 8,458,572 81,243,308.9 1,830,784 25,850,336 209,599,630.2 6,777,654 135,863.7 11,094.2 7,902.4
file-input-output:  74,961.6 218,790 59,947.5 7,233.3 441.5 9,650,305.6 46,984 7,273.6 25,836.8 2,387,886.6 14,506.1 6,787.8 11,636,895 1,728,922.8
huffman-coding:  24,271.2 505.8 57,141.6 8,583.6 20,777.4 55,884.8 289,409.4 12,876.3 47,069 7,147,100.8 710,833.2 187,357 188,634.2 17,861,444
json:  4,352 4,210.5 502,469 5,737.2 1,852 112,355,295 5,833.8 1,160 84,554 356,993.7 215,209.6 63,618 392,495.8 2,147.2
palindrome-detection:  1,139,594.4 12,177 1,041,798.4 745,802.4 9,538,514 19,214,572 156,636,901 119,329.1 1,071,078.5 1,123,051,388.8 523,924.8 172,266,038.4 154,976,960.6 9,620
regular-expressions:  920.5 150,436.8 538,506 1,186,214.4 71.2 47,277 24.1 170.1 5,278.5 210,459.6 405 12,528 325,500.6 36,919.6
sorting-algorithms-bubble-sort:  2,400 13,934.5 31,275.2 15,038.1 3,726 846,697.8 6,409,629.1 3,616,257.2 10,245,966 11,426,484.6 5,238,974.4 408,494.3 95,668,794.6 4,703.9
sorting-algorithms-insertion-sort:  1,634 803.6 4,409.6 2,266.8 171.6 33,897.6 2,194,539.6 216,483.3 916,025.6 2,807,887.9 401,524 51,953 452,256 1,661
sorting-algorithms-merge-sort:  936.6 837.2 603.6 16 9,832.8 70,648.2 1,624,948.5 451,532 717,752 272,903.4 259,158.2 157,495.8 3,652,692.8 2,783.3
sorting-algorithms-quick-sort:  27 90.6 165.9 304 25,382 5,554.8 185,425.9 59,734.2 194,544.6 1,011,841.2 330,847 22,374.4 8,224,491.9 12,404.6
sorting-algorithms-selection-sort:  805 3,085.6 6,842 3,241 706.3 80,389.6 1,572,194.4 334,374 1,645,106.4 2,854,698 1,685,225.4 172,790 480,849.6 2,121.6
url-decoding:  78.2 169.5 731.5 25.3 71.4 585,465.3 8,474.4 14.7 8,200.5 1,134,980.1 5,061 24 2,498.4 696
url-encoding:  159.3 10,063.2 1,872 11,434.5 72.4 930,283.6 9,218.4 18.3 4,782.4 4,291,482.8 60,546.2 25.3 53,418.4 1,407.6
