ackermann-function:  616,853.16 1,598,960.25 1,263,600.81 10,170,996.64 15,409,550.25 6,758,304,906,276 2,921,537,271,750.25 23,280,900,528.64 3,406,694,869,307.56 3,604,573,547,670,961 109,310,973,008.41 21,998,914.09 1,958,600.25 15,534,182,350.44
array-concatenation:  137,270.25 4,121.64 75,735.04 950,040.09 12,142,437.16 73,046,089,116.16 734,892,459.21 6,496,381.44 81,479,507.56 117,055,088.64 24,137,569 65,709,426,582.25 418,039,833,600 185,761
call-an-object-method:  0 4,303.36 0 27,423.36 380.25 2,244,712,786.56 242,176,976,379.04 770,395,536 877,629,838,761 25,615,920,874,565,024 5,991,503,063.04 987,518,055.04 38,494.44 441
classes:  3,564.09 0 0 0 3,988,408.41 93,859,281.61 101,314.89 0 57,121 194,460,236.01 73,224.36 0 42,107.04 9,940.09
factorial:  132,066,064 523,023,178.09 315,087,350.49 479,461,091.56 936,176,409 71,547,440,279,184 6,600,475,241,020,818 3,351,770,054,656 668,239,871,312,896 43,932,004,979,976,760 45,936,593,743,716 18,458,944,977.69 123,081,273.64 62,447,925.76
huffman-coding:  589,091,149.44 255,833.64 3,265,162,450.56 73,678,188.96 431,700,350.76 3,123,110,871.04 83,757,800,808.36 165,799,101.69 2,215,490,761 51,081,049,845,360.64 505,283,838,222.24 35,102,645,449 35,582,861,409.64 319,031,181,765,136
json:  18,939,904 17,728,310.25 252,475,095,961 32,915,463.84 3,429,904 12,623,712,314,537,024 34,033,222.44 1,345,600 7,149,378,916 127,444,501,839.69 46,315,171,932.16 4,047,249,924 154,052,953,017.64 4,610,467.84
palindrome-detection:  1,298,675,396,511.36 148,279,329 1,085,343,906,242.56 556,221,219,845.76 90,983,249,328,196 369,199,777,143,184 24,535,118,754,883,800 14,239,434,106.81 1,147,209,153,162.25 1,261,244,421,885,609,220 274,497,196,055.04 29,675,587,986,030,276 24,017,858,316,813,952 92,544,400
regular-expressions:  847,320.25 22,631,230,794.24 289,988,712,036 1,407,104,602,767.36 5,069.44 2,235,114,729 580.81 28,934.01 27,862,562.25 44,293,243,232.16 164,025 156,950,784 105,950,640,600.36 1,363,056,864.16
sorting-algorithms-bubble-sort:  5,760,000 194,170,290.25 978,138,135.04 226,144,451.61 13,883,076 716,897,164,524.84 41,083,345,199,566.8 13,077,316,136,551.84 104,979,819,273,156 130,564,550,314,037.16 27,446,852,763,855.36 166,867,593,132.49 9,152,518,260,216,990 22,126,675.21
sorting-algorithms-insertion-sort:  2,669,956 645,772.96 19,444,572.16 5,138,382.24 29,446.56 1,149,047,285.76 4,816,004,055,968.16 46,865,019,178.89 839,102,899,855.36 7,884,234,458,966.41 161,221,522,576 2,699,114,209 204,535,489,536 2,758,921
sorting-algorithms-merge-sort:  877,219.56 700,903.84 364,332.96 256 96,683,955.84 4,991,168,163.24 2,640,457,627,652.25 203,881,147,024 515,167,933,504 74,476,265,731.56 67,162,972,627.24 24,804,927,017.64 13,342,164,691,171.84 7,746,758.89
sorting-algorithms-quick-sort:  729 8,208.36 27,522.81 92,416 644,245,924 30,855,803.04 34,382,764,390.81 3,568,174,649.64 37,847,601,389.16 1,023,822,614,017.44 109,459,737,409 500,613,775.36 67,642,267,013,165.62 153,874,101.16
sorting-algorithms-selection-sort:  648,025 9,520,927.36 46,812,964 10,504,081 498,859.69 6,462,487,788.16 2,471,795,231,391.36 111,805,971,876 2,706,375,067,320.96 8,149,300,671,204 2,839,984,648,805.16 29,856,384,100 231,216,337,820.16 4,501,186.56
url-decoding:  6,115.24 28,730.25 535,092.25 640.09 5,097.96 342,769,617,504.09 71,815,455.36 216.09 67,248,200.25 1,288,179,827,396.01 25,613,721 576 6,242,002.56 484,416
url-encoding:  25,376.49 101,267,994.24 3,504,384 130,747,790.25 5,241.76 865,427,576,428.96 84,978,898.56 0 22,871,349.76 18,416,824,622,695.85 3,665,842,334.44 640.09 2,853,525,458.56 1,981,337.76
