ackermann-function: 2,618 6,967.65 6,194.02 42,522.67 60,084.18 31,196,088,237.16 10,816,533,038.31 91,714,552.48 12,379,655,823.21 12,465,090,453,128.12 422,139,198.95 92,210.66 7,711.53 64,174,925.46
array-concatenation: 630.1 17.47 299.54 5,370.8 46,461.34 282,699,166.66 2,804,941.26 24,967.84 297,202.35 423,935.99 96,588.91 255,309,656.65 1,621,414,159.81 732.99
call-an-object-method: 29.69 17.85 18.78 101.39 1.33 10,471,593.06 900,402,724.06 3,021,061.26 3,112,596,973.18 90,495,491,667,459.4 22,937,095.26 4,138,667.54 120.12 1.43
classes: 4.06 124.71 132.43 24.16 11,004.43 237,918.64 194.88 37.06 65.03 501,826.67 73.63 40.54 55.84 6.78
factorial: 528,475.65 2,129,838.12 1,315,000.83 2,039,214.04 3,671,640.05 332,358,579,228.32 23,842,031,205,907.11 12,753,216,600.85 2,362,194,950,965.51 149,957,114,211,800.94 177,233,349,416.91 79,937,768.66 510,182.25 260,187.86
file-input-output: 8,995,392.23 180,092,449.68 2,548,788.33 39,856.96 750.85 332,800,300,790.52 5,113,904.83 31,667.37 3,402,724.13 18,888,832,976.51 285,187.96 37,402.16 127,929,849,161.41 6,060,521,369.52
huffman-coding: 2,139,828.33 1,238.69 13,076,485.61 308,892.83 1,633,923.42 13,233,673.1 312,562,141.74 638,559.4 9,685,968.02 179,729,655,813.38 1,857,644,136.21 135,215,675.22 136,137,431.97 1,202,943,950,406.76
json: 75,789.93 64,446.43 987,847,240.03 172,116.01 12,598.64 49,700,021,842,989.31 128,581.72 5,050.34 25,820,606.59 469,215,997.38 173,939,132.6 15,579,918.57 592,775,496.13 17,674.23
palindrome-detection: 4,923,047,665.51 603,879.8 4,358,827,837.78 2,152,984,408.89 329,869,709,161.75 14,355,502,665,555.29 560,856,266,402,838.3 55,922,325.62 4,161,977,976.18 50,444,444,137,481,048 1,005,935,608.15 132,379,083,800,905.2 133,838,624,002,952.62 409,013.61
regular-expressions: 3,068.33 88,512,105.64 1,186,911,170.77 11,898,941,455.07 19.37 9,378,212.91 1.64 104.14 103,774.59 166,993,260.4 688.78 621,286.54 421,689,370.37 5,314,413.13
sorting-algorithms-bubble-sort: 23,510.2 797,205.04 4,118,965.22 983,103.01 57,030.61 2,762,481,198.29 150,242,146,846.29 48,934,109,038.74 381,679,671,664.74 465,668,898,393.69 99,356,616,446.72 738,318,707.81 36,308,872,424,319.45 92,478.04
sorting-algorithms-insertion-sort: 11,115.65 2,678.67 76,793.04 22,205.39 105.06 4,464,336.93 17,872,211,336.11 181,448,344.12 3,126,700,866.69 28,019,473,569.54 598,298,060.55 10,691,008.57 868,331,531.27 11,299.32
sorting-algorithms-merge-sort: 3,122 2,790.67 1,478.2 1.09 385,285.24 19,075,015.21 9,619,805,538.7 757,130,075.67 1,875,725,190.05 13,318,596,126.01 249,655,731.13 102,897,259.57 61,130,670,873.18 31,998.48
sorting-algorithms-quick-sort: 1.84 24.65 101.57 517.01 2,363,806.83 122,432.33 128,675,484.66 13,669,786.3 137,689,932.67 3,578,201,002.07 203,122,053.25 2,197,866.29 287,627,271,632.96 570,442.83
sorting-algorithms-selection-sort: 2,683.33 41,141.34 186,176.87 43,213.33 2,354.33 25,287,177.47 9,244,503,264.44 433,184,919.91 9,673,226,295.85 28,784,871,644.24 10,525,092,882.14 117,544,221.39 1,013,251,496.14 20,783.02
url-decoding: 21.28 103.78 2,438.33 1.72 19.43 1,422,680,695.47 279,021.06 1 246,015 4,559,145,646.09 67,480 1.63 24,474.12 1,704.49
url-encoding: 97.53 394,313.13 12,734.69 567,057.86 19.7 3,614,879,707.31 331,736.98 1.24 83,285.33 68,388,136,523.81 13,855,607.25 1.72 11,395,925.05 7,756.16
