ackermann-function: 53.43 86.02 76.47 216.95 267.04 176,848.57 116,275.55 10,379.65 125,559.41 4,084,224.54 22,491.3 319.07 95.2 8,478.65
array-concatenation: 25.2 4.37 18.72 66.31 237.05 18,385.74 1,844.14 173.39 614.05 736 334.22 17,437.99 43,983.67 29.32
call-an-object-method: 29.69 4.46 4.69 11.27 1.33 3,223.02 33,477.2 1,888.16 63,729.18 10,887,737.83 5,265.63 2,137.74 13.35 1.43
classes: 4.06 13.86 14.71 6.04 135.86 659.05 21.65 9.27 16.26 948.63 18.41 10.14 13.96 6.78
factorial: 781.77 1,555.76 1,207.53 1,489.56 2,081.43 575,413.07 5,526,755.99 124,543.13 1,758,526.28 14,258,478.55 461,064.9 9,242.43 754.71 537.58
file-input-output: 5,099.43 14,883.67 4,078.06 492.06 30.03 656,483.41 3,196.19 494.8 1,757.61 162,441.26 986.81 461.76 791,625.52 117,613.79
huffman-coding: 1,651.1 34.41 3,887.18 583.92 1,413.43 3,801.69 19,687.71 875.94 3,201.97 486,197.35 48,356 12,745.37 12,832.26 1,215,064.23
json: 296.05 286.43 34,181.57 390.29 125.99 7,643,217.51 396.86 78.91 5,751.97 24,285.29 14,640.11 4,327.76 26,700.4 146.07
palindrome-detection: 77,523.43 828.37 70,870.64 50,734.86 648,878.51 1,307,113.76 10,655,571.29 8,117.63 72,862.48 76,398,054.87 35,641.14 11,718,777.84 10,542,650.48 654.42
regular-expressions: 62.62 10,233.8 36,633.06 80,694.86 4.84 3,216.12 1.64 11.57 359.08 14,316.98 27.55 852.24 22,142.9 2,511.54
sorting-algorithms-bubble-sort: 163.27 947.93 2,127.56 1,023 253.47 57,598.49 436,029.19 246,003.9 697,004.5 777,311.91 356,392.83 27,788.73 6,508,081.17 319.99
sorting-algorithms-insertion-sort: 111.16 54.67 299.97 154.2 11.67 2,305.96 149,288.4 14,726.76 62,314.67 191,012.79 27,314.56 3,534.22 30,765.71 112.99
sorting-algorithms-merge-sort: 63.71 56.95 41.06 1.09 668.9 4,806 110,540.72 30,716.46 48,826.67 18,564.86 17,629.81 10,714 248,482.5 189.34
sorting-algorithms-quick-sort: 1.84 6.16 11.29 20.68 1,726.67 377.88 12,614.01 4,063.55 13,234.33 68,832.73 22,506.6 1,522.07 559,489.26 843.85
sorting-algorithms-selection-sort: 54.76 209.9 465.44 220.48 48.05 5,468.68 106,952 22,746.53 111,912 194,197.15 114,641.18 11,754.42 32,710.86 144.33
url-decoding: 5.32 11.53 49.76 1.72 4.86 39,827.57 576.49 1 557.86 77,209.53 344.29 1.63 169.96 47.35
url-encoding: 10.84 684.57 127.35 777.86 4.93 63,284.6 627.1 1.24 325.33 291,937.62 4,118.79 1.72 3,633.9 95.76
