ackermann-function: 0 0.73 0.61 2.09 2.37 12.2 11.46 7.87 11.57 16.76 9.02 2.67 0.83 7.59
array-concatenation: 2.67 0 2.15 4.22 5.94 12.47 9.02 5.47 7.34 7.61 6.48 12.39 13.78 2.82
call-an-object-method: 3.11 1.91 1.96 3.24 0 11.84 15.24 10.95 16.18 23.89 12.48 11.17 3.41 0.07
classes: 0 2.33 2.39 1.09 5.71 8.03 2.77 1.52 2.08 8.59 2.2 1.61 1.93 0.51
concurrent-computing: 12.09 0 13.33 1.55 -1 14.52 22.34 18.82 13.22 -1 14.02 0.47 2.92 12.19
factorial: 0.54 1.58 1.21 1.54 2 10.52 13.79 8.12 12.06 15.18 10.09 4.29 0.51 0
file-input-output: 7.26 9.3 6.52 3.38 0 14.95 6.75 3.27 6.24 12.82 4.72 3.32 14.57 12.09
huffman-coding: 5.66 0 7 4.18 5.45 6.99 9.39 4.74 6.75 14.17 10.73 8.76 8.76 15.58
inheritance-multiple: -1 -1 0.32 -1 0 9.06 2.91 -1 2.46 -1 1.75 -1 2.24 -1
inheritance-single: 0.33 -1 0.03 -1 7.09 8.84 2.71 0 1.65 6.83 1.74 -1 2.16 0.25
json: 2.02 1.92 9.13 2.56 0.69 17.25 2.43 0 6.41 8.58 7.84 6.02 8.75 0.93
palindrome-detection: 7.09 0.31 6.98 6.46 10.25 12.49 15.37 3.72 6.97 18.6 5.9 14.69 14.65 0
regular-expressions: 5.59 13.27 15.21 16.75 1.78 11.57 0 3.05 8.22 13.76 4.43 9.55 14.44 11.16
sorting-algorithms-bubble-sort: 0 2.64 3.87 2.78 0.66 8.77 11.78 10.93 12.48 12.63 11.47 7.75 15.88 1.02
sorting-algorithms-insertion-sort: 3.46 2.39 4.92 3.97 0 7.97 14.2 10.75 12.9 14.55 11.66 8.62 11.9 3.47
sorting-algorithms-merge-sort: 6.02 5.9 5.42 0 9.6 12.54 17.22 15.3 15.99 16.49 14.47 13.78 18.54 7.72
sorting-algorithms-quick-sort: 0 1.9 2.91 4.03 10.46 8.22 13.45 11.76 13.51 15.96 13.97 10.36 19.2 9.39
sorting-algorithms-selection-sort: 0.13 2.17 3.32 2.22 0 7.01 11.45 9.14 11.49 12.31 11.55 8.16 9.75 1.64
url-decoding: 2.36 3.54 5.85 0.54 2.27 15.83 9.45 0 9.37 16.75 8.48 0.49 7.62 5.65
url-encoding: 3.26 9.49 6.93 9.73 2.07 16.31 9.36 0 8.34 18.55 12.16 0.32 12 6.54
