60.7
81.5
82.0
82.6
83.1
83.5
83.9
84.1
84.4
84.6
84.8
85.0
85.3
85.9
86.0
86.1
86.2
86.2
86.2
86.3
86.3
86.3
86.4
86.4
86.4
86.4
86.4
86.2
86.1
86.2
86.1
86.2
86.2
86.2
86.4
86.4
86.6
86.6
86.6
86.7
86.7
86.7
86.7
86.8
86.8
86.9
86.8
86.8
86.8
86.8
86.8
86.8
86.7
86.7
86.7
86.8
86.9
86.9
86.8
86.7
86.8
86.9
86.9
86.8
86.9
86.9
87.0
87.0
86.9
86.8
86.9
86.9
87.0
86.9
86.9
87.0
87.0
87.1
86.9
86.8
86.9
86.8
86.9
86.9
86.9
87.0
87.0
87.0
87.5
92.7
92.7
92.6
92.5
92.2
92.1
91.7
91.4
91.1
90.8
90.3
89.8
89.4
89.0
88.5
88.2
87.9
87.6
87.5
87.3
87.2
87.1
87.0
86.8
86.7
86.7
86.6
86.9
87.2
87.2
87.5
88.0
88.2
88.8
88.9
88.7
88.6
88.5
88.4
88.1
88.0
87.9
87.9
87.8
87.7
87.7
87.7
87.6
87.6
87.4
87.4
87.4
87.7
88.0
87.8
87.8
87.9
87.7
87.8
87.7
87.7
87.7
87.7
87.6
87.6
87.4
87.4
87.3
87.4
87.3
87.2
87.3
87.3
87.3
87.4
87.4
87.3
87.4
87.3
87.2
87.3
87.3
87.4
87.9
88.0
87.9
87.9
87.8
87.8
87.7
87.7
87.7
87.6
87.2
87.2
87.3
87.2
87.2
87.2
87.2
87.3
87.4
87.4
87.3
87.5
87.5
87.7
88.2
88.0
87.9
87.9
87.8
87.8
87.6
87.6
87.6
87.7
87.5
87.4
87.6
87.5
87.4
87.5
87.5
87.5
87.5
87.5
87.5
87.4
87.4
87.4
87.4
98.3
90.2
89.9
89.6
89.3
89.1
88.8
88.6
88.5
88.3
88.2
88.0
87.9
87.9
87.9
87.8
87.6
87.7
87.6
87.5
87.7
87.6
87.5
87.4
87.4
87.3
87.3
87.4
87.3
87.4
87.3
87.3
87.3
87.2
87.2
87.3
87.3
87.3
