57.8
58.2
64.9
65.1
58.2
57.8
57.4
57.1
56.9
56.7
56.6
56.4
56.4
56.3
56.2
56.0
55.9
55.9
55.8
55.8
55.9
55.8
55.8
55.8
55.7
55.8
55.8
55.8
55.7
55.7
55.7
55.7
55.8
55.7
55.7
55.8
55.8
55.7
55.7
55.8
55.8
55.8
55.7
55.7
55.7
55.6
55.6
55.6
55.6
55.7
55.8
55.8
55.7
55.7
55.7
55.6
55.6
55.6
55.8
55.8
55.8
55.8
55.7
55.7
55.7
55.6
55.7
55.7
55.7
55.8
55.7
55.6
55.7
55.7
55.8
55.9
55.8
55.8
55.8
55.7
55.7
55.7
55.6
55.6
55.5
55.5
55.6
55.6
55.6
55.5
55.6
55.7
55.6
55.6
55.6
55.6
55.6
55.6
55.5
55.7
55.7
55.6
55.6
55.6
55.6
55.7
55.7
55.6
55.6
55.6
55.7
55.7
55.7
55.7
55.6
55.6
55.5
55.5
55.4
55.3
55.4
55.4
55.4
55.4
55.3
55.3
55.4
55.4
55.3
55.4
55.4
55.4
55.4
55.5
55.5
55.4
55.4
55.5
55.5
55.4
55.4
55.4
55.3
55.4
55.5
55.5
55.6
55.6
55.5
55.5
55.5
55.4
55.4
55.4
55.3
55.4
55.4
55.3
55.4
55.4
55.4
55.4
55.4
55.4
55.4
55.5
55.6
55.6
55.6
55.7
55.6
55.7
55.6
55.5
55.5
55.5
55.5
55.5
55.5
55.4
55.4
55.4
55.4
55.4
55.4
55.3
55.5
55.4
55.4
55.3
55.4
55.4
55.4
55.4
55.4
65.9
78.2
62.4
55.5
55.4
55.5
55.5
55.4
55.4
55.4
55.3
55.4
55.4
55.4
55.4
55.5
55.5
55.5
55.6
55.5
55.5
55.5
55.4
55.5
55.6
55.6
55.5
55.6
55.5
55.6
55.6
55.5
55.6
55.5
55.5
55.5
55.5
55.4
55.5
55.5
55.6
55.6
55.7
55.6
55.6
55.6
55.6
55.6
55.6
55.6
55.5
55.5
55.5
55.6
55.6
55.6
55.5
55.5
55.5
55.5
55.5
55.5
55.5
55.6
55.6
55.6
55.7
55.6
55.6
55.7
55.7
55.6
55.6
55.6
55.6
55.6
55.6
55.7
55.7
55.7
55.7
55.7
55.8
55.7
55.7
55.8
55.7
55.8
55.7
55.7
55.7
55.7
55.7
55.7
55.7
55.7
55.7
55.6
55.6
55.6
55.6
55.5
55.5
55.6
55.5
55.6
62.4
55.3
55.3
55.3
55.3
55.3
55.4
55.4
55.4
55.5
55.5
55.4
55.5
55.5
55.5
55.4
55.4
55.5
55.6
55.6
55.6
55.5
55.6
55.5
55.6
55.5
55.5
55.5
55.6
55.6
55.5
55.5
55.6
55.6
55.5
55.5
55.5
55.6
55.6
55.6
55.6
55.6
55.6
55.6
55.6
55.6
55.6
55.6
55.6
55.6
55.6
55.7
55.7
55.7
55.7
55.6
55.6
55.7
55.6
55.6
55.6
55.6
55.6
55.6
55.6
55.6
55.6
55.6
55.6
55.6
55.5
55.5
55.5
55.5
55.6
55.6
55.6
55.6
55.7
55.7
55.6
55.6
55.6
55.6
55.6
55.7
55.7
55.7
55.7
55.7
55.7
55.7
55.6
55.7
55.7
55.6
55.7
55.7
55.7
55.7
55.6
55.6
55.7
55.7
55.6
55.6
55.6
55.6
55.6
55.6
55.5
55.6
55.5
55.5
55.5
55.5
55.6
55.6
55.6
55.5
55.6
55.5
55.5
55.5
55.5
55.5
55.5
55.5
55.5
55.4
55.4
55.4
55.5
55.4
55.4
55.4
55.3
55.3
55.4
55.3
55.4
55.3
55.4
55.3
55.4
55.4
55.3
55.4
55.4
55.4
55.4
55.3
55.4
55.4
55.4
55.4
55.4
55.4
55.5
55.4
55.4
55.4
55.4
55.4
