64.0
76.5
76.4
76.4
76.5
51.7
37.6
37.6
37.5
37.5
37.5
37.5
37.5
37.5
37.6
37.5
37.6
37.6
37.5
37.5
37.5
37.5
37.5
37.5
37.4
37.4
37.4
37.4
37.4
37.4
37.4
37.4
37.4
37.4
37.4
37.4
37.5
37.5
37.5
37.5
37.5
37.7
37.6
37.7
37.7
37.6
37.6
37.6
37.6
37.6
37.6
37.6
37.6
37.7
37.7
37.6
37.6
37.6
37.6
37.6
37.6
37.6
37.6
37.5
37.6
37.5
37.5
37.5
37.5
37.6
37.6
37.5
37.5
37.5
37.5
37.5
37.5
37.5
37.5
37.5
37.5
37.5
37.5
37.5
37.5
37.4
37.5
37.5
37.5
37.5
37.5
37.4
37.5
37.5
37.5
37.5
37.4
37.4
37.4
37.5
37.5
37.5
37.5
37.5
37.5
37.5
37.5
37.7
37.7
37.7
38.3
38.7
39.2
39.1
38.8
38.7
38.5
38.4
38.3
38.2
38.1
38.0
37.9
37.9
37.8
37.8
37.7
37.7
37.7
37.6
37.6
37.6
37.6
37.7
63.0
