50.1
82.4
82.4
82.5
82.4
82.4
82.4
82.4
82.4
82.4
82.4
82.4
82.4
82.3
82.4
82.4
82.3
82.3
82.3
82.3
82.4
82.4
82.4
82.3
82.4
82.4
82.4
82.4
82.4
82.4
82.4
82.4
82.5
82.5
82.5
82.6
82.6
82.6
82.6
82.5
82.6
82.5
82.5
82.5
82.6
82.5
82.6
82.6
82.6
82.6
82.5
82.6
82.6
82.6
82.5
82.5
82.5
82.5
82.5
82.5
82.4
82.4
82.5
82.5
82.5
82.5
82.4
82.5
82.5
82.4
82.5
82.5
82.5
82.5
82.5
82.6
82.6
82.5
82.6
82.6
82.6
82.5
82.5
82.5
82.5
82.5
82.5
82.5
82.5
82.6
82.6
82.5
82.5
82.5
82.5
82.5
82.5
82.4
82.4
82.5
82.5
82.5
82.6
82.5
82.5
82.5
82.5
82.5
82.5
82.5
82.5
82.6
82.5
82.6
82.5
82.7
82.7
82.6
82.6
82.6
82.6
82.6
82.6
83.0
82.9
82.9
82.8
82.8
82.8
82.7
82.7
82.7
82.7
82.7
82.6
82.6
82.5
82.5
82.5
82.5
82.5
82.5
82.5
82.5
82.5
82.6
82.6
82.5
82.5
82.5
82.5
82.6
82.6
82.7
82.7
82.7
82.7
82.7
82.8
82.8
82.9
82.8
82.8
82.8
82.7
82.7
82.7
82.6
82.6
82.6
82.6
82.6
82.6
82.6
82.6
82.5
82.5
82.5
82.5
82.6
82.7
82.6
82.6
82.6
82.7
82.6
82.6
82.6
82.7
82.7
82.7
82.7
82.8
82.7
82.7
82.8
82.7
82.7
82.8
82.7
82.7
82.7
82.6
82.7
82.7
82.7
82.7
82.7
82.7
82.7
83.2
83.1
83.0
83.0
82.9
82.8
82.8
82.7
82.7
82.7
82.7
82.7
82.6
82.6
82.6
82.6
82.6
82.6
82.6
82.7
82.7
82.6
82.6
82.7
82.7
82.6
82.7
82.7
82.6
82.6
82.6
82.6
82.6
82.6
82.6
82.6
82.7
82.7
82.7
82.7
82.7
82.7
82.6
82.6
82.6
82.6
82.6
82.6
82.6
82.5
82.5
82.5
82.5
82.5
82.6
82.6
82.6
82.6
82.6
82.5
82.5
82.5
82.5
82.5
82.5
82.6
82.5
82.6
82.6
82.6
82.6
82.6
82.6
82.6
82.6
82.5
82.5
82.6
82.6
82.5
82.5
82.5
82.6
82.6
82.5
82.5
82.5
82.5
82.5
82.5
82.5
82.5
82.5
82.5
82.5
82.5
82.4
82.4
82.4
82.4
82.4
82.4
82.4
82.5
82.5
82.5
82.4
82.4
82.4
82.4
82.5
82.5
82.5
82.5
82.4
82.5
82.5
82.5
82.5
82.5
82.5
82.5
82.5
82.6
82.6
82.6
82.7
82.7
82.7
82.6
82.6
82.7
82.7
82.6
82.6
82.6
82.6
82.6
82.6
82.7
82.7
82.7
82.6
82.7
82.7
82.7
82.7
82.7
82.6
82.6
82.6
82.6
82.6
82.6
82.6
82.6
82.6
82.6
82.7
82.7
82.6
82.6
82.6
82.6
82.7
82.6
82.7
82.7
82.7
82.7
82.7
82.7
82.7
82.7
82.7
82.7
82.7
82.7
82.7
82.7
82.7
82.7
82.6
82.7
82.7
82.6
82.9
82.9
82.8
82.8
82.8
82.8
82.8
83.4
83.7
83.5
83.5
83.4
83.3
83.3
83.2
83.2
83.1
83.0
83.0
83.0
82.9
82.8
82.8
82.8
82.8
82.7
82.7
82.7
82.7
82.7
82.6
82.6
82.7
82.7
82.7
82.7
82.7
82.6
82.6
82.7
82.7
82.7
82.6
82.6
82.6
82.6
82.7
82.7
82.7
82.7
82.6
82.6
82.6
82.7
82.6
82.6
82.6
82.6
82.6
82.6
82.6
82.6
82.6
82.6
82.7
82.7
82.7
82.7
82.7
82.7
82.6
82.6
82.6
82.6
82.6
82.6
82.6
82.7
82.6
82.6
82.9
82.8
82.8
82.7
82.7
82.7
82.6
82.6
82.6
82.6
82.6
82.6
82.7
82.7
82.7
82.6
82.6
82.6
82.6
82.6
82.6
82.6
82.6
82.6
82.6
82.7
82.6
82.7
82.7
82.6
82.6
82.6
82.5
82.6
82.5
82.5
82.6
82.5
82.5
82.5
82.5
82.6
82.6
82.6
82.6
82.6
82.7
82.6
82.6
82.6
82.6
82.6
82.6
82.6
82.6
82.6
82.6
82.7
82.6
82.6
82.6
82.6
82.6
82.6
82.6
82.6
