60.7
87.1
87.1
87.2
87.2
87.3
87.3
87.4
87.4
87.5
87.5
87.6
87.6
87.7
87.7
87.7
87.7
87.7
87.8
87.8
87.8
87.8
87.8
87.9
87.9
87.9
87.9
93.4
93.7
88.2
88.1
88.1
88.1
88.1
88.1
88.1
88.0
88.0
88.0
88.2
88.8
88.6
88.5
88.4
88.4
88.3
88.2
88.2
88.1
88.1
88.0
88.0
88.0
88.0
87.9
87.9
87.9
87.9
87.9
87.8
87.9
87.9
87.8
87.8
87.9
87.9
87.9
87.9
87.9
87.9
87.9
88.0
88.0
88.0
88.0
88.0
88.0
88.0
88.0
88.1
88.1
88.1
88.1
88.1
88.1
88.1
88.1
88.1
88.1
88.1
88.2
88.2
88.2
88.1
88.2
88.2
88.2
88.2
88.2
88.2
88.2
88.2
88.2
88.3
88.3
88.3
88.3
88.3
88.3
88.3
88.3
88.3
88.3
88.3
88.4
88.4
88.4
88.4
88.8
99.6
88.4
88.4
88.3
88.3
88.4
88.3
88.3
88.4
88.4
88.3
88.4
89.0
88.9
88.8
88.8
88.7
88.7
88.6
88.6
88.5
88.5
88.5
88.5
88.5
88.6
88.5
88.5
88.5
88.5
88.5
88.5
88.4
88.4
88.4
88.4
88.4
88.4
88.4
88.4
88.4
88.4
88.4
88.7
98.3
88.4
88.4
88.4
88.4
88.4
88.4
88.4
88.4
88.4
88.3
88.4
88.3
88.3
88.3
88.4
88.4
88.3
88.3
88.4
88.4
88.4
88.4
88.4
88.4
88.4
88.4
88.4
88.4
88.4
88.4
88.4
88.4
88.4
88.4
88.4
88.4
88.4
88.4
88.4
88.4
88.4
88.4
88.4
88.3
88.3
88.4
88.4
88.4
88.3
88.3
88.4
88.3
88.4
88.4
88.4
88.3
88.4
88.4
88.4
88.4
88.4
88.4
88.4
88.4
88.4
88.4
88.4
88.4
88.4
88.4
88.4
88.4
88.4
88.4
88.4
88.4
88.4
88.4
88.4
88.4
88.4
88.4
88.4
88.4
88.4
88.4
88.5
88.4
88.5
88.5
88.5
88.5
88.5
88.5
88.4
88.4
88.4
88.5
88.5
88.4
88.4
88.4
88.5
88.5
88.5
88.5
88.5
88.5
88.5
88.5
88.5
88.5
88.5
88.5
88.4
88.5
88.5
88.4
88.4
88.4
88.4
88.5
88.5
88.4
88.4
88.5
88.5
89.0
88.9
88.8
88.8
88.7
88.7
88.7
88.7
88.6
88.6
88.6
88.6
88.6
88.6
88.5
88.6
88.6
88.5
88.5
88.5
88.5
88.5
88.5
88.5
88.5
88.5
88.5
88.5
88.5
88.5
88.5
88.5
88.5
88.5
88.5
88.5
88.5
88.5
88.5
88.5
88.4
88.5
88.5
88.4
88.5
88.5
88.4
88.5
88.5
88.4
88.4
88.5
88.5
88.5
88.5
88.4
88.5
88.5
88.5
88.5
88.4
88.5
88.5
88.4
88.5
88.4
88.5
88.5
88.5
88.4
88.4
88.4
88.5
88.5
88.5
88.5
88.5
88.5
88.5
88.5
88.5
88.5
88.5
88.5
88.5
88.5
88.5
88.5
88.5
88.5
88.5
88.5
88.5
88.5
88.4
88.5
88.5
88.5
88.5
88.5
88.5
88.5
88.5
88.5
88.5
88.5
88.5
88.4
88.4
88.4
88.4
88.4
88.5
88.5
88.4
88.4
88.4
88.4
88.5
88.5
88.4
88.5
88.5
88.5
88.5
88.4
88.5
88.5
88.4
88.5
88.5
88.5
88.5
88.4
88.5
88.5
88.5
88.5
88.5
88.5
88.5
88.5
88.5
88.5
88.5
88.5
88.5
88.5
88.4
88.4
88.4
88.4
88.4
88.5
88.5
88.5
88.6
88.5
88.5
88.5
88.5
88.5
88.5
88.5
88.5
88.5
88.5
88.5
88.5
88.4
88.5
88.5
88.5
88.5
88.4
88.5
88.4
88.5
88.5
88.5
88.4
88.5
88.5
88.5
88.5
88.4
88.5
88.5
88.5
88.5
88.5
88.5
88.5
88.5
88.5
88.5
88.5
88.5
88.5
88.5
88.5
88.5
88.5
88.6
88.5
88.5
88.6
88.5
88.5
88.5
88.5
88.5
88.5
88.5
88.5
88.5
88.5
88.5
88.5
88.5
88.5
88.5
88.5
88.5
88.5
88.5
88.5
88.5
88.5
88.5
88.4
88.4
88.5
88.5
88.4
88.4
88.4
88.5
88.4
88.4
88.4
88.5
88.4
88.4
88.4
88.4
88.4
88.4
88.4
88.5
88.5
88.5
88.4
88.5
88.4
88.5
89.1
89.0
89.0
88.9
88.8
88.8
88.8
88.7
88.7
88.7
88.6
88.6
88.6
88.6
88.5
88.5
