59.0
77.1
77.1
77.3
77.4
77.6
78.0
78.2
78.5
78.8
79.2
79.5
79.9
80.2
80.5
80.6
81.1
81.3
81.5
81.7
82.2
82.4
82.6
82.9
83.0
83.6
83.6
83.8
83.9
84.0
84.1
84.2
84.7
84.9
85.0
85.0
85.2
85.2
85.3
85.4
85.5
85.6
86.1
86.1
86.2
86.3
86.3
86.4
86.5
86.4
86.5
86.6
86.6
86.7
86.9
87.2
87.2
87.3
87.3
87.3
87.4
87.4
87.4
87.4
87.4
87.5
87.5
87.5
87.5
87.6
87.5
87.6
88.1
88.2
88.2
88.3
88.5
88.4
88.3
88.3
88.3
88.3
88.3
88.2
88.3
88.4
88.4
88.4
88.5
88.6
88.7
88.7
88.7
88.7
88.7
89.1
89.4
89.4
89.4
89.4
89.4
89.4
89.3
89.3
89.3
89.3
89.3
89.4
89.5
89.5
89.4
89.4
89.5
89.6
89.5
89.6
89.8
89.8
89.6
89.7
89.8
89.7
89.8
89.8
89.7
89.8
89.8
89.9
90.4
90.4
90.3
90.3
90.4
90.3
90.4
90.3
90.4
90.4
90.3
90.5
90.3
90.4
90.4
90.3
90.5
90.3
90.3
90.4
90.3
90.3
90.4
90.4
90.3
90.3
90.4
90.5
90.4
90.5
90.5
90.5
90.5
90.5
90.5
90.6
96.9
90.4
90.3
90.3
90.4
90.6
90.7
90.7
90.7
90.9
91.1
91.0
90.9
90.9
90.9
90.9
90.8
90.9
90.9
90.9
90.8
90.8
90.9
90.9
90.8
90.9
90.8
90.8
90.9
90.9
91.0
91.0
91.0
91.0
91.0
91.1
91.1
91.0
91.0
91.0
91.2
91.2
91.2
91.1
91.1
91.1
91.1
91.2
91.2
91.3
91.2
91.2
91.2
91.3
91.4
91.3
91.3
91.4
91.4
91.5
91.4
91.4
91.5
91.5
91.5
91.4
91.5
91.5
91.5
91.4
91.6
91.6
92.0
92.3
92.2
92.2
92.2
92.1
92.1
92.0
92.1
91.9
92.0
92.0
91.9
91.9
92.0
91.9
91.9
92.0
91.8
91.9
91.9
91.9
91.9
91.8
92.0
91.9
91.9
91.9
91.9
92.0
91.9
92.0
91.9
92.1
92.0
92.1
92.0
92.0
91.9
92.1
92.0
92.0
92.0
92.1
92.0
92.1
92.0
92.1
92.0
92.2
92.1
92.2
92.1
92.1
92.1
92.2
92.2
92.2
92.2
92.1
92.2
92.1
92.2
92.2
92.2
92.3
92.2
92.3
92.4
92.3
92.3
92.3
92.3
92.3
92.1
91.9
92.0
92.1
92.0
92.1
92.2
92.1
92.1
92.2
92.1
92.3
92.7
92.8
92.5
92.6
92.6
92.5
92.4
92.5
92.5
92.4
92.4
92.5
92.4
92.4
92.4
92.4
92.4
92.5
92.6
92.5
92.5
92.6
92.6
92.5
92.5
92.6
92.6
92.5
92.6
92.7
92.6
92.5
92.6
92.6
92.6
92.5
92.6
92.6
92.7
92.6
92.5
92.6
92.7
92.7
92.6
92.6
92.6
92.7
92.7
92.7
92.6
92.6
92.6
92.7
92.8
92.7
92.6
92.7
92.7
92.8
92.8
92.8
92.7
92.7
92.7
92.8
92.8
98.1
97.5
92.1
92.1
92.2
92.3
92.3
92.5
92.5
92.6
92.6
92.6
92.5
92.5
92.6
92.6
92.7
92.7
92.7
92.8
92.8
92.8
92.8
92.8
92.8
92.7
92.7
92.7
92.8
92.7
92.8
92.8
92.9
92.9
92.9
92.9
92.9
92.9
92.9
93.0
93.0
93.0
93.0
93.0
93.0
93.0
93.0
93.0
92.9
92.9
92.9
92.8
92.8
93.2
93.1
93.1
93.0
92.9
92.9
92.8
92.8
92.8
92.8
92.8
92.9
92.9
92.8
92.8
92.7
92.7
92.8
92.8
92.8
92.8
92.8
92.8
92.8
92.8
92.8
92.8
92.7
92.7
92.6
92.7
92.7
92.7
92.7
92.7
92.7
92.7
92.8
92.8
92.9
92.8
92.8
92.8
92.8
92.7
92.7
92.6
92.6
92.6
92.8
92.7
92.7
92.7
92.6
92.6
92.6
92.6
92.8
92.8
92.7
92.7
92.7
92.7
92.7
92.7
92.9
92.9
92.9
92.8
92.8
92.8
92.8
92.9
92.9
92.9
92.9
92.8
92.8
92.8
93.0
93.0
92.9
92.9
92.9
92.8
93.0
93.0
92.9
92.9
92.8
92.9
93.0
93.0
92.9
92.9
92.8
92.9
93.0
92.9
92.9
92.8
92.9
92.8
92.8
92.8
92.7
92.9
92.9
92.8
92.8
92.8
93.0
93.0
92.9
92.9
92.9
99.6
99.2
92.3
92.3
92.6
92.5
92.6
92.6
92.8
92.8
92.8
92.7
92.9
92.9
92.9
92.9
93.0
93.0
93.0
93.0
93.0
93.1
93.1
93.0
93.1
93.2
93.1
93.0
93.1
93.1
93.0
93.0
93.2
93.1
93.1
93.0
93.1
93.1
93.0
93.2
93.1
93.1
93.0
93.2
93.1
93.0
93.1
93.1
93.0
93.1
93.2
93.1
93.2
93.3
93.6
93.7
93.6
93.4
93.5
93.5
93.4
93.0
93.0
92.9
93.1
93.0
93.0
93.3
93.2
93.1
93.2
93.2
93.2
93.1
93.3
93.2
93.1
93.3
93.2
93.2
93.4
93.2
93.2
93.4
93.2
93.1
93.3
93.2
93.1
93.3
93.2
93.2
93.3
93.2
93.2
93.3
93.2
93.2
93.3
93.2
93.3
93.3
93.2
93.3
93.2
93.2
93.3
93.2
93.2
93.3
93.2
93.6
93.6
93.5
93.6
93.4
93.4
93.5
93.4
93.5
93.4
93.3
93.4
93.3
93.4
93.7
93.5
93.7
93.5
93.6
93.5
93.5
93.6
93.4
93.6
93.5
93.3
93.4
93.3
93.4
93.3
93.2
93.4
93.3
93.4
93.4
93.4
93.4
99.0
98.9
92.5
92.7
92.7
92.8
92.9
92.9
93.1
93.1
93.3
93.2
93.1
93.3
93.2
93.3
93.2
93.4
93.2
93.3
93.3
93.2
93.4
93.3
93.4
93.3
93.5
93.3
93.3
93.4
93.3
93.4
93.3
93.5
93.4
93.5
93.4
93.5
93.4
93.3
93.4
93.3
93.4
93.3
93.6
93.5
93.7
93.6
93.7
93.7
93.8
93.7
93.8
93.8
93.8
93.8
93.8
93.9
93.8
93.9
93.9
94.0
93.9
94.0
93.8
94.0
93.9
94.1
93.9
94.0
93.9
94.0
93.9
94.0
93.8
94.0
93.8
94.0
93.9
94.0
93.9
94.0
93.9
94.0
93.9
94.0
93.9
94.1
93.9
94.1
94.0
94.1
93.9
94.1
94.0
94.0
94.0
99.2
93.6
93.7
93.7
93.8
93.9
93.8
93.9
93.8
94.0
93.8
94.0
93.8
94.0
93.9
94.0
93.8
93.9
93.7
93.7
93.7
93.7
93.8
93.6
93.7
93.5
93.6
93.4
93.6
93.5
93.5
93.6
93.5
93.6
93.4
93.5
93.5
93.6
93.4
93.6
93.5
93.6
93.7
93.6
93.7
93.6
93.7
93.5
93.6
93.5
93.6
94.0
94.1
93.8
93.9
93.8
93.8
93.8
93.8
93.9
93.7
93.8
93.6
93.8
93.7
93.8
