90.2
90.3
90.3
90.2
90.1
90.0
90.0
89.8
89.3
88.8
88.4
88.0
87.7
87.4
87.2
87.0
86.8
86.7
86.5
86.4
86.3
86.2
86.2
86.0
86.0
86.0
85.9
85.9
85.9
85.8
85.8
85.8
85.7
85.8
85.8
85.8
85.9
85.9
85.9
86.0
86.0
86.1
86.1
86.1
86.1
86.1
86.3
86.2
86.2
86.2
86.1
86.1
86.1
86.1
86.1
86.1
86.1
86.1
86.1
86.1
86.1
86.0
86.1
86.1
86.1
86.0
86.0
85.9
85.9
85.9
85.9
85.9
85.9
85.9
85.9
85.8
85.9
85.9
86.0
86.0
86.0
86.0
86.0
86.0
86.0
86.0
86.0
86.0
85.9
85.9
85.9
85.9
85.9
85.9
85.9
85.9
86.0
85.9
86.0
86.0
86.0
86.0
86.0
86.0
85.9
86.0
86.0
85.9
85.9
86.0
85.9
85.9
85.9
85.9
86.0
86.0
86.0
85.9
85.9
85.9
86.0
86.0
85.9
86.0
86.0
86.0
86.0
86.0
86.0
86.0
86.0
86.0
86.0
86.0
86.0
86.0
86.0
86.0
86.1
86.1
86.1
86.1
86.1
86.0
86.1
86.1
86.2
86.1
86.2
86.2
86.2
86.2
86.2
86.2
86.2
86.1
86.1
86.1
86.1
86.1
86.1
86.1
86.1
86.1
86.1
86.1
86.1
86.1
86.1
86.1
86.1
86.1
86.1
86.0
86.1
86.1
86.0
86.0
86.1
86.0
86.0
86.2
86.1
86.1
86.1
86.1
86.0
86.1
86.0
86.0
86.0
86.0
86.0
86.0
85.9
85.9
85.9
86.0
86.0
86.0
86.0
86.0
86.1
86.1
86.1
86.1
86.1
86.0
86.0
86.0
86.0
86.1
86.1
86.1
86.1
86.1
86.2
86.2
86.2
86.2
86.2
86.2
86.2
86.2
86.2
86.1
86.1
86.0
86.0
86.1
86.1
86.1
86.1
86.1
86.2
86.1
86.1
86.0
86.0
85.9
85.9
86.0
86.0
86.0
86.0
86.0
86.0
86.0
86.0
86.0
86.0
86.0
86.0
86.0
86.0
85.9
86.0
86.0
86.0
86.0
86.0
86.0
86.0
86.0
86.0
85.9
85.9
85.9
85.9
85.9
85.9
85.9
85.9
85.9
85.9
85.9
85.9
85.9
85.9
85.9
85.9
85.8
85.8
85.9
85.8
85.9
85.9
85.9
85.9
85.9
85.9
85.9
85.9
85.8
85.9
85.9
85.9
85.9
85.9
85.9
85.9
85.9
85.9
85.9
85.9
85.9
85.9
85.9
85.8
85.8
85.9
85.9
85.8
85.8
85.9
85.8
85.8
85.9
85.9
86.0
86.0
86.0
86.0
86.0
86.0
86.0
86.0
86.0
86.0
86.0
86.0
86.0
86.0
86.0
86.1
86.0
86.0
86.1
86.0
86.0
86.0
86.1
86.1
86.1
86.0
86.0
86.0
86.0
85.9
86.0
85.9
85.9
86.0
86.0
86.0
85.9
86.0
86.0
86.0
85.9
86.0
86.6
91.9
85.7
85.8
85.8
85.8
85.9
85.9
86.0
86.0
86.0
86.0
86.0
86.1
86.1
86.0
86.0
86.0
86.0
86.0
86.0
86.0
86.0
86.0
86.0
86.0
86.0
86.1
86.1
86.1
86.1
86.0
86.1
86.1
86.0
86.0
86.0
86.0
86.0
86.0
86.0
86.0
86.0
86.0
86.0
86.1
86.1
86.1
86.2
86.1
86.1
86.2
86.2
86.2
86.1
86.1
86.1
86.1
86.1
86.1
86.4
86.8
86.7
86.6
86.5
86.5
86.4
86.4
86.3
86.3
86.3
86.3
86.3
86.2
86.2
86.2
86.2
86.2
86.1
86.2
86.1
86.1
86.1
86.0
86.1
86.0
86.1
86.0
86.1
86.1
86.1
86.1
86.1
86.1
86.1
86.0
86.1
86.1
86.1
86.1
86.0
86.1
86.1
86.1
86.1
86.1
86.1
86.1
86.1
86.1
86.1
86.2
86.2
86.1
86.2
86.2
86.2
86.2
86.2
86.2
86.2
86.2
86.2
86.2
86.2
86.2
86.2
86.3
86.2
86.2
86.2
86.2
86.2
86.3
86.2
86.2
86.2
86.2
86.3
86.3
86.3
86.2
86.3
86.3
86.3
86.3
86.3
86.3
86.2
86.3
86.2
86.2
86.2
86.2
86.1
86.1
86.1
86.2
86.2
86.1
86.1
86.1
86.1
86.1
86.1
86.0
86.1
86.1
86.1
86.1
86.1
86.1
86.1
86.1
86.1
86.1
86.1
86.0
86.0
86.0
86.0
86.1
86.1
86.1
86.2
86.1
86.2
86.2
86.2
86.2
86.2
86.2
86.2
86.2
86.2
86.2
