52.8
85.9
85.9
85.9
85.9
86.0
86.0
86.0
86.1
86.1
86.1
86.1
86.1
86.1
86.1
86.0
86.0
85.9
85.9
85.9
86.0
85.9
85.9
85.8
85.9
86.2
86.1
86.1
86.0
86.0
86.0
86.0
86.0
86.0
85.9
85.9
85.8
85.8
85.8
85.8
85.8
85.7
85.7
85.7
85.7
85.6
85.6
85.6
85.6
85.7
85.7
85.7
85.7
85.7
85.6
85.6
85.6
85.6
85.6
85.6
85.6
85.5
85.5
85.5
85.5
85.6
85.6
85.6
85.9
85.9
85.9
85.8
86.3
86.4
86.3
86.2
86.2
86.2
86.1
86.1
86.0
85.9
85.8
85.8
85.7
85.7
85.7
85.7
85.7
85.6
85.7
85.7
85.7
85.7
85.7
85.7
85.7
86.0
86.0
85.9
85.9
85.8
85.8
85.8
85.7
85.7
85.7
85.7
85.6
85.7
85.7
85.6
85.6
85.7
85.7
85.6
85.7
85.6
85.6
85.6
85.6
85.6
85.6
85.6
85.5
85.6
85.6
85.8
91.9
91.8
91.8
91.7
91.7
91.5
91.3
90.9
90.5
90.3
89.8
89.2
88.7
88.2
87.8
87.5
87.2
86.9
86.7
86.5
86.4
86.2
86.1
86.0
85.9
85.9
85.8
85.7
85.7
85.6
85.5
85.5
85.4
85.4
85.4
85.4
85.3
85.3
85.3
85.3
85.3
85.3
85.4
85.4
85.4
85.3
85.3
85.3
85.3
85.3
85.3
85.2
85.2
85.3
85.3
85.3
85.3
85.4
85.4
