77.5
84.8
84.7
84.7
84.7
84.6
84.6
84.6
84.6
84.6
84.6
84.6
84.6
84.6
84.6
84.6
84.6
84.6
84.7
84.7
84.7
84.7
84.7
84.7
84.7
84.7
84.7
84.7
84.7
84.7
84.7
84.7
84.7
84.7
84.8
84.8
84.8
84.8
84.9
84.9
84.9
84.9
84.9
85.0
85.0
85.0
85.0
85.0
85.0
85.0
85.0
85.5
85.6
92.9
92.3
92.3
91.9
85.9
85.9
86.1
86.1
86.2
86.2
86.5
86.6
86.7
96.7
96.6
96.5
96.1
96.0
89.4
89.2
89.0
88.7
89.2
88.9
88.9
88.9
89.0
89.0
88.6
88.2
87.8
87.5
87.5
87.5
87.3
87.0
86.7
86.6
86.7
86.8
93.8
87.7
87.7
87.5
87.4
87.2
87.1
87.0
86.8
86.7
86.7
86.6
86.5
86.4
86.3
86.3
86.2
86.1
86.1
86.0
85.9
86.0
85.9
85.9
85.9
85.9
85.9
85.9
85.8
85.8
85.8
85.8
85.8
85.8
85.8
85.7
85.8
85.7
85.7
85.7
85.7
85.7
85.8
85.8
85.9
85.8
85.8
85.9
85.9
85.9
85.9
85.9
85.8
85.8
85.9
85.9
85.8
85.8
92.5
85.9
85.8
85.8
85.8
85.8
85.8
85.8
85.8
85.8
85.8
85.8
85.8
85.8
85.7
85.7
85.7
85.7
85.7
85.7
85.7
85.7
85.7
85.7
85.7
85.8
85.7
85.7
85.7
85.7
85.8
85.8
85.8
85.8
85.8
85.8
85.8
85.8
85.9
85.9
85.9
85.9
85.9
85.9
85.9
85.9
85.9
85.9
86.0
85.9
85.9
85.9
85.9
85.9
85.9
85.9
85.9
85.9
85.9
85.9
85.9
85.9
85.9
86.0
85.9
86.0
85.9
85.9
85.9
