53.4
82.6
83.1
83.6
84.0
84.3
84.6
85.0
85.2
85.4
85.7
85.8
85.9
86.1
86.2
86.3
86.4
86.4
86.5
86.5
86.6
86.6
86.7
86.7
86.7
86.8
86.8
86.8
86.9
86.9
92.7
87.3
87.2
87.2
87.3
87.2
87.1
87.1
87.0
87.0
87.0
86.9
86.8
86.9
86.8
86.7
86.8
86.7
86.7
86.7
86.6
86.6
86.6
86.6
86.6
86.7
86.6
86.6
86.7
86.6
86.6
86.6
86.6
86.6
86.6
86.6
86.6
86.6
86.6
86.6
86.7
86.7
86.6
86.7
86.7
86.7
86.7
86.7
86.7
86.7
86.6
86.6
86.6
86.6
86.6
86.6
86.7
86.6
86.6
86.7
86.7
86.7
86.7
86.7
86.7
86.8
86.7
86.7
86.7
86.7
86.7
86.7
86.7
86.7
86.7
86.7
86.7
86.7
86.7
86.7
86.7
86.7
86.7
86.7
86.6
86.6
86.7
86.7
86.7
86.7
86.7
86.6
86.7
86.8
86.7
86.8
86.8
86.7
86.8
86.8
86.8
86.8
86.8
86.8
86.8
86.8
86.7
86.8
86.8
86.8
86.8
86.8
86.8
86.8
86.8
86.8
86.8
86.8
86.8
86.8
86.8
86.8
86.9
86.9
86.9
86.9
86.9
86.9
86.9
86.9
86.8
86.9
86.8
86.8
86.9
86.8
86.8
86.8
86.8
86.8
86.9
86.9
86.8
86.9
86.8
86.9
86.9
86.8
86.8
86.9
86.8
87.2
87.2
87.1
87.1
87.1
87.0
86.9
87.0
87.0
86.9
87.0
87.0
86.9
87.0
86.9
86.9
86.9
86.9
86.9
86.9
86.9
86.9
86.9
86.9
86.9
87.0
86.9
86.9
87.0
86.9
86.9
87.0
86.9
87.0
87.0
87.0
86.9
87.0
86.9
86.9
87.1
87.0
87.0
87.0
86.9
86.9
86.9
86.9
86.9
86.9
86.9
86.9
86.9
86.9
86.9
86.9
86.9
86.8
86.9
86.9
86.9
86.9
86.9
86.9
87.0
86.9
86.9
86.9
86.9
86.9
86.9
86.9
86.9
86.9
86.9
86.9
86.9
86.9
86.9
86.9
86.9
86.9
86.9
86.9
86.9
86.9
86.9
86.8
86.9
86.8
86.8
86.9
86.9
86.9
86.9
86.9
86.9
86.9
86.9
86.9
86.9
86.9
86.8
86.9
86.8
86.8
86.9
86.8
86.8
86.8
86.8
86.7
86.8
86.8
86.7
86.8
86.8
86.8
86.8
86.8
86.8
86.8
86.8
86.8
86.9
86.8
86.8
86.8
86.8
86.8
86.8
86.8
86.8
86.8
86.8
86.8
86.8
86.8
86.8
86.8
86.8
86.8
86.8
86.8
86.8
86.9
86.8
86.8
86.8
86.8
86.8
86.8
86.8
86.8
86.9
86.9
86.8
86.9
86.8
86.8
86.9
86.8
86.8
86.8
86.8
86.8
86.8
86.8
86.8
86.8
86.8
86.8
86.9
86.8
86.8
86.9
86.8
86.8
86.9
86.9
86.9
86.9
