76.3
89.6
89.6
89.6
89.5
89.4
89.4
89.4
89.3
89.3
89.1
89.1
89.0
89.0
88.9
88.9
88.9
88.9
88.9
88.8
88.8
88.8
88.8
88.8
88.8
88.8
88.8
88.8
88.8
88.8
88.8
88.8
88.8
88.8
88.8
88.8
88.8
88.8
88.8
88.8
88.8
88.7
88.7
88.7
88.7
88.7
88.7
88.7
88.7
88.7
88.6
88.6
88.6
88.6
88.7
88.7
88.7
88.7
88.7
88.7
88.7
88.7
88.7
88.7
88.8
88.7
88.8
88.8
88.8
88.8
88.8
88.8
88.8
88.8
88.8
88.8
88.8
88.8
88.8
88.8
88.9
88.8
88.9
88.9
88.8
88.8
88.8
88.8
88.8
88.8
88.8
88.9
88.9
88.9
88.9
88.9
88.8
88.9
88.8
88.8
88.8
88.8
88.8
88.8
88.8
88.8
88.9
88.9
88.8
88.9
88.9
88.9
88.9
88.9
88.9
