43.5
61.5
61.5
61.5
61.5
61.5
61.6
61.5
61.5
61.5
61.5
61.6
69.8
61.7
61.6
61.6
61.6
61.6
61.6
61.6
61.6
61.6
61.6
61.6
61.7
61.8
61.7
61.7
61.8
61.8
61.7
61.7
61.7
61.7
61.8
61.8
61.8
61.8
61.8
61.8
61.8
61.7
61.8
61.8
61.8
61.8
61.9
43.6
58.2
58.6
59.1
59.5
59.7
60.0
60.2
60.4
60.6
60.6
60.8
60.8
60.9
61.2
61.3
61.3
61.3
61.4
61.9
62.5
62.4
62.6
62.5
62.4
62.5
62.4
62.3
62.3
62.2
62.1
62.1
62.0
62.0
62.0
62.0
61.9
61.9
62.0
62.6
62.9
62.7
62.6
62.5
62.4
62.4
62.3
62.2
69.2
62.1
62.0
62.0
61.9
61.9
61.9
62.0
62.0
61.9
62.0
62.0
61.9
62.0
62.0
62.0
62.0
62.2
62.4
62.4
62.3
62.3
62.3
62.3
62.3
62.5
62.5
62.5
62.4
62.3
62.3
62.3
62.3
62.2
62.2
62.3
