61.5
61.6
61.7
61.7
61.7
61.7
61.7
61.7
61.7
62.1
62.3
62.6
71.3
61.7
61.7
61.7
61.7
61.7
61.7
61.7
61.7
61.7
61.7
61.7
61.7
61.8
61.7
61.7
61.7
61.7
61.8
61.8
61.7
61.8
61.8
61.8
61.8
61.8
61.8
61.8
61.9
61.9
61.9
61.9
61.8
61.8
61.9
61.9
61.9
61.8
61.8
61.8
61.9
61.9
61.8
61.9
61.9
61.9
62.1
62.1
62.1
62.1
62.1
62.1
62.0
62.0
62.1
62.0
62.1
62.3
62.5
62.5
62.4
69.0
62.1
62.1
62.1
62.1
62.1
62.1
62.1
62.1
62.1
62.1
62.0
62.1
62.1
62.1
62.1
62.1
62.1
62.1
62.1
62.2
62.2
62.2
62.2
62.3
62.3
62.3
62.3
62.2
70.7
63.2
63.0
62.9
62.8
62.8
62.7
62.6
62.6
62.5
62.4
62.4
62.4
62.3
62.3
62.3
62.2
62.3
62.3
62.2
62.2
62.2
62.2
62.6
62.8
62.7
62.6
62.5
69.4
68.8
62.1
62.1
62.1
62.1
62.2
62.2
62.1
62.1
62.1
62.1
62.4
62.3
62.3
62.4
62.3
62.3
62.3
62.2
62.3
62.3
62.5
62.4
62.4
62.4
62.4
62.3
62.3
62.3
62.2
62.2
62.6
62.5
62.6
62.8
62.7
62.6
62.6
62.5
62.5
62.4
62.3
62.3
62.3
62.3
62.2
62.3
62.3
62.3
62.3
62.7
63.2
63.1
63.0
62.9
62.8
62.7
62.7
62.6
62.7
62.6
62.6
62.5
62.5
62.5
62.8
62.7
62.7
62.6
62.8
63.2
63.1
62.9
62.8
62.7
62.7
62.6
62.6
62.5
62.5
62.8
63.2
63.1
63.0
62.9
62.8
62.7
62.7
62.6
62.8
62.8
62.7
62.6
62.6
62.5
62.5
62.5
62.4
62.4
62.4
62.4
62.4
62.4
62.4
62.4
62.4
62.4
62.4
62.4
62.4
62.4
62.4
62.5
62.7
62.6
62.6
62.5
62.5
62.5
62.5
62.5
62.4
62.4
62.6
62.6
62.5
62.5
62.5
62.4
62.4
62.4
62.4
62.4
62.4
62.3
62.3
62.8
63.5
63.3
70.9
70.4
62.1
62.1
70.5
62.8
62.7
69.4
61.9
61.9
62.1
62.3
62.3
62.3
62.3
62.2
62.2
62.2
62.2
62.2
62.1
62.1
62.2
62.2
62.2
62.2
62.2
62.2
62.2
62.5
62.5
62.5
62.4
62.4
62.4
62.4
62.4
62.3
62.3
62.3
62.3
62.3
62.4
62.3
62.3
62.3
62.3
62.3
62.3
62.3
62.3
62.3
62.3
62.3
62.3
62.3
62.3
62.3
62.4
62.5
62.4
62.4
62.5
62.4
62.5
62.4
62.4
62.4
62.4
62.4
62.3
62.3
62.4
62.4
62.4
62.4
62.4
62.4
62.4
62.4
62.4
69.2
69.0
62.4
62.4
62.4
62.3
62.4
62.4
62.4
62.4
62.5
62.4
62.5
62.5
62.4
62.4
62.5
62.5
62.6
62.6
62.6
62.7
62.6
63.0
62.9
62.9
62.8
62.8
62.7
62.7
62.6
62.6
62.6
62.5
62.7
62.6
62.6
62.6
62.7
62.6
62.6
62.6
62.6
62.6
62.5
62.5
62.5
62.5
62.5
62.5
62.5
63.0
62.9
62.8
62.8
70.5
62.4
62.4
62.4
62.4
71.1
70.5
62.4
62.4
62.4
62.4
69.8
63.2
63.1
63.0
62.9
62.9
62.8
62.8
62.8
62.7
62.7
62.7
62.6
62.6
62.6
62.6
62.6
62.6
62.6
62.5
68.2
68.5
62.4
62.4
62.3
62.4
62.4
62.4
62.4
62.4
62.4
62.4
62.5
62.4
62.4
62.3
62.4
62.3
62.3
62.3
68.2
62.4
62.4
62.4
62.3
62.4
62.3
62.4
62.3
62.3
62.3
62.4
62.4
62.4
62.4
62.4
62.4
62.4
62.4
62.4
62.4
62.4
62.4
62.4
62.4
62.4
62.4
62.4
62.4
62.4
62.4
62.4
62.4
62.4
62.4
62.4
62.4
62.4
62.4
62.4
62.4
62.4
62.4
62.4
62.4
62.4
62.4
62.4
62.4
62.4
62.4
62.4
68.2
67.6
62.4
62.4
62.4
62.4
62.4
62.4
62.4
62.5
62.4
62.5
62.5
62.5
63.0
63.2
63.1
63.0
63.2
63.1
63.0
62.9
62.8
62.8
62.7
62.7
62.6
62.6
62.6
62.6
62.5
62.6
62.5
62.5
62.5
62.5
62.5
62.5
62.5
62.5
62.4
62.4
62.4
62.5
62.4
62.4
62.4
62.4
62.4
62.5
62.5
62.5
62.5
62.5
62.5
62.5
62.5
62.5
62.5
62.5
62.5
62.5
62.5
62.6
62.6
62.6
62.6
62.6
62.5
62.5
62.5
62.5
62.5
62.5
62.5
62.5
62.7
62.9
62.9
62.8
62.7
62.7
62.7
62.7
62.6
62.5
62.5
62.4
62.4
62.3
62.3
62.3
62.3
62.3
62.2
62.2
62.2
62.7
63.3
63.6
63.4
63.3
63.1
63.1
63.0
62.8
62.7
62.7
62.7
62.7
62.7
62.6
62.6
62.5
62.5
62.4
62.5
62.5
62.4
62.4
62.3
62.3
62.9
62.8
62.7
62.6
63.1
63.1
63.6
63.5
63.4
63.2
63.0
62.9
62.8
62.7
62.6
62.6
62.5
62.5
62.4
62.4
62.3
62.5
62.5
62.4
62.4
62.3
62.3
62.3
62.3
62.2
62.2
62.6
62.5
62.5
62.4
62.4
62.4
62.4
62.3
62.4
62.4
62.3
62.4
62.3
62.3
62.3
62.3
62.2
62.2
62.2
62.2
62.2
62.1
62.1
62.5
62.5
62.4
62.4
62.3
62.3
62.3
62.3
67.6
67.0
66.4
65.8
65.4
65.1
64.7
64.4
64.1
63.9
63.7
63.5
63.3
63.2
63.0
62.9
62.8
62.7
62.6
62.6
62.5
62.5
62.8
62.7
62.6
62.5
62.5
62.4
62.4
62.3
62.3
62.3
62.3
62.3
62.2
62.2
62.2
62.2
62.8
62.7
62.7
62.6
62.6
62.5
62.4
62.4
62.4
62.3
62.3
62.2
62.2
62.3
62.2
62.2
62.2
62.1
62.1
62.1
62.1
62.1
62.1
62.1
62.1
62.2
62.1
62.1
62.1
62.3
62.2
62.2
62.2
62.2
62.2
62.1
62.1
62.1
62.2
62.2
62.1
62.1
62.1
62.1
62.1
62.3
62.3
62.3
62.2
62.2
62.2
62.2
62.1
62.1
62.1
62.1
62.2
62.2
62.5
62.6
62.5
62.4
62.4
62.3
62.3
62.3
62.3
62.2
62.2
62.2
62.2
62.1
62.1
62.1
62.2
62.1
62.1
62.1
62.1
62.1
62.2
62.1
62.1
62.1
62.1
62.1
62.1
62.1
62.1
62.1
62.1
62.1
62.2
62.1
62.2
62.1
62.1
62.2
62.3
62.3
62.2
62.2
62.2
62.2
62.2
62.3
62.3
62.3
62.2
62.2
62.2
62.2
62.2
62.1
62.1
62.1
62.1
62.1
69.4
62.4
62.3
62.3
62.3
62.2
62.3
62.3
62.3
62.3
62.3
62.3
62.3
62.3
68.4
62.6
62.5
62.4
62.4
62.4
62.4
62.3
62.3
62.3
62.3
62.3
62.5
62.4
62.4
62.4
62.3
62.3
62.3
62.3
62.3
62.4
62.3
62.3
62.2
62.2
62.3
62.2
62.3
62.3
62.3
62.2
62.2
62.2
62.2
62.2
62.2
62.2
62.2
62.2
62.2
62.2
62.2
62.2
62.2
62.1
62.1
62.1
62.1
62.1
62.1
62.2
62.2
62.1
62.1
62.2
62.2
62.2
62.2
68.0
62.1
62.1
62.1
62.1
62.1
62.1
62.1
62.1
62.0
62.1
62.0
62.0
62.0
62.0
62.0
62.1
62.1
62.1
62.1
62.1
62.1
62.1
62.1
62.1
62.1
62.1
62.5
62.9
62.8
62.7
62.7
62.6
62.6
62.5
62.4
62.4
62.3
62.3
62.2
62.2
62.2
62.2
62.1
62.1
62.1
62.1
62.1
62.1
62.0
62.1
62.0
62.0
62.0
62.0
62.0
62.0
62.1
62.1
62.0
62.0
62.0
62.0
62.0
62.0
62.0
62.1
62.1
62.0
62.1
62.1
62.1
62.1
62.1
62.2
62.2
62.2
62.2
62.2
62.3
62.2
62.2
62.3
62.3
62.2
62.3
62.3
62.3
62.3
62.3
62.4
62.4
62.3
62.3
62.2
70.1
62.4
62.3
62.3
62.3
62.3
62.3
62.3
62.3
62.3
62.3
62.3
62.3
62.3
62.3
62.3
62.2
62.3
62.3
62.3
62.3
62.3
62.3
62.4
62.3
62.3
62.3
62.3
62.4
62.3
62.5
62.5
62.5
62.5
62.4
62.4
62.4
62.4
62.3
62.3
62.3
62.3
62.2
62.3
62.2
62.2
62.2
62.2
62.3
62.2
62.2
62.2
62.2
62.3
62.3
62.3
62.3
62.2
62.2
62.3
62.3
62.3
62.2
62.2
62.3
62.2
62.3
62.2
62.2
62.2
62.2
62.3
62.2
62.2
62.2
62.2
62.2
62.2
62.2
62.2
62.2
62.2
62.2
62.2
62.2
62.2
62.2
62.2
62.3
62.3
62.4
62.6
62.5
62.5
62.9
62.8
62.6
62.6
62.7
62.8
62.7
62.6
70.3
62.8
62.7
62.6
62.7
62.6
62.6
62.5
62.6
62.5
62.6
62.5
62.5
62.4
62.4
62.3
62.2
62.2
62.2
62.2
62.1
62.1
62.1
62.1
62.1
62.1
62.1
62.1
62.0
62.0
62.0
62.1
62.1
62.1
62.1
62.0
62.0
62.0
62.0
62.1
62.1
62.1
62.1
62.0
62.1
62.1
62.1
62.1
62.0
62.1
62.1
62.1
62.1
62.1
62.1
62.1
62.1
62.1
62.1
62.1
62.1
62.1
62.2
62.1
62.1
62.2
62.2
62.2
62.2
62.2
62.2
62.1
62.1
62.1
62.1
62.2
62.3
62.2
62.2
62.2
62.2
62.1
62.2
62.1
62.1
62.1
70.9
63.0
62.8
62.8
62.6
62.6
62.5
62.5
62.4
62.4
62.4
62.3
62.3
62.4
62.6
62.6
62.8
62.7
62.6
62.5
62.5
62.5
62.4
62.3
62.3
62.3
62.3
62.3
62.2
62.2
62.2
67.4
66.7
66.2
65.7
65.3
64.9
64.5
64.3
64.0
63.7
63.5
63.3
63.3
63.2
63.1
62.9
62.8
62.7
62.6
62.6
62.5
62.4
62.4
62.3
62.3
62.3
62.3
62.3
62.2
62.2
62.2
62.2
62.6
62.9
62.8
62.7
62.6
62.6
62.5
62.5
62.4
62.4
62.4
62.4
62.3
62.3
62.3
62.3
62.3
62.3
62.3
62.2
62.2
62.2
62.2
71.3
62.6
62.5
62.4
62.4
62.3
62.3
62.2
68.8
62.1
62.1
62.1
62.1
62.1
62.1
62.1
62.1
62.1
62.1
62.2
62.6
62.5
62.5
62.4
62.4
62.4
62.3
62.3
62.3
62.7
62.7
62.6
62.5
62.4
62.4
62.3
62.3
62.3
62.2
62.2
62.2
62.2
62.2
62.2
62.1
62.1
62.1
62.1
62.1
62.1
62.1
62.1
62.2
62.2
62.1
62.1
62.1
62.1
62.2
62.1
62.1
62.1
62.1
62.1
62.1
62.2
62.2
62.2
62.2
62.2
62.2
62.2
62.1
62.2
62.1
62.1
62.1
62.1
62.1
62.1
62.0
62.1
62.1
62.0
62.0
62.1
62.1
62.1
62.1
62.4
62.4
62.4
62.3
62.3
62.3
62.2
62.2
62.2
62.2
62.1
62.4
62.4
62.3
62.3
62.2
62.5
71.1
62.1
62.1
62.1
62.0
62.0
62.1
62.1
62.1
62.1
62.0
62.0
62.0
62.2
62.2
62.2
62.2
62.2
62.1
62.4
62.3
68.2
68.6
62.4
62.3
62.3
62.2
62.3
62.3
62.2
62.2
62.8
63.3
63.2
63.1
63.1
63.1
63.0
62.8
62.8
62.7
62.6
62.5
63.1
68.2
67.7
62.1
62.1
62.1
62.1
62.1
62.1
62.1
62.1
62.1
62.1
62.1
62.1
62.1
62.1
62.1
62.1
62.1
62.1
62.8
62.7
62.6
62.5
62.4
62.4
62.4
62.4
62.4
62.3
62.3
62.3
62.3
62.2
62.2
62.2
62.2
62.2
62.2
62.2
62.2
62.1
62.2
62.2
62.2
62.1
62.2
62.2
62.2
62.1
62.1
62.1
62.1
62.2
62.1
62.1
62.2
62.1
62.2
62.7
63.3
63.2
63.0
62.9
62.8
62.7
62.7
62.6
62.6
62.5
62.4
62.4
62.4
62.4
62.3
62.3
62.3
62.3
62.3
62.3
62.2
62.2
62.2
62.1
62.2
62.2
62.2
62.2
62.1
62.1
62.1
62.1
62.1
62.1
62.1
62.1
62.1
62.1
62.1
62.1
62.1
62.1
62.1
62.1
62.0
62.1
62.1
62.2
62.3
62.2
62.3
62.2
62.2
62.2
62.2
62.2
62.2
62.1
62.2
62.2
62.2
62.1
62.1
62.1
62.6
62.5
62.5
62.4
62.4
62.4
63.0
62.9
62.8
62.7
62.6
62.5
62.4
62.4
62.3
62.3
62.4
62.3
62.4
62.4
62.7
62.8
62.7
62.6
62.6
62.5
62.4
62.3
62.3
62.2
62.2
62.2
62.2
62.2
62.1
62.1
62.1
62.1
62.1
62.1
62.1
62.1
62.1
62.0
62.0
62.0
62.0
62.0
62.0
62.0
62.0
62.0
62.0
62.0
62.0
62.0
62.0
62.0
62.0
62.4
62.4
62.3
62.7
62.6
62.8
62.8
62.6
62.6
62.5
62.4
62.3
62.3
62.3
62.2
62.2
62.2
62.1
62.1
62.1
62.1
62.1
62.1
62.1
62.1
62.2
62.2
62.1
62.1
68.0
62.1
62.1
62.0
62.0
62.0
62.0
62.0
62.0
62.0
62.0
62.0
62.0
62.0
62.0
62.1
62.2
62.1
62.1
62.1
62.2
62.3
62.2
62.3
62.2
62.2
62.2
62.2
62.1
62.1
62.1
62.1
62.1
62.1
62.1
62.1
62.0
62.0
62.1
62.1
62.1
62.1
62.1
62.1
62.1
62.2
62.2
62.1
62.1
62.1
62.1
62.1
62.1
62.1
62.1
62.1
62.1
62.1
62.0
62.0
62.0
62.0
62.0
62.3
69.0
62.1
62.2
62.1
62.1
62.1
62.1
62.2
62.2
62.4
62.3
62.3
62.3
62.2
62.2
62.4
62.5
62.4
62.4
62.4
62.3
62.4
62.8
62.7
62.6
62.5
62.4
62.3
62.3
62.2
62.2
62.1
62.1
62.6
62.4
62.4
62.3
62.3
62.2
62.2
62.2
62.2
62.1
62.1
62.1
62.1
62.1
62.2
62.2
62.1
62.1
62.1
62.1
62.1
62.1
62.1
62.1
62.0
62.0
62.0
62.0
62.0
62.0
62.0
62.0
62.0
62.0
62.0
62.0
62.0
62.0
62.1
62.6
63.0
62.9
62.8
62.8
62.7
62.9
62.8
62.7
62.7
62.6
62.5
62.5
62.6
62.5
62.5
62.4
62.4
62.3
62.3
62.3
62.2
62.2
62.2
62.2
62.2
62.3
62.2
62.3
62.4
62.3
62.3
62.4
62.4
62.3
62.4
62.4
62.3
62.3
62.3
62.2
62.2
62.2
62.2
62.2
62.1
62.1
62.1
62.1
62.1
62.1
62.1
62.1
62.1
62.1
62.1
62.1
62.1
62.2
62.2
62.2
62.2
62.2
62.2
62.2
62.2
62.2
62.2
62.2
62.2
62.2
62.2
62.2
62.2
62.2
62.1
62.1
62.1
62.2
62.2
62.1
62.1
62.1
62.7
70.7
61.9
61.9
61.9
61.9
62.0
62.0
62.0
62.0
62.1
62.0
62.0
62.2
62.2
62.2
62.2
62.2
62.2
62.2
62.2
62.3
62.2
62.2
62.1
62.2
62.2
62.1
62.1
62.1
62.1
62.1
62.1
62.1
62.1
62.1
62.1
62.1
62.5
62.7
62.6
62.5
62.5
62.5
63.0
70.3
61.9
61.9
61.9
61.9
61.9
61.9
61.9
61.9
61.9
62.0
61.9
61.9
61.9
62.0
62.0
62.0
62.0
62.0
62.0
62.0
62.0
62.0
62.5
62.7
62.6
62.6
62.5
62.5
62.5
62.4
62.4
63.0
62.9
62.8
62.7
62.6
63.1
63.0
62.9
62.8
62.8
