61.5
61.4
61.3
61.8
61.9
61.8
61.7
61.6
61.4
61.4
61.3
61.2
61.2
61.1
61.1
61.1
61.1
61.1
61.0
60.9
60.9
60.9
60.9
60.9
60.9
60.9
60.9
60.9
60.9
61.0
60.9
61.0
60.9
61.0
60.9
60.9
60.9
60.9
61.0
61.5
61.5
61.4
61.3
61.2
61.2
61.1
61.1
61.1
61.0
61.0
61.0
61.0
60.9
61.2
61.2
61.7
61.6
61.6
61.5
61.6
61.5
61.4
61.4
61.9
61.9
61.8
61.8
61.7
61.6
61.6
61.5
61.5
61.4
61.4
61.4
61.3
61.2
61.2
61.2
61.2
61.2
61.1
61.1
61.1
61.1
61.1
61.1
61.1
61.1
61.7
61.6
61.6
61.5
61.4
61.4
61.4
61.3
61.3
61.3
61.2
61.2
61.2
61.2
61.1
61.1
61.1
61.1
61.1
61.1
61.1
61.1
61.1
61.2
61.1
61.1
61.1
61.3
61.3
61.3
61.3
61.3
61.3
61.3
61.3
61.3
61.3
61.3
61.9
62.4
62.2
62.1
61.9
61.8
61.7
61.7
61.6
61.5
61.4
61.3
61.3
61.3
61.2
61.2
61.2
61.2
66.7
66.1
65.5
64.9
64.4
64.0
63.7
63.3
63.1
62.8
62.6
62.5
62.3
62.1
62.0
61.9
61.9
61.8
62.1
61.9
61.9
61.9
61.8
61.7
61.7
61.6
61.5
61.4
61.4
61.3
61.3
