44.2
61.9
62.1
62.4
62.6
62.7
62.9
63.0
63.2
63.3
63.4
63.7
63.7
63.8
63.9
63.9
63.9
64.0
64.0
64.0
64.0
64.0
64.1
64.1
64.1
64.1
64.2
64.4
64.4
64.4
64.4
64.4
64.4
64.4
64.4
64.4
64.3
64.3
64.6
64.5
64.5
64.4
64.4
64.4
64.4
64.4
64.4
64.3
64.4
64.3
64.3
64.3
64.3
64.3
64.3
64.3
64.3
64.3
64.3
64.3
64.2
64.2
64.2
64.3
64.3
64.3
64.4
64.4
64.3
64.3
64.4
64.6
64.6
71.7
66.1
65.9
65.7
65.5
65.3
65.2
65.1
65.1
64.9
64.9
64.8
64.8
64.7
64.7
64.6
64.6
64.6
64.6
64.5
64.7
64.7
64.8
64.7
65.2
65.1
65.0
65.0
64.9
64.8
64.8
64.7
70.7
70.4
70.1
69.9
69.8
64.6
64.6
64.6
64.5
64.5
64.5
64.4
64.4
64.4
64.4
64.4
64.4
64.4
64.4
64.4
64.4
64.4
64.4
64.4
64.4
64.4
64.4
64.5
64.6
64.6
64.6
64.6
64.5
64.5
64.5
64.5
64.6
64.6
64.5
64.5
64.5
64.5
64.5
64.4
64.4
64.4
64.4
64.4
64.4
64.4
64.4
64.4
64.4
64.4
64.4
64.4
64.4
64.4
64.4
64.4
64.4
64.4
64.4
64.4
64.4
64.5
64.5
64.5
64.5
64.4
64.5
64.4
64.4
64.4
64.4
64.4
64.4
64.4
64.4
64.4
64.4
64.5
64.5
64.5
64.5
64.5
64.7
64.8
64.7
64.9
65.1
65.0
64.9
64.9
64.8
64.7
64.7
64.6
64.6
64.6
64.5
64.5
64.4
64.9
64.8
64.7
64.6
64.5
64.5
64.5
64.4
64.4
64.3
64.3
64.3
64.3
64.3
64.3
64.3
64.3
64.4
64.8
65.3
65.9
65.7
65.5
65.5
65.5
65.3
65.2
65.1
64.9
64.8
64.8
64.8
64.7
64.7
64.6
64.6
64.5
64.5
64.5
64.5
64.5
64.5
65.0
65.1
65.0
64.9
64.9
64.9
64.8
64.8
64.7
64.7
64.6
64.6
64.5
64.5
64.5
64.5
64.5
64.4
64.4
64.4
74.4
74.4
64.2
64.2
64.2
64.3
64.4
64.4
64.4
64.7
64.8
64.8
64.7
64.9
64.9
64.8
64.7
64.7
64.6
64.6
64.5
64.4
64.4
64.4
64.3
64.3
64.3
64.3
64.3
64.2
64.1
64.1
64.2
64.2
64.2
64.2
64.1
64.1
64.1
64.1
64.1
64.5
64.5
64.4
64.4
64.5
64.4
64.4
64.4
64.4
64.4
64.4
64.4
64.4
64.3
64.3
64.3
64.3
64.3
64.3
64.2
64.2
64.3
64.3
64.3
64.3
64.3
64.3
64.3
64.3
64.3
64.4
64.4
64.4
64.3
64.4
64.8
65.2
65.6
65.9
66.2
72.6
64.9
64.8
64.7
64.6
64.6
64.5
64.4
64.4
64.4
65.0
64.9
64.8
64.8
64.7
64.6
64.5
64.5
64.4
64.4
64.3
64.3
64.4
64.4
64.4
64.4
64.3
64.3
64.3
64.3
64.3
64.3
64.2
64.2
64.2
64.1
64.2
64.1
64.1
64.1
64.1
64.2
64.2
64.2
64.1
64.1
64.1
64.1
64.1
64.1
64.1
64.1
64.1
64.1
70.9
64.9
64.8
64.7
64.6
64.5
64.5
64.5
64.4
64.4
64.3
64.3
64.2
69.6
69.1
63.8
63.8
63.9
64.2
64.3
64.3
64.2
64.2
64.2
64.2
64.2
64.2
64.2
64.1
64.3
64.3
64.3
64.2
64.2
64.2
64.2
64.2
64.1
64.1
64.1
64.1
64.1
64.1
64.1
64.1
64.1
64.1
64.1
64.1
64.1
64.1
64.1
64.1
64.1
64.1
64.2
64.2
64.2
64.2
64.2
64.2
64.7
65.1
65.6
65.5
65.3
65.2
65.1
64.9
64.8
64.7
64.6
64.6
64.5
64.5
64.4
64.4
64.4
64.3
64.3
64.5
64.4
64.4
64.3
64.3
64.3
64.3
64.2
64.2
64.3
64.2
64.2
64.2
64.2
64.1
64.2
64.1
64.2
64.1
64.1
64.1
64.1
64.1
64.3
64.3
64.3
64.3
64.3
64.2
64.2
64.2
64.2
64.2
64.2
64.2
64.2
64.2
64.2
64.2
64.2
64.2
64.2
64.2
64.2
64.2
64.2
64.2
64.2
64.2
64.1
64.2
64.5
64.4
64.4
64.4
64.4
64.3
64.3
64.3
64.3
64.2
64.2
64.2
64.2
64.2
64.2
64.2
64.2
64.2
64.2
64.2
64.2
64.2
64.2
64.2
64.2
64.1
64.1
64.1
64.1
64.2
64.1
64.1
64.1
64.1
64.1
64.1
64.1
64.1
64.1
64.1
64.1
64.1
64.1
64.0
64.0
64.1
64.0
64.1
64.1
64.1
64.6
64.9
65.3
65.2
65.1
65.0
64.9
64.8
64.7
64.6
64.5
64.5
64.4
64.4
64.4
64.3
64.3
64.3
64.2
64.2
64.2
64.2
64.2
64.1
64.2
64.2
64.8
64.7
64.6
64.6
64.5
64.5
64.4
64.4
64.3
64.4
64.4
64.4
64.4
64.4
64.4
64.3
64.3
64.3
64.4
64.4
64.4
64.3
64.4
64.4
64.4
64.4
64.3
64.3
64.3
64.3
64.3
64.4
64.4
64.4
64.4
64.3
64.4
64.4
64.3
64.4
64.4
64.3
64.3
64.3
64.3
64.3
64.4
64.4
64.4
64.8
64.7
64.7
64.7
64.6
64.7
64.8
64.7
64.7
64.7
64.8
65.0
64.9
64.9
64.8
64.7
64.7
65.0
64.9
64.8
64.8
64.7
64.7
64.6
64.5
64.5
64.5
64.5
64.5
64.4
64.4
64.4
64.4
64.4
64.3
64.3
64.3
64.3
64.3
64.3
64.3
64.3
64.3
64.2
64.4
64.9
65.4
65.7
65.6
65.6
65.6
65.5
65.3
65.2
65.1
65.0
64.9
64.9
64.8
64.8
64.7
64.7
64.6
64.5
64.5
64.4
64.4
64.4
64.4
64.4
64.3
64.3
64.3
64.4
64.3
64.3
64.3
64.3
64.3
64.4
64.4
64.4
64.4
64.3
64.3
64.3
64.3
64.3
64.3
64.3
64.3
64.3
64.3
64.3
64.3
64.5
64.4
64.4
64.3
64.3
64.3
64.3
64.3
64.3
64.3
64.3
64.3
64.3
64.4
64.4
64.4
64.4
64.4
64.4
64.4
64.4
64.4
64.4
64.4
64.4
64.4
64.4
64.4
64.4
64.3
64.3
64.4
64.3
64.3
64.4
64.3
64.3
64.3
64.3
64.3
64.3
64.4
64.4
64.4
64.3
64.4
64.4
64.4
64.4
64.3
64.3
64.3
64.3
64.3
64.2
64.2
64.2
64.2
64.2
70.7
64.2
64.2
64.2
64.2
64.2
64.2
64.2
64.2
64.2
64.5
65.0
65.4
65.8
66.1
66.3
66.2
66.0
65.8
65.5
65.4
65.3
65.2
65.0
64.9
64.9
64.8
64.7
64.7
64.6
64.9
64.8
64.7
64.6
64.7
64.6
64.5
64.5
64.5
64.4
64.4
64.4
64.4
64.5
64.4
64.4
64.4
64.4
64.4
64.4
64.4
64.4
64.3
64.3
64.3
64.3
64.3
64.3
64.3
64.3
64.3
64.3
64.3
64.3
71.5
65.5
65.3
65.2
65.3
65.2
65.0
64.9
64.8
64.7
64.7
64.6
64.6
64.5
64.5
64.4
64.4
64.3
64.3
64.3
64.3
64.3
64.2
64.2
64.1
64.1
64.1
64.1
64.1
64.0
64.0
64.0
64.0
64.0
64.0
64.1
64.1
64.1
64.1
64.1
69.6
64.0
64.0
64.0
64.1
64.1
64.1
64.1
64.1
64.1
64.1
64.1
64.1
64.1
64.2
64.2
64.2
64.2
64.2
64.2
64.2
64.2
64.2
64.3
64.3
64.3
64.3
64.8
65.1
65.5
65.3
65.2
65.2
65.3
65.2
65.0
64.9
64.8
64.8
64.7
64.6
64.6
64.5
73.6
64.2
64.2
64.2
64.2
64.1
64.1
64.2
64.2
64.2
64.2
64.2
64.3
64.4
64.3
64.3
64.3
64.3
64.3
64.3
64.2
64.3
64.3
71.3
64.4
64.4
64.3
64.3
64.4
64.4
64.4
64.4
64.4
64.4
64.4
64.3
64.3
64.3
64.3
64.3
64.3
64.3
64.4
64.3
64.3
64.3
64.3
64.3
64.3
64.3
64.3
64.3
64.3
64.3
64.3
64.3
64.3
64.3
64.3
64.3
64.3
64.3
64.3
64.2
64.2
64.2
64.2
64.3
64.2
64.2
64.2
64.2
64.4
64.3
64.3
64.3
64.3
64.3
64.3
64.3
64.3
64.3
64.3
64.3
64.3
64.3
64.3
64.3
64.3
64.3
64.3
64.3
64.3
64.3
64.3
64.3
64.2
64.3
64.3
64.3
64.3
64.3
64.6
70.9
70.5
70.3
64.6
64.5
64.5
64.5
64.4
64.4
64.4
64.4
64.4
64.4
64.3
64.3
64.3
64.4
64.3
64.3
64.3
64.2
64.2
64.3
64.3
64.2
64.3
64.2
64.2
64.3
64.4
64.4
64.4
64.4
64.3
64.3
64.3
64.4
64.4
64.4
64.4
64.4
64.4
64.4
64.3
64.2
64.2
64.2
64.2
64.2
64.2
64.2
64.2
64.2
64.2
64.2
64.2
64.2
64.2
64.2
64.2
64.2
64.2
64.2
64.2
64.2
64.2
64.2
64.2
64.2
64.2
70.5
64.2
64.2
64.2
64.2
64.1
64.1
64.1
64.1
64.2
64.1
64.3
64.3
64.3
64.2
64.2
64.2
64.2
64.2
64.2
64.2
64.2
64.1
64.1
64.1
64.1
64.1
64.1
64.1
64.1
64.1
64.1
64.1
64.2
64.1
64.1
64.1
64.1
64.1
64.1
64.1
64.1
64.1
64.1
64.1
64.2
64.2
64.2
64.2
64.2
64.3
64.8
65.2
65.6
65.5
65.4
65.4
65.2
65.1
65.0
64.9
64.9
64.8
64.7
64.7
64.7
64.6
64.6
64.5
64.5
64.5
64.4
64.4
64.4
64.4
64.4
64.4
64.4
64.3
64.3
64.3
64.3
64.3
64.3
64.3
64.3
64.2
64.3
64.2
64.2
64.2
64.3
64.3
64.2
64.2
64.2
64.2
64.2
64.2
64.3
64.3
64.4
64.4
64.4
64.3
64.3
64.3
64.3
64.3
64.3
64.3
64.3
64.3
64.3
64.3
64.3
64.3
64.3
64.3
64.3
64.2
64.2
64.2
64.2
64.2
64.2
64.2
64.2
64.2
64.2
64.2
64.2
64.2
64.3
64.3
64.2
64.2
64.2
64.3
64.3
64.3
64.3
64.3
64.3
64.3
64.3
64.3
64.3
64.2
64.3
64.2
64.2
64.2
64.2
64.2
64.2
64.2
64.2
64.4
64.4
64.4
64.4
64.4
64.3
64.4
64.3
64.3
64.3
64.4
64.4
64.5
64.9
65.3
65.7
66.0
65.8
65.7
65.5
65.4
65.2
65.1
64.9
64.8
64.7
64.7
64.6
64.6
64.5
64.5
64.4
64.4
64.3
64.3
64.3
64.3
64.3
64.2
64.2
64.2
64.2
64.2
64.2
64.2
64.2
64.2
64.2
64.2
64.2
64.2
64.2
64.2
64.2
64.2
64.2
64.2
64.2
64.2
64.2
64.2
64.2
64.2
64.2
64.2
64.2
64.3
64.3
64.3
64.3
64.3
64.3
64.3
64.3
64.3
64.3
64.3
64.3
64.3
64.3
64.4
64.3
64.3
64.3
64.3
64.4
64.4
64.4
64.4
64.4
64.3
64.3
64.3
64.3
64.3
64.3
64.3
64.3
64.3
64.3
64.3
64.3
64.3
64.3
64.3
64.3
64.3
64.3
64.3
64.3
64.3
64.3
64.2
64.3
64.2
64.3
64.3
64.3
64.3
64.2
64.3
64.3
64.2
64.3
64.9
65.3
65.6
65.3
65.2
65.0
64.9
64.8
64.7
64.7
64.6
64.6
64.6
64.5
64.5
64.4
64.4
64.4
64.4
64.3
64.3
64.3
64.3
64.3
64.3
64.3
64.4
64.4
64.3
64.3
64.3
64.3
64.3
64.3
64.3
64.3
64.3
64.2
64.3
64.3
64.3
64.3
64.3
64.3
64.3
64.3
64.3
64.2
64.3
64.2
64.2
64.5
64.4
64.4
64.3
64.3
64.3
64.3
64.2
64.2
64.2
64.2
64.2
64.2
64.2
64.2
64.2
64.2
64.2
64.2
64.2
64.2
64.2
64.2
64.2
64.2
64.2
64.2
64.2
64.2
64.2
64.2
64.2
64.2
64.3
64.2
64.2
64.2
64.2
64.2
64.3
64.2
64.2
64.3
64.3
64.3
64.3
64.3
64.3
64.3
64.2
64.3
64.3
64.3
64.3
64.3
64.3
64.3
64.3
64.3
64.3
64.4
64.4
64.4
64.8
65.3
65.6
65.5
65.4
65.3
65.2
65.1
65.0
64.9
64.8
64.7
64.6
71.3
64.0
64.0
64.0
64.0
64.1
64.1
64.1
64.1
64.2
64.2
64.2
64.2
64.2
64.2
64.3
64.4
64.4
69.8
69.7
64.2
64.4
64.7
64.7
64.7
64.7
64.6
64.6
64.6
64.6
64.5
64.5
64.5
64.5
64.4
64.4
64.4
64.4
64.4
64.4
64.3
64.4
64.3
64.3
64.4
64.3
64.3
64.5
64.5
64.5
64.5
64.5
64.5
64.4
64.4
64.4
64.4
64.4
71.5
64.6
64.5
64.5
64.5
64.4
64.4
64.4
64.4
64.5
64.5
64.5
64.4
64.4
64.7
64.6
64.6
64.6
64.5
64.5
64.5
64.5
64.4
64.4
64.4
64.4
64.4
64.4
69.8
69.1
68.5
68.0
67.7
67.3
66.9
66.6
66.3
66.0
65.8
65.6
65.5
65.3
65.2
65.0
65.0
64.9
64.8
64.7
64.7
65.1
65.6
66.0
66.3
66.0
66.0
65.8
65.6
65.5
65.3
65.2
65.1
65.0
64.9
64.8
64.7
64.7
64.6
64.6
64.6
64.5
64.5
64.5
64.4
64.4
64.3
64.4
64.3
64.4
64.6
64.5
64.6
64.5
64.7
65.0
64.9
64.8
72.8
64.4
64.3
64.3
64.3
64.3
64.3
64.3
64.3
64.3
64.3
64.3
64.3
64.4
64.4
64.4
64.4
64.3
64.3
64.3
64.3
64.3
64.2
64.3
64.3
64.3
64.3
69.6
64.2
64.2
64.2
64.2
64.2
64.2
64.2
64.2
64.2
64.2
64.2
64.2
64.2
64.2
64.2
64.2
64.2
64.2
64.2
64.2
64.2
64.2
64.2
64.3
64.3
64.3
64.3
64.3
64.3
64.2
64.4
64.4
64.4
64.4
64.7
64.6
64.6
64.6
64.5
64.5
64.5
64.5
64.4
64.5
64.4
64.4
64.4
64.4
64.4
64.4
64.3
64.4
64.3
64.4
64.7
65.1
65.6
65.9
65.8
65.6
65.5
65.3
65.2
65.1
64.9
64.9
64.8
64.7
64.7
64.6
64.6
64.6
64.5
64.5
64.5
64.4
64.4
64.4
64.4
64.4
64.4
64.4
64.4
64.4
64.4
64.3
64.3
64.3
64.3
64.3
64.3
64.3
64.3
64.3
64.3
64.4
64.4
64.4
64.3
64.3
64.3
64.3
64.3
64.3
64.3
64.3
64.5
65.1
64.9
64.9
64.8
64.8
65.0
64.9
64.8
64.7
64.7
64.6
64.6
64.6
64.6
64.6
64.5
64.5
64.5
64.4
64.4
64.4
64.4
64.4
64.4
64.3
64.3
64.3
64.3
64.3
64.3
64.3
64.3
64.3
64.3
64.3
64.3
64.3
64.4
64.3
64.4
64.3
64.5
64.8
64.8
64.7
64.7
64.7
64.6
64.6
64.6
64.5
64.5
64.5
64.5
64.4
64.4
64.4
64.5
64.5
64.7
64.7
64.7
64.6
64.8
64.7
64.9
64.9
65.0
65.4
65.7
66.0
66.3
66.6
66.3
66.2
65.9
65.7
65.6
65.4
65.3
65.2
65.0
65.0
64.9
64.8
64.7
64.7
64.6
64.5
64.6
64.5
64.5
64.5
64.6
64.5
64.5
64.5
64.5
64.5
64.4
64.4
64.4
64.4
64.4
64.4
64.4
64.3
64.3
64.3
64.4
64.3
64.3
64.4
64.3
64.3
64.3
64.4
64.4
64.3
64.3
64.4
64.4
64.4
64.4
64.4
64.4
64.4
64.4
64.4
64.4
64.4
64.4
64.3
64.3
64.3
64.4
64.4
64.4
64.4
64.4
64.4
64.4
64.4
64.4
64.4
64.4
64.4
64.4
64.4
64.4
64.4
64.4
64.4
64.3
64.5
64.7
64.6
64.6
64.6
64.6
64.6
64.5
64.5
64.5
64.5
64.5
64.5
64.4
64.4
64.4
64.5
64.4
64.4
64.4
64.4
64.4
64.4
70.9
70.3
64.4
64.4
64.4
64.4
64.4
64.4
74.6
64.6
64.6
65.1
65.5
65.8
65.6
65.6
65.5
65.3
65.2
65.1
64.9
64.8
64.8
64.7
64.8
65.1
65.0
64.9
64.8
64.8
64.7
64.7
64.6
64.6
64.6
64.5
64.5
64.4
64.4
64.4
64.4
64.4
64.4
64.4
64.3
64.4
64.5
64.5
64.5
64.5
64.4
64.4
64.4
64.4
64.4
64.4
64.3
64.4
64.3
64.3
64.3
64.2
64.3
64.3
64.3
64.2
64.3
64.2
64.5
64.4
64.4
64.4
64.3
64.3
64.3
64.3
64.2
64.2
64.2
64.2
64.2
64.2
64.2
64.2
64.2
64.2
64.2
64.2
64.2
64.2
64.7
65.0
64.9
64.8
64.7
64.6
64.6
64.5
64.5
64.5
64.5
64.4
64.4
64.4
64.4
64.3
64.4
64.3
64.5
64.4
64.4
64.3
64.6
64.6
64.6
64.5
64.5
64.5
64.4
64.4
64.4
64.4
64.5
64.4
64.4
64.5
64.5
64.4
64.4
64.4
64.4
65.0
65.4
65.7
65.6
65.5
65.5
65.3
65.2
65.1
65.0
64.9
64.8
64.8
64.7
64.6
64.6
64.6
65.1
65.1
64.9
64.9
64.8
64.7
64.7
64.7
64.6
64.6
64.5
64.5
64.5
64.4
64.4
64.4
64.4
64.3
64.4
64.3
64.3
64.3
64.3
64.3
64.2
64.3
64.2
64.2
64.2
64.2
64.2
64.3
64.3
64.4
64.4
64.4
64.4
64.4
64.4
64.3
64.4
64.3
64.3
64.3
64.3
64.3
64.3
64.3
64.3
64.3
64.3
64.3
64.3
64.3
64.3
64.3
64.2
64.3
64.3
64.2
64.2
64.2
64.3
64.3
64.2
64.2
64.2
64.2
64.2
64.2
64.2
64.3
64.3
64.3
64.3
64.3
64.4
64.3
64.4
64.4
64.4
64.4
64.4
64.4
64.4
64.3
64.3
64.3
64.3
64.3
64.3
64.3
64.3
64.3
64.3
64.3
64.3
64.4
64.3
64.3
64.3
64.3
64.4
64.8
65.3
65.6
65.5
65.4
65.2
65.2
65.2
65.1
65.0
64.9
65.2
65.6
65.4
65.2
65.1
65.1
64.9
64.9
64.8
65.0
71.3
64.0
64.0
64.0
64.6
64.5
64.5
64.5
64.5
64.5
65.0
64.9
64.8
64.7
64.7
64.6
64.6
64.5
64.5
64.5
64.4
64.4
64.4
64.4
64.4
64.3
64.3
64.3
64.3
64.2
64.3
64.3
64.2
64.2
64.3
64.3
64.2
64.3
64.3
64.2
64.3
64.3
64.3
64.3
64.3
64.3
72.6
64.2
64.1
64.2
64.1
64.2
64.2
64.2
64.2
64.2
64.2
64.2
64.2
64.2
64.2
64.2
64.2
64.2
64.2
64.2
64.2
64.2
64.2
64.2
64.2
64.2
64.2
64.2
64.2
70.1
64.2
64.1
64.1
64.1
64.1
64.2
64.2
64.2
64.2
64.2
64.2
64.2
64.2
64.2
64.2
64.2
64.3
64.3
64.3
64.2
64.4
64.4
64.4
64.9
65.3
65.6
66.0
65.8
65.6
65.5
65.3
65.2
65.0
65.0
64.9
64.8
64.7
64.6
64.6
64.5
64.5
64.5
64.8
65.1
65.0
64.9
64.8
64.8
65.1
65.1
65.0
65.0
65.0
64.9
64.8
64.8
64.7
64.7
64.7
64.6
64.6
64.5
64.5
64.5
64.5
64.5
64.5
64.4
64.4
64.3
64.4
64.3
64.3
64.3
64.3
64.3
64.3
64.3
64.3
64.3
64.3
64.3
64.3
64.3
64.3
64.3
64.3
64.3
64.2
64.3
64.3
64.3
64.3
64.3
64.3
64.3
64.3
64.3
64.2
64.2
64.2
64.3
64.2
64.2
64.2
64.2
64.2
64.5
64.6
64.6
64.5
64.5
64.5
64.4
64.4
64.3
64.3
64.3
64.3
64.3
64.3
64.3
64.3
64.3
64.3
64.3
64.3
64.3
64.3
64.2
64.3
64.3
64.3
64.3
64.3
64.3
64.2
64.2
64.3
64.3
64.3
64.3
64.4
64.8
65.2
65.6
65.9
65.7
65.6
65.4
65.3
65.2
65.0
64.9
64.8
64.7
64.7
64.6
64.6
64.5
64.5
64.4
64.4
64.4
64.3
64.3
64.3
64.3
64.2
64.6
64.5
64.5
64.5
64.4
64.4
64.4
64.3
64.5
64.7
64.7
64.6
64.6
64.5
64.5
64.5
64.4
64.4
64.4
64.4
64.3
64.3
64.3
64.3
64.3
64.3
64.3
64.3
64.3
64.2
64.2
64.2
64.3
64.3
64.2
64.2
64.2
64.2
64.2
64.2
64.2
64.3
64.3
64.3
64.3
64.3
64.2
64.4
64.3
64.3
64.3
64.3
64.2
64.3
64.3
64.3
64.3
64.3
64.3
64.3
64.3
64.3
64.3
64.2
64.2
64.3
64.2
64.2
64.2
64.2
64.2
64.2
64.2
64.2
64.2
64.2
64.3
64.2
64.2
64.3
64.3
64.2
64.3
64.2
64.5
64.4
64.4
64.4
64.4
64.3
64.3
64.3
64.4
64.8
65.2
65.6
65.5
65.3
65.3
65.2
65.1
64.9
64.9
64.7
64.7
64.6
64.5
64.5
64.4
64.4
64.4
64.4
64.3
64.3
64.3
64.3
64.3
64.3
64.2
64.2
64.2
64.2
64.2
64.2
64.3
64.2
64.2
64.2
64.2
64.2
64.2
64.2
64.2
64.2
64.2
64.2
64.2
64.2
64.2
64.2
64.2
64.2
64.2
64.4
64.3
64.4
64.3
64.3
64.3
64.3
64.3
64.4
64.4
64.4
64.3
64.3
64.2
64.2
64.2
64.2
64.2
64.2
64.2
64.1
64.1
64.1
64.1
64.1
64.1
64.1
64.1
64.2
64.2
64.2
64.1
64.1
64.1
64.1
64.1
64.1
64.1
64.1
64.1
64.3
64.3
64.2
64.2
64.2
64.3
64.3
64.3
64.3
64.3
64.2
64.3
64.3
64.2
64.2
64.2
64.2
64.2
64.2
64.2
64.2
64.2
64.6
64.6
64.6
64.5
64.5
64.4
64.4
64.5
64.9
65.3
65.7
65.6
65.4
65.3
65.1
65.0
64.9
64.8
64.8
64.7
64.6
64.6
64.5
64.5
64.5
64.4
64.4
64.4
64.4
64.4
64.3
64.3
64.2
64.2
72.3
64.4
64.3
64.3
64.3
64.3
64.2
64.3
64.2
64.2
64.3
64.3
64.2
64.2
64.2
64.2
64.2
64.2
64.2
64.2
64.2
64.2
64.1
64.1
64.2
64.1
64.2
64.2
64.1
64.1
64.1
64.2
64.1
64.2
64.2
64.2
64.2
64.2
64.2
64.2
64.2
64.2
64.2
64.2
64.2
64.2
64.2
64.2
64.2
64.2
64.1
64.2
64.2
64.2
64.1
64.1
64.1
64.1
64.2
64.1
64.2
64.2
64.2
64.2
64.2
64.1
64.1
64.1
64.1
64.1
64.2
64.2
64.1
64.1
64.1
64.2
64.1
64.1
64.2
64.1
64.1
64.1
64.1
64.1
64.1
64.2
64.2
64.2
64.2
64.2
64.2
64.2
64.2
64.2
64.3
64.7
65.2
65.6
65.4
65.3
65.2
65.0
64.9
64.8
64.7
64.7
64.6
64.6
64.5
64.4
64.4
64.4
64.3
64.3
64.3
64.3
64.2
64.2
64.2
64.2
64.3
64.3
64.3
64.2
70.5
64.2
64.2
64.1
64.1
64.2
64.2
64.2
64.2
64.2
64.2
64.2
64.2
64.2
64.2
64.1
64.2
64.1
64.1
64.2
64.1
64.1
64.2
64.2
64.3
64.2
64.2
