43.6
44.2
44.4
44.8
45.4
45.4
55.9
56.4
56.6
56.8
57.0
57.1
57.2
57.4
57.4
57.6
57.7
57.8
57.8
57.9
57.9
57.9
57.9
58.0
58.0
58.0
58.1
58.1
58.1
58.1
58.1
58.2
58.2
58.2
58.2
58.2
58.2
58.2
58.2
58.5
58.9
59.3
59.6
59.4
59.3
59.1
59.0
58.9
58.8
58.7
58.6
58.6
58.6
58.5
58.4
58.5
58.4
58.4
58.3
58.3
58.3
58.3
58.2
58.3
58.3
58.3
58.3
58.2
58.3
58.3
58.3
58.3
58.3
58.2
58.2
58.2
58.2
58.2
58.2
58.1
58.1
58.1
58.4
69.4
62.1
61.5
61.1
60.8
60.5
60.2
59.9
59.8
59.5
59.4
59.2
59.1
59.0
59.1
59.0
58.9
58.8
58.7
58.7
58.6
58.5
58.5
58.7
58.6
58.6
58.9
64.9
