61.5
61.5
61.5
61.8
61.8
61.7
61.7
61.7
61.6
61.6
61.6
61.6
61.6
61.6
61.5
61.6
62.1
62.0
62.2
62.1
62.0
62.0
61.9
61.9
61.9
61.8
61.9
61.8
61.8
61.8
61.7
61.7
61.7
61.8
61.8
61.7
61.9
61.9
61.9
61.9
61.8
61.8
61.8
61.8
61.8
61.7
61.7
61.7
61.7
62.1
68.4
67.9
67.6
61.7
61.7
61.7
61.7
61.7
61.7
61.9
62.4
62.3
62.3
62.2
62.1
62.1
62.1
62.0
62.0
62.0
61.9
61.9
61.9
61.9
61.9
61.8
61.8
61.8
62.3
73.6
62.6
62.5
62.7
62.6
62.4
62.4
62.3
62.2
62.2
62.5
62.7
62.6
62.5
62.4
62.4
62.3
62.3
62.3
62.3
62.3
62.2
62.2
62.1
62.1
62.1
62.1
62.0
62.1
62.1
62.1
62.1
62.0
62.1
62.0
62.0
62.0
62.0
62.0
62.0
62.0
62.0
62.0
62.0
62.0
62.0
62.0
62.0
62.0
61.9
61.9
61.9
61.9
61.9
61.9
61.9
62.0
67.1
66.4
65.9
65.5
65.0
64.6
64.3
64.0
63.8
63.7
63.5
63.3
63.2
63.1
62.9
62.8
62.7
62.7
62.7
62.6
62.5
62.5
62.4
62.4
62.4
62.3
62.3
62.3
62.3
62.3
62.3
62.3
62.3
62.4
62.8
63.2
63.5
63.5
63.3
63.2
63.1
62.9
62.8
62.7
62.7
62.6
62.5
62.5
62.4
62.4
62.6
62.6
62.5
62.4
62.4
62.4
62.3
62.9
63.0
62.9
62.9
62.7
62.7
62.7
62.7
62.6
62.5
62.5
62.5
62.5
62.5
62.5
62.5
62.4
62.4
62.4
62.4
62.3
62.3
62.4
62.4
62.3
62.3
62.3
62.3
62.3
62.3
62.3
62.3
62.3
62.3
62.3
62.3
62.3
62.3
62.8
63.3
63.2
63.0
63.0
62.8
62.8
62.7
62.8
62.7
62.6
62.6
62.6
62.5
62.4
62.4
62.4
62.4
62.5
62.4
62.4
62.4
62.4
62.4
62.4
62.4
62.4
62.5
62.5
62.5
62.5
62.4
62.4
62.4
62.7
62.7
62.6
62.5
62.5
62.5
62.5
62.4
62.5
62.4
62.3
62.3
62.3
62.2
62.2
62.2
62.1
62.7
63.0
62.9
62.7
62.6
62.5
62.5
62.5
62.9
63.2
63.5
63.3
63.4
63.2
63.0
62.9
62.8
62.6
63.2
63.0
62.9
62.8
