43.6
63.2
63.5
63.6
63.7
63.8
63.9
64.0
64.0
64.1
64.1
64.2
64.2
64.2
64.3
64.3
64.3
64.4
64.4
64.4
64.5
65.0
65.4
65.7
65.6
65.5
65.3
65.3
65.2
65.1
65.0
65.0
65.1
65.0
64.9
64.9
64.9
64.8
65.0
64.9
64.9
64.9
64.9
64.8
64.8
64.8
64.8
64.7
64.7
64.7
64.7
64.7
64.8
64.7
72.1
64.9
64.8
64.8
64.8
64.8
64.8
64.8
71.9
64.6
64.6
64.6
64.6
64.7
64.7
64.7
64.7
64.7
64.6
64.7
64.7
64.7
64.8
64.8
64.7
64.8
64.8
64.8
72.6
65.1
65.0
65.0
65.0
65.0
72.3
64.9
64.9
64.9
64.8
64.9
64.9
64.9
64.9
65.1
65.1
65.1
65.0
65.0
65.0
65.0
65.0
65.0
65.0
65.0
65.0
65.0
65.0
65.0
65.0
64.9
64.9
64.9
65.0
65.0
65.0
65.0
65.0
65.0
65.0
65.0
64.9
65.0
65.0
65.0
65.0
65.0
65.0
65.0
65.0
65.0
65.0
65.0
65.0
65.0
65.1
65.1
65.2
65.7
66.0
66.4
66.2
66.1
65.9
65.8
65.7
65.7
65.6
65.5
65.4
65.3
65.3
65.3
65.2
65.2
65.2
65.1
65.1
65.1
65.1
65.1
65.1
65.1
65.1
65.1
65.0
65.1
65.1
65.1
65.2
65.2
65.1
65.1
65.1
65.1
65.1
65.1
65.1
65.1
65.1
65.1
65.1
65.1
65.0
65.1
65.0
65.0
65.1
65.0
65.0
65.0
65.0
65.0
65.0
70.3
69.7
69.1
68.6
68.1
67.7
67.4
67.1
66.8
66.6
66.4
66.2
66.1
66.0
65.9
65.8
65.7
65.6
65.5
65.5
65.4
65.4
65.6
65.5
65.4
65.4
65.3
65.3
65.2
65.2
65.2
65.2
65.1
65.1
65.1
65.1
65.1
65.1
65.1
65.1
65.1
65.1
65.1
65.1
65.0
65.1
65.1
65.1
65.1
65.1
65.2
65.1
65.2
65.1
65.1
65.1
65.1
65.1
65.1
65.1
65.1
65.0
65.1
65.1
65.5
65.9
66.2
66.1
66.0
65.9
65.8
65.7
65.7
65.6
65.5
65.6
65.6
65.5
65.4
65.4
65.3
65.3
65.2
65.2
65.2
65.2
65.1
65.1
65.1
65.1
65.1
65.1
65.2
65.2
65.2
65.1
65.1
65.1
65.2
65.2
65.2
65.2
65.2
65.2
65.2
65.3
65.2
65.2
65.2
65.2
65.2
65.2
65.1
65.1
65.1
65.1
65.1
65.1
65.1
65.1
65.1
65.1
65.1
65.1
65.1
65.0
65.0
65.1
65.0
65.1
65.1
65.1
65.1
65.1
65.1
65.1
65.1
65.1
65.1
65.1
65.1
65.1
65.1
65.2
65.2
65.2
65.2
65.2
65.2
65.2
65.4
65.3
65.3
65.3
65.3
65.2
65.2
65.2
65.2
65.2
65.2
65.2
65.2
65.1
65.1
65.1
65.1
65.1
65.1
65.1
65.1
65.6
65.5
65.8
65.7
65.6
65.6
65.5
65.5
65.4
65.7
65.8
65.7
65.7
66.0
66.4
66.8
66.7
66.6
66.5
66.3
66.2
66.1
65.9
65.8
65.8
65.7
65.8
65.7
65.6
65.6
65.5
65.4
65.4
65.4
65.4
65.3
65.3
65.3
65.3
65.2
65.3
65.2
65.2
65.3
65.3
65.2
65.2
65.3
65.3
65.5
65.9
65.8
65.7
66.2
66.6
66.4
66.2
66.1
66.0
65.9
65.8
65.7
65.8
65.7
65.6
65.6
65.5
65.5
65.4
65.4
65.5
65.5
65.8
66.0
65.9
65.8
65.7
65.6
65.6
65.5
65.4
65.4
65.4
65.4
65.3
65.3
65.3
65.2
65.2
65.2
65.2
65.2
65.2
65.2
65.2
65.1
65.1
65.1
65.1
65.1
65.2
65.2
65.2
65.2
65.2
65.2
65.2
65.2
65.2
65.2
65.2
65.2
65.2
65.2
65.2
65.2
65.2
65.2
65.2
65.2
65.2
65.2
65.2
65.2
65.1
65.2
65.2
65.2
65.2
65.1
65.1
65.2
65.2
65.6
66.2
66.5
66.3
66.2
66.0
66.0
65.8
65.8
65.7
65.6
65.6
65.5
65.5
65.5
65.4
65.4
65.3
65.3
65.3
65.2
65.2
65.2
65.2
65.2
65.2
65.4
65.6
65.5
65.5
65.4
65.4
65.4
65.4
65.5
65.8
65.7
65.6
65.5
65.5
65.4
65.4
65.4
65.3
65.3
65.3
65.6
71.5
65.3
65.2
65.2
65.2
65.2
65.2
65.2
65.2
65.2
65.2
65.2
65.2
65.2
65.2
65.2
65.2
65.2
65.2
65.2
65.2
65.2
65.2
65.2
65.2
65.2
65.2
65.2
65.2
65.2
65.2
65.2
65.2
65.2
65.2
65.2
65.2
65.2
65.2
65.2
65.2
65.2
65.3
65.2
65.2
65.2
65.2
65.2
65.2
65.2
65.3
65.3
65.3
65.3
65.3
65.2
65.2
65.4
72.8
65.3
65.3
65.2
65.2
65.2
65.2
65.2
65.2
65.2
65.2
65.2
65.2
65.3
65.3
65.8
66.2
66.5
66.9
67.1
66.9
66.8
66.6
66.4
66.3
66.1
66.0
65.9
65.8
65.8
65.7
65.6
65.6
65.5
65.5
65.5
65.4
65.4
65.4
65.4
65.4
65.4
65.4
65.4
65.3
65.3
65.3
65.3
65.3
65.3
65.3
65.3
65.5
65.5
66.0
66.3
66.6
66.5
66.3
66.2
66.1
66.6
74.2
65.9
65.8
65.7
65.6
65.6
65.6
65.6
65.5
65.4
65.4
65.4
65.4
65.4
65.4
65.3
65.3
65.3
65.3
65.3
65.4
65.4
65.4
65.4
65.3
65.3
65.3
65.3
65.3
65.3
65.3
65.3
65.3
65.3
65.3
65.3
65.3
65.2
65.3
65.3
65.3
65.3
65.3
65.3
65.3
65.2
65.2
65.2
65.2
65.3
65.3
65.3
65.2
65.2
65.3
65.3
65.3
65.3
65.3
65.3
65.3
65.3
65.3
65.3
65.3
65.3
65.3
65.3
65.3
65.3
65.3
65.4
65.4
65.9
66.2
66.6
66.4
66.4
66.2
66.1
66.0
65.9
65.8
65.8
65.7
66.0
66.4
66.3
66.1
66.0
66.0
65.8
65.8
65.7
65.7
65.6
65.6
65.5
65.5
65.5
65.4
65.5
65.5
65.4
65.4
65.4
65.4
65.4
65.4
65.4
65.4
65.4
65.4
65.4
65.4
65.4
65.4
65.4
65.4
65.4
65.4
65.4
65.3
65.3
65.3
65.3
65.3
65.3
65.3
65.3
65.3
65.3
65.3
65.3
65.3
65.3
65.3
65.3
65.3
65.3
65.3
65.3
65.3
65.3
65.3
65.3
65.3
65.3
65.3
65.2
65.3
65.3
65.4
65.3
65.3
65.4
65.4
65.3
65.3
65.3
65.3
65.3
65.3
65.3
65.3
65.3
65.3
65.3
65.3
65.3
65.3
65.3
65.3
65.3
65.3
65.3
65.3
65.3
65.3
65.3
65.3
65.3
65.3
65.3
65.3
65.2
65.3
65.3
65.3
65.3
65.3
65.3
65.3
65.8
66.2
66.5
66.4
66.4
66.3
66.2
66.1
66.0
65.9
65.8
65.7
65.7
65.6
65.5
65.5
65.5
65.5
65.4
65.4
65.4
65.4
65.4
65.4
65.3
65.3
65.3
65.3
65.5
65.5
65.5
65.4
65.4
65.4
65.4
65.4
65.4
65.3
65.3
65.3
65.3
65.3
65.3
65.3
65.3
65.3
65.3
65.3
65.3
65.4
65.4
65.4
65.4
65.3
65.3
65.3
65.3
65.3
65.3
65.4
65.4
65.3
65.4
65.6
65.5
65.5
65.5
65.4
65.4
65.4
65.4
65.4
65.3
65.3
65.3
65.3
65.3
65.3
65.3
65.3
65.3
65.3
65.3
65.3
65.3
65.3
65.2
65.2
65.4
65.3
65.3
65.3
65.3
65.3
65.4
65.4
65.3
65.3
65.3
65.3
65.3
65.3
65.3
65.3
65.3
65.3
65.3
65.3
65.2
65.3
65.2
65.2
65.4
65.4
65.4
65.3
65.4
65.4
65.3
65.8
66.2
71.5
71.2
65.5
65.5
65.5
65.4
65.4
65.4
65.4
65.4
65.4
65.4
65.3
65.3
65.3
65.3
65.3
65.3
65.3
65.3
65.3
65.3
65.3
65.3
65.3
65.3
65.3
65.3
65.3
65.3
65.3
65.4
65.3
65.4
65.3
65.3
65.3
65.3
65.3
65.3
65.3
65.3
65.3
65.3
65.3
65.3
65.3
65.3
65.3
65.3
65.3
65.3
65.3
65.3
65.3
65.3
65.5
65.5
65.4
65.4
65.4
65.3
65.4
65.3
65.3
65.3
65.3
65.3
65.3
65.3
65.3
65.2
65.2
65.2
65.2
65.2
65.2
65.2
65.2
65.2
65.2
65.2
65.2
65.2
65.2
65.2
65.2
65.2
65.2
65.2
65.2
65.2
65.3
65.3
65.3
65.3
65.3
65.3
65.3
65.3
65.3
65.3
65.3
65.3
65.3
65.3
65.3
65.3
65.3
65.3
65.4
65.4
65.4
65.6
65.6
65.5
65.5
65.5
65.5
66.0
66.3
66.6
66.5
66.4
66.2
66.1
66.0
65.9
65.8
65.8
65.7
65.7
65.6
65.6
65.5
65.5
65.5
65.4
65.4
65.4
65.4
65.4
65.4
65.4
65.3
65.8
65.8
65.7
65.7
65.7
65.6
65.6
65.5
65.4
65.4
65.4
65.4
65.3
65.3
65.3
65.3
65.3
65.3
65.3
65.3
65.3
65.3
65.3
65.3
65.3
65.2
65.3
65.3
65.3
65.2
65.3
65.2
65.3
65.3
65.2
65.2
65.2
65.2
65.2
65.2
65.3
65.2
65.2
65.2
65.3
65.2
65.3
65.2
65.2
65.3
65.3
65.3
65.2
65.2
65.3
65.3
65.2
65.2
65.3
72.8
65.1
65.1
65.1
65.1
65.2
65.1
65.2
65.2
65.2
65.2
65.2
65.2
65.2
65.2
65.2
65.2
65.2
65.2
65.2
65.3
65.3
65.3
65.3
65.3
65.3
65.3
65.3
65.3
65.3
65.3
65.3
65.3
65.3
65.4
65.8
66.2
66.6
66.4
66.3
66.2
66.1
66.0
65.9
65.8
65.7
65.7
65.6
65.5
65.4
65.4
65.4
65.4
70.5
69.9
69.3
68.8
68.3
68.0
67.6
67.3
67.0
66.8
66.6
66.5
66.3
66.2
66.1
66.0
66.0
65.9
65.8
65.8
65.7
65.6
65.6
65.6
65.6
65.5
65.5
65.4
65.4
65.4
65.4
65.4
65.4
65.3
65.3
65.3
65.3
65.3
65.3
65.3
65.3
65.3
65.3
65.3
65.3
65.3
65.3
65.3
65.3
65.3
65.3
65.3
65.3
65.3
65.2
65.3
65.2
65.3
65.2
65.3
65.3
65.4
65.3
65.5
65.5
65.5
65.5
65.4
65.4
65.4
65.4
65.4
65.4
65.4
65.4
65.3
65.3
65.3
65.4
65.4
65.3
65.3
65.3
65.3
65.3
65.3
65.3
65.3
65.3
65.3
65.3
65.3
65.4
65.4
65.3
65.3
65.3
65.3
65.3
65.3
65.3
65.4
65.8
66.2
66.5
66.8
67.2
67.1
66.8
66.7
66.5
66.3
66.2
66.1
66.0
65.9
65.8
65.8
65.7
65.7
65.6
65.6
65.5
73.0
65.5
65.5
65.4
65.4
65.4
65.4
65.4
65.4
65.4
65.4
65.4
65.4
65.4
65.5
65.5
65.5
65.4
65.5
65.4
65.4
65.4
65.4
65.4
65.4
65.4
65.4
65.4
65.4
65.5
65.5
65.4
65.4
65.4
65.4
65.4
65.4
65.4
65.4
65.5
70.7
65.3
65.3
65.3
65.3
65.3
65.3
65.3
65.3
65.3
65.3
65.3
65.3
65.3
65.3
65.3
65.3
65.3
65.3
65.2
65.2
65.3
65.3
65.3
65.3
65.3
65.3
65.3
65.3
65.3
65.3
65.3
65.3
65.3
65.9
65.8
65.8
65.7
65.6
65.6
65.6
65.5
65.5
65.5
65.4
65.4
65.4
65.4
65.4
65.3
65.3
65.3
65.3
65.3
65.3
65.3
65.3
65.3
65.4
65.8
66.2
66.6
66.5
66.4
66.4
66.2
66.1
66.0
65.9
65.8
65.8
65.8
65.8
65.7
65.8
65.7
65.7
65.6
65.6
65.5
65.5
65.5
65.5
65.4
65.4
65.4
65.4
65.4
65.4
65.3
65.3
65.3
65.3
65.3
65.3
65.3
65.3
65.3
65.3
65.3
65.4
65.3
65.3
65.4
65.3
65.3
65.3
65.3
65.3
65.3
65.3
65.3
65.3
65.3
65.3
65.3
65.3
65.3
65.4
65.4
65.4
65.4
65.3
65.3
65.3
65.3
65.3
65.3
65.3
65.3
65.3
65.3
65.3
65.3
65.3
65.3
65.3
65.3
65.3
65.3
65.3
65.3
65.3
65.3
65.3
65.3
65.3
65.4
65.4
65.4
65.4
65.3
65.3
65.3
65.3
65.3
65.3
65.3
65.3
65.3
65.3
65.3
65.3
65.3
65.3
65.2
65.3
65.3
65.3
65.3
65.3
65.3
65.3
65.3
65.3
65.3
65.3
65.2
65.4
65.9
66.3
66.6
66.5
66.4
66.2
66.3
66.2
66.0
66.0
65.9
65.8
65.7
65.7
65.6
65.5
65.5
65.5
65.5
65.4
65.4
65.4
65.4
65.4
65.4
65.4
65.3
65.3
65.3
72.8
65.3
65.3
65.3
65.2
65.2
65.3
65.3
65.3
65.3
65.3
65.3
65.3
65.3
65.2
65.2
65.3
65.3
65.2
65.2
65.2
65.2
65.3
65.3
65.3
65.3
65.3
65.3
65.5
65.5
65.4
65.4
65.4
65.3
65.3
65.3
65.3
65.3
65.3
65.2
65.2
65.2
65.2
65.2
65.2
65.2
65.2
65.2
65.2
65.1
65.2
65.2
65.1
65.1
65.1
65.2
65.2
65.2
65.2
65.2
65.2
65.3
65.2
65.2
65.3
65.3
65.3
65.3
65.3
65.3
65.3
65.3
65.2
65.2
65.3
65.3
65.3
65.3
65.2
65.3
65.3
65.3
65.3
65.3
65.3
65.3
65.3
65.3
65.3
65.3
65.3
65.8
66.1
66.5
66.3
66.2
66.1
66.0
65.9
65.8
65.8
65.7
65.6
65.6
65.6
65.5
65.5
65.4
65.4
65.4
65.3
65.3
65.3
65.3
65.3
65.3
65.3
65.2
65.3
65.4
65.4
65.4
65.3
72.1
65.3
65.3
65.4
65.4
65.4
65.3
65.3
65.3
65.3
65.3
65.3
65.2
65.3
65.2
65.2
65.3
65.3
65.2
65.2
65.2
65.2
65.2
73.2
65.9
65.8
65.7
65.6
65.6
65.6
65.5
65.5
65.5
65.5
65.5
65.4
65.4
65.4
65.4
65.4
65.3
65.3
65.3
65.3
65.3
65.3
65.3
65.3
65.4
65.4
65.4
65.4
65.4
65.4
65.3
65.3
65.4
65.4
65.4
65.3
65.3
65.3
65.3
65.3
65.3
65.4
65.4
65.4
65.3
65.3
65.3
65.4
65.4
65.4
65.4
65.4
65.3
65.3
65.3
65.3
65.3
65.3
65.3
65.3
65.3
65.3
65.3
65.6
66.0
66.3
66.7
66.7
66.6
66.5
66.4
66.3
66.1
66.0
65.9
65.9
65.8
65.7
65.7
65.6
65.6
65.5
65.5
65.5
65.4
65.4
65.4
65.4
65.4
65.3
65.3
65.3
65.4
65.4
65.4
65.4
65.4
65.4
65.4
65.3
65.3
65.3
65.3
65.3
65.3
65.3
65.3
65.3
65.5
75.9
68.8
68.3
67.9
67.6
67.5
67.2
66.9
66.7
66.5
66.4
66.3
66.2
66.0
66.0
65.9
65.8
65.7
65.7
65.6
65.6
65.6
65.5
65.5
65.4
65.4
65.4
65.4
65.3
65.3
65.3
65.3
65.3
65.3
65.3
65.3
65.3
65.3
65.3
65.3
65.3
65.3
65.3
65.3
65.3
65.3
65.3
65.3
65.3
65.3
65.3
65.3
65.3
65.3
65.3
65.3
