56.9
62.1
62.0
62.0
62.1
62.0
62.0
62.0
62.0
62.0
62.2
62.2
62.6
62.9
63.3
63.2
63.1
63.0
62.8
62.7
62.6
62.6
62.5
62.5
62.5
62.4
62.4
62.3
62.3
62.3
62.3
62.2
62.2
62.2
62.2
62.2
62.2
62.1
62.2
62.1
62.1
62.2
62.1
62.1
62.1
62.1
62.1
62.1
62.0
62.0
62.1
62.1
62.1
62.1
62.1
62.0
62.0
62.0
62.3
62.3
62.3
62.3
62.2
62.2
62.2
62.2
62.2
62.2
62.2
62.3
62.4
62.3
62.3
62.2
62.2
62.2
62.1
62.1
62.2
62.1
62.1
62.1
62.1
62.0
62.1
62.1
62.0
62.0
62.0
62.0
62.1
62.1
62.1
62.0
62.1
62.1
62.1
62.1
62.0
62.0
62.1
62.1
62.0
62.6
62.5
62.5
62.4
62.4
62.3
62.3
62.3
62.3
62.2
62.2
62.2
62.1
62.1
62.1
62.1
62.1
62.1
62.1
62.1
62.1
62.0
62.1
62.1
62.1
62.1
62.1
62.1
62.2
62.7
63.0
63.3
63.2
63.0
62.9
62.8
62.8
62.6
62.6
62.9
62.8
62.7
62.7
62.6
62.6
62.5
62.4
62.3
62.3
62.2
62.2
62.2
62.2
62.2
62.1
62.1
62.1
62.1
62.1
62.0
62.1
62.1
62.1
62.0
62.1
62.0
62.0
62.1
62.1
62.0
62.1
62.0
62.0
62.0
62.0
62.1
62.0
62.0
62.0
62.1
62.0
62.0
62.0
62.1
62.0
62.0
62.0
62.0
62.0
62.0
62.1
62.1
62.1
62.1
62.1
62.1
62.1
62.1
62.2
62.2
62.2
62.2
62.1
62.1
62.1
62.1
62.1
62.1
62.1
62.1
62.1
62.1
62.1
62.1
62.1
62.1
62.1
62.1
62.2
62.2
62.1
62.1
62.1
62.1
62.1
67.6
61.9
61.9
61.9
61.9
62.0
62.0
62.0
62.1
62.1
62.1
62.1
62.1
62.1
62.1
62.1
62.1
62.1
62.0
62.1
62.1
62.1
62.3
62.3
62.7
63.1
63.4
63.7
63.9
63.7
63.6
63.4
63.2
63.1
63.0
62.9
62.8
62.7
62.6
62.6
62.5
62.5
62.4
62.4
62.4
62.3
62.3
62.2
62.2
62.2
62.3
62.3
62.3
62.2
62.3
62.2
62.2
62.3
62.4
62.5
62.6
62.6
62.5
62.5
69.4
62.4
62.3
62.3
62.2
62.2
62.2
62.2
62.2
62.2
62.1
62.1
62.1
62.1
62.1
62.1
62.1
62.2
62.1
62.1
62.1
62.1
62.1
62.1
62.0
62.1
62.1
62.1
62.1
62.1
62.1
62.1
62.1
62.1
62.1
62.1
62.1
62.1
62.1
62.1
62.2
62.2
62.2
62.1
62.1
62.7
62.6
62.6
62.6
62.5
62.4
62.4
62.4
62.8
62.8
62.7
62.6
62.6
62.5
62.4
62.4
62.4
62.4
62.3
62.6
62.5
62.5
62.4
62.4
62.3
62.3
62.3
62.2
62.4
62.4
62.4
62.3
62.3
62.3
62.3
62.5
62.9
63.3
63.4
63.2
63.2
63.1
63.0
62.9
62.8
62.7
62.6
62.6
62.5
62.4
62.4
62.4
62.4
62.4
62.4
62.3
62.3
62.2
62.3
62.2
62.2
62.2
62.2
62.2
62.2
62.2
62.2
62.1
62.1
62.1
62.2
62.1
62.1
62.1
62.1
62.1
62.2
62.2
62.2
62.1
62.1
62.2
62.2
62.1
62.1
62.3
62.3
62.2
62.2
62.2
62.4
67.8
62.1
62.1
62.2
62.3
62.4
62.4
62.3
62.3
62.3
62.3
62.3
62.2
62.2
62.2
62.2
62.2
62.2
62.2
62.2
62.2
62.2
62.2
62.2
62.2
62.2
62.2
62.2
62.2
62.3
67.4
62.1
62.1
62.1
62.1
62.1
62.1
62.1
62.1
62.2
62.2
62.2
62.3
62.3
62.2
62.2
62.4
62.9
62.8
62.7
62.6
62.6
62.7
71.1
62.1
62.1
73.6
73.3
62.1
62.1
72.6
72.5
62.1
62.1
62.2
62.6
63.0
63.4
