43.7
59.4
59.7
59.8
60.0
60.2
60.3
60.5
60.6
60.7
60.8
60.9
60.9
61.0
61.0
61.0
61.1
61.1
61.2
61.2
61.2
61.2
61.3
61.3
61.3
61.3
61.3
61.3
61.4
61.3
61.4
61.4
61.4
61.4
61.4
61.4
66.7
61.5
61.5
61.5
61.5
61.5
61.5
61.5
61.5
61.5
61.5
61.5
61.5
61.4
61.4
61.5
61.5
61.8
61.9
62.1
62.0
62.0
61.9
61.9
61.8
61.9
61.9
61.9
61.8
61.8
61.8
61.7
61.7
61.7
61.8
61.7
67.1
66.9
66.3
65.7
65.3
64.9
64.4
64.1
63.8
63.5
63.4
63.2
63.7
63.5
63.3
63.1
62.9
62.8
62.7
62.8
62.7
62.6
62.4
62.3
62.3
62.6
62.5
62.3
62.3
62.2
62.4
62.4
62.3
62.2
62.1
62.0
62.0
62.0
61.9
61.8
61.8
61.9
61.9
61.9
62.0
61.9
61.9
61.9
61.9
61.9
61.9
61.9
61.8
61.8
61.9
62.0
62.0
61.9
62.1
62.0
62.0
62.0
61.9
61.9
61.9
61.8
61.8
61.8
62.0
61.9
61.9
61.9
61.8
61.9
61.9
61.9
61.9
61.8
61.8
61.8
61.8
