58.0
58.3
58.7
59.0
59.2
59.4
66.1
60.7
60.7
60.8
60.9
61.4
61.4
61.3
61.3
61.2
61.4
61.3
61.2
61.2
61.2
61.1
61.4
61.3
61.2
61.2
61.4
61.4
61.3
61.3
61.2
61.1
66.5
60.9
60.9
60.9
61.0
61.0
61.0
61.0
61.0
61.0
61.0
61.0
61.0
61.0
61.0
61.0
61.4
61.4
61.3
61.3
61.3
61.3
61.3
61.3
61.2
61.2
61.2
61.2
61.1
61.1
61.1
61.1
61.1
61.1
61.1
61.1
61.1
61.1
61.0
61.1
61.0
61.0
61.0
61.0
61.0
61.0
66.1
66.0
65.8
65.6
65.1
64.6
64.3
64.0
64.2
63.8
63.5
63.2
62.9
62.7
62.5
62.3
62.1
62.0
61.9
61.8
61.8
61.7
61.6
61.5
61.5
61.4
61.4
61.3
61.3
61.3
61.5
61.5
61.5
61.4
61.4
61.3
61.3
61.3
61.2
61.2
61.2
61.2
61.2
61.2
61.2
61.2
61.2
61.1
61.2
61.1
61.1
61.1
61.7
61.9
61.8
61.7
61.6
61.5
62.0
61.9
61.8
61.7
61.6
61.5
61.5
61.5
61.4
61.4
61.3
61.3
61.4
61.3
61.3
61.3
61.3
61.2
61.4
61.4
61.4
61.4
61.3
