2774.3
2994.6
2949.7
2956.5
2956.6
2969.2
2937.4
2961.5
2961.7
2961.6
2952.6
2957.8
2952.0
2945.3
2944.6
2958.8
2958.8
2950.9
2959.2
2973.0
2973.4
2955.7
2947.6
2960.9
2971.5
2971.5
2995.0
2956.1
2956.0
2979.6
2967.3
2959.6
2974.6
2958.4
2974.8
2964.4
2949.5
2949.5
2949.9
2970.7
2948.0
2966.1
2953.2
2963.6
2952.4
2952.9
2952.9
2953.0
2930.9
2939.5
2939.8
2975.7
2954.7
2987.5
2954.9
2954.8
2985.2
2946.1
2987.7
2956.3
2963.8
2963.7
2956.1
2938.8
2968.2
2956.1
2956.5
2956.0
2949.0
2960.9
2967.6
2967.4
2942.0
2967.3
2966.9
2951.3
2957.8
2940.3
2975.5
2975.4
3010.8
2962.6
2971.3
2991.1
2962.1
2992.9
2963.8
2964.3
2958.2
2957.8
2946.1
2961.5
2949.0
2959.2
2950.5
2978.6
2946.3
2965.9
2954.9
2954.8
2967.1
2959.4
2959.9
2946.1
2963.4
2963.3
2980.7
2973.4
2980.7
2963.8
2986.5
2980.2
2961.3
2961.8
2962.2
2962.3
2962.6
2962.1
2953.2
2969.2
2959.2
