62.1
62.1
62.2
62.3
62.3
62.3
62.4
62.4
62.4
62.4
62.4
62.4
62.4
62.5
62.5
62.5
62.6
62.6
62.6
62.7
62.6
62.6
62.6
62.6
62.6
62.6
62.6
62.5
62.5
62.6
62.5
62.6
62.5
62.6
62.6
62.6
62.6
62.6
62.6
62.6
62.7
62.7
62.7
62.7
62.7
69.4
63.6
63.4
63.3
63.2
63.2
63.1
63.1
63.0
62.9
62.9
62.9
62.9
62.8
62.8
62.8
62.8
62.8
62.7
62.8
62.8
63.3
63.2
63.2
63.0
63.0
63.0
63.0
63.0
62.9
62.9
62.8
62.8
62.8
62.8
62.8
62.8
62.8
62.7
62.8
62.8
62.8
62.8
62.8
62.8
62.7
62.8
62.7
62.8
62.8
62.7
62.8
62.8
62.8
62.8
62.8
62.8
62.8
62.8
62.8
62.8
62.8
62.8
62.8
62.8
63.4
63.8
64.1
64.4
64.7
64.5
64.3
64.1
64.1
63.9
63.8
63.7
63.6
63.6
63.5
63.4
63.3
63.2
63.2
63.1
63.1
63.1
63.1
63.0
63.0
63.0
63.0
63.0
63.0
62.9
63.0
63.0
63.0
63.0
63.0
63.0
62.9
62.9
63.0
62.9
62.9
62.9
62.9
62.9
62.9
62.9
62.9
62.9
62.9
62.9
62.9
63.0
62.9
62.9
62.9
62.9
63.0
62.9
62.9
63.0
62.9
62.9
62.9
63.0
62.9
63.0
63.0
63.0
63.0
63.0
63.0
63.0
63.0
63.0
63.0
63.0
63.0
63.0
63.0
63.0
63.0
63.0
62.9
62.9
62.9
62.8
62.8
62.8
62.7
62.8
62.7
68.2
62.4
62.4
62.4
62.5
62.6
62.6
62.7
62.7
62.6
62.7
62.7
63.1
63.2
63.2
63.1
63.3
63.2
63.1
63.1
63.0
63.0
63.0
62.9
62.9
62.9
62.9
63.3
63.6
64.0
64.2
64.2
64.3
64.2
64.0
63.9
63.7
63.6
63.5
63.4
63.3
63.2
63.2
63.1
63.1
63.0
63.0
63.0
62.9
62.9
62.9
62.8
62.8
62.8
62.8
62.8
62.8
62.9
62.9
62.8
62.8
62.8
62.8
62.7
62.8
62.7
62.7
62.7
67.8
62.6
62.6
62.7
62.7
62.7
62.7
62.7
62.8
62.7
62.7
62.8
62.8
62.7
62.8
62.8
62.7
62.8
62.7
62.8
62.8
62.8
62.8
62.9
62.8
62.8
62.8
62.8
62.8
62.8
62.8
62.8
63.2
63.2
63.1
63.1
63.1
63.0
63.0
63.0
62.9
62.9
62.9
62.9
62.8
62.8
62.8
62.8
62.8
62.8
62.8
62.8
62.8
62.8
62.8
62.8
62.8
62.8
62.8
62.8
62.8
62.8
62.8
62.7
62.8
62.8
62.8
62.8
62.8
62.8
62.8
62.8
62.8
62.8
62.7
62.7
62.8
62.8
62.7
62.7
62.9
63.3
63.7
64.0
63.9
64.0
63.8
63.7
63.6
63.5
63.4
63.3
63.2
63.2
63.1
63.1
63.0
63.0
63.0
63.0
63.0
62.9
62.9
62.9
62.9
62.9
62.9
62.9
62.9
62.9
63.0
62.9
62.9
62.9
62.9
63.0
63.0
63.0
63.0
62.9
62.9
62.9
62.9
63.0
62.9
62.9
62.9
62.9
62.9
62.9
62.9
62.8
62.9
62.8
62.9
62.8
62.8
62.8
62.7
62.7
62.8
63.2
63.1
63.1
63.0
62.9
62.8
62.7
62.7
62.7
62.6
62.6
62.6
62.5
62.5
62.6
68.8
62.4
62.4
62.3
62.5
62.5
62.5
62.5
62.5
62.5
62.5
62.5
62.6
62.6
62.6
62.5
62.5
62.5
62.5
62.5
62.5
62.5
62.5
62.7
62.6
62.6
62.6
62.6
62.6
62.6
62.6
62.5
62.5
62.5
62.5
62.5
62.4
62.4
62.4
62.4
62.5
62.5
62.4
62.5
62.7
63.1
63.5
63.9
70.9
63.4
63.3
63.2
63.1
63.0
62.9
62.8
62.8
62.8
62.8
62.7
62.7
62.7
62.7
62.7
62.7
62.7
62.6
62.6
62.6
62.5
62.5
62.5
62.5
62.6
62.6
62.5
62.5
62.5
62.4
62.4
62.5
62.5
62.5
62.5
62.5
62.5
62.5
62.5
62.5
62.6
62.6
62.6
62.7
62.6
62.7
62.7
62.7
62.7
62.6
62.6
62.6
62.7
62.8
62.8
62.8
62.8
62.7
62.7
62.7
62.7
62.7
62.6
62.6
62.6
62.5
62.5
62.5
62.5
62.7
62.7
62.6
62.6
62.6
62.6
62.5
62.5
62.5
62.5
62.5
62.5
62.4
62.4
62.5
62.6
62.6
62.5
62.5
62.5
62.5
62.6
62.6
62.6
62.6
62.6
62.6
62.6
62.6
62.6
62.6
62.6
62.6
62.6
62.6
62.6
62.6
62.6
62.5
62.5
62.5
62.5
62.6
62.5
62.5
62.6
63.0
63.5
64.1
63.9
63.7
63.6
63.6
63.4
63.3
63.2
63.1
63.1
63.0
62.9
62.9
62.8
62.8
62.8
62.8
62.7
62.7
62.7
62.7
62.7
62.7
62.6
62.6
62.6
62.6
62.6
62.6
62.6
62.6
62.6
62.6
62.6
62.6
62.7
62.7
62.7
62.7
62.6
62.6
62.6
62.6
62.6
62.6
62.6
62.6
62.6
62.6
62.6
62.6
62.6
62.5
62.6
62.6
62.5
62.6
62.5
62.6
62.6
62.5
62.5
62.5
62.5
62.5
62.5
62.5
62.5
62.6
62.6
62.6
62.6
62.6
62.6
62.6
62.6
62.5
62.6
62.6
62.6
62.5
62.5
62.5
62.5
62.5
62.5
62.5
62.5
62.5
62.6
62.6
62.5
62.5
62.5
62.5
68.0
68.4
62.6
62.6
62.7
62.6
62.7
62.6
62.7
62.6
62.6
62.6
62.6
62.5
62.5
62.5
62.5
62.6
62.5
62.5
62.6
62.6
62.6
62.9
63.3
63.8
63.9
63.8
63.7
63.6
63.5
63.3
63.2
63.2
63.1
63.0
63.0
62.9
62.8
62.8
62.9
62.8
62.8
62.8
62.8
62.8
62.7
62.7
62.7
62.7
62.7
62.7
62.6
62.6
62.7
62.7
62.7
62.7
62.6
62.6
62.8
62.7
62.7
62.7
62.6
62.7
62.6
62.6
62.6
62.6
62.6
62.6
62.6
62.6
62.6
62.6
62.6
62.6
62.6
62.6
