68.2
61.1
61.5
61.4
61.4
61.4
61.4
61.5
61.5
61.4
61.4
61.6
70.3
61.3
61.2
61.2
61.5
61.6
61.6
61.6
61.6
61.6
61.5
61.5
61.5
61.5
61.5
61.5
61.5
61.5
61.5
61.5
61.5
61.6
61.6
61.6
67.1
67.0
66.8
66.6
66.0
65.4
64.9
64.5
64.1
63.8
63.5
63.3
63.0
62.9
62.6
62.5
62.4
62.2
62.1
62.1
62.2
72.6
62.1
62.0
61.9
61.9
61.9
61.8
61.8
61.7
61.7
61.7
61.6
61.6
61.6
61.6
61.5
61.5
61.5
61.5
61.5
61.5
61.5
61.5
61.5
61.5
61.5
61.5
61.5
61.6
61.5
61.5
61.6
61.5
61.5
61.6
61.6
61.8
62.0
62.0
61.9
61.8
61.8
61.7
61.7
61.7
61.6
61.6
61.6
61.5
61.5
61.5
61.5
61.5
61.5
61.5
61.5
61.5
61.5
61.5
61.5
61.5
61.5
61.5
61.5
61.4
61.4
61.4
61.5
61.5
61.6
61.7
61.7
61.7
61.7
61.7
61.7
61.8
61.8
61.8
61.8
62.0
62.0
61.9
61.9
61.9
61.9
61.8
61.8
61.8
61.8
61.8
61.8
61.8
61.8
62.1
62.1
62.0
62.0
62.0
62.4
62.8
63.1
62.9
62.9
62.7
62.6
62.6
68.4
61.7
61.7
61.7
61.7
61.7
61.7
61.7
61.7
61.7
61.7
61.7
61.7
61.7
61.7
61.7
61.7
61.7
61.7
61.7
61.7
61.8
61.8
61.8
61.8
61.8
61.7
61.8
61.8
61.8
61.8
61.8
61.8
61.9
61.9
61.9
61.9
61.9
61.9
61.9
61.8
61.9
70.3
70.0
61.9
61.8
61.8
61.8
61.8
61.8
62.0
61.9
61.9
62.1
62.0
62.0
62.0
61.9
61.9
62.0
62.0
61.9
61.9
61.9
61.9
61.8
61.8
61.8
61.8
61.8
61.7
61.7
61.9
61.9
61.8
61.8
61.8
61.8
61.8
61.8
61.8
61.9
61.9
61.9
61.8
61.8
61.8
61.8
61.8
61.9
61.8
61.9
61.9
61.8
61.8
61.8
61.8
61.8
61.8
61.9
61.9
61.8
61.8
61.8
61.8
61.8
61.9
61.8
61.8
61.8
61.8
61.8
62.1
62.4
62.9
63.0
63.4
63.3
63.1
62.9
70.3
61.7
61.6
61.7
61.7
61.8
61.7
61.7
61.6
61.6
61.6
61.6
61.6
61.6
61.5
61.5
61.6
61.6
61.6
61.6
61.6
61.6
61.6
61.7
68.4
61.9
61.8
61.8
61.7
61.7
61.7
62.1
67.6
61.5
61.4
61.4
61.4
61.4
61.4
61.4
61.4
61.5
61.6
61.6
61.6
61.6
61.6
61.6
61.6
61.6
61.6
61.5
61.5
61.5
61.5
61.5
61.5
61.5
61.5
61.5
61.5
61.5
61.5
61.5
61.5
61.7
61.7
61.6
61.6
61.6
61.5
61.6
61.5
61.6
61.5
61.5
61.5
61.5
61.5
61.5
61.5
61.6
61.6
61.5
61.6
61.5
61.5
61.6
61.5
61.6
61.6
61.6
61.6
61.6
61.6
61.6
61.6
61.6
61.6
61.6
61.6
61.6
61.6
61.6
61.6
61.6
61.5
61.6
61.5
61.5
61.5
61.6
61.7
61.7
61.6
61.6
61.6
61.6
61.6
61.6
61.5
61.5
61.5
61.5
61.5
61.5
61.5
61.5
61.5
61.5
61.5
61.5
61.4
61.5
61.5
61.4
61.5
61.5
61.5
61.5
61.5
61.5
61.5
61.5
61.9
61.9
61.8
61.8
70.9
61.7
61.6
61.6
61.6
61.6
61.6
61.6
61.6
61.6
61.6
61.6
61.6
61.6
61.6
61.5
61.5
61.5
61.5
61.5
61.5
61.5
61.5
61.5
61.4
61.4
61.4
61.5
70.7
70.7
63.4
63.1
62.9
62.7
62.6
62.4
62.3
62.2
62.1
62.0
61.9
61.9
61.9
61.8
61.8
61.7
61.7
61.7
61.6
61.6
61.6
61.8
62.0
62.0
61.9
61.8
61.8
61.7
61.7
61.7
61.7
61.6
61.6
61.6
61.6
61.5
61.6
61.6
61.6
61.6
61.5
61.5
61.5
61.5
61.5
61.5
61.5
61.5
61.4
61.5
61.5
61.5
61.4
61.4
61.5
61.5
61.5
61.5
61.4
61.5
61.5
61.5
61.5
61.5
61.5
61.5
68.2
61.3
66.7
61.5
61.5
61.4
61.4
61.4
61.5
61.5
61.5
61.5
61.5
61.5
61.5
61.5
61.5
61.5
61.5
61.5
61.5
61.5
61.4
61.5
61.5
61.5
61.5
61.4
61.4
61.4
61.4
61.4
61.4
61.4
61.4
61.5
61.4
61.4
61.4
61.4
61.4
61.4
61.4
61.4
61.4
61.4
61.4
61.4
61.5
61.5
61.5
61.5
61.5
61.5
61.5
61.5
61.5
61.4
61.5
61.5
61.5
61.5
61.5
61.5
61.5
61.5
61.5
61.5
61.5
61.5
61.4
61.5
61.6
61.6
61.5
61.8
69.0
61.5
61.4
61.6
61.6
61.6
61.5
61.5
61.5
61.5
61.5
61.5
61.4
61.5
61.6
61.5
61.5
61.5
61.5
61.5
61.5
61.5
61.5
61.5
61.5
61.6
61.6
61.6
61.6
61.5
61.5
61.5
61.5
61.8
61.8
61.7
62.2
62.1
62.1
62.2
62.1
62.0
61.9
61.9
61.9
61.8
61.8
61.8
61.7
61.7
61.7
61.7
61.7
61.7
61.6
61.6
61.6
61.6
61.6
61.6
61.6
61.6
61.6
61.6
61.6
61.6
61.5
61.7
61.7
61.7
61.7
61.7
61.7
61.7
61.6
61.7
61.9
61.8
61.8
61.7
61.7
61.6
69.0
61.7
61.6
61.6
61.6
61.5
61.5
61.5
61.7
61.6
61.6
61.6
61.5
61.5
61.5
61.5
61.4
61.4
61.4
61.4
61.4
61.4
61.4
61.4
61.4
61.4
61.4
61.4
61.4
61.5
61.5
61.7
61.8
61.7
61.7
61.6
61.6
61.6
61.6
61.6
61.6
61.6
61.6
61.6
61.5
61.5
61.7
61.8
61.9
61.8
61.7
61.7
61.7
61.7
61.7
61.6
61.6
61.6
61.7
61.7
61.7
61.8
61.7
61.7
61.7
61.6
61.6
61.7
61.6
61.8
62.0
62.0
61.9
61.9
61.8
61.8
61.9
61.8
61.9
61.8
61.8
61.8
61.7
61.7
61.7
61.8
61.7
61.7
61.8
61.8
61.8
61.7
61.7
61.7
61.6
61.7
61.6
61.6
61.6
61.7
61.7
61.7
61.6
61.6
61.6
61.6
61.6
61.6
61.6
61.6
61.6
61.5
61.5
61.6
61.6
61.5
61.5
61.5
61.6
61.6
61.6
61.7
61.6
61.7
61.6
61.6
61.6
61.6
61.6
61.6
61.6
61.5
61.6
61.6
61.6
61.6
61.6
61.6
61.6
61.7
61.7
61.7
61.7
61.7
61.7
61.7
67.8
61.9
61.8
61.8
61.7
62.2
62.4
62.3
62.2
62.1
62.0
62.0
61.9
61.9
61.8
61.8
61.7
61.8
61.7
61.7
61.8
61.8
61.7
61.7
61.7
61.7
61.6
61.6
61.6
61.6
61.5
61.5
61.5
61.5
61.5
61.5
61.5
61.5
61.5
61.5
61.7
61.7
61.6
61.6
61.8
61.8
61.8
61.8
61.8
61.8
61.7
61.7
61.7
61.8
61.8
61.8
62.1
62.0
62.0
61.9
61.9
61.8
61.8
61.8
61.7
