60.1
60.2
60.2
60.3
60.4
60.5
60.5
60.5
60.6
60.6
60.6
60.7
60.6
60.6
60.8
60.8
60.8
60.8
60.8
60.8
60.9
68.2
67.7
67.2
61.5
61.4
61.5
61.5
61.4
61.4
61.3
61.3
61.2
61.2
61.7
61.8
62.0
62.4
62.2
62.0
62.0
61.8
61.7
61.6
61.4
61.4
61.3
61.2
61.2
61.2
61.2
61.1
61.1
61.1
61.1
61.1
61.1
61.1
61.1
61.1
61.0
61.0
61.0
61.0
61.0
61.0
61.6
61.6
61.4
61.4
61.4
61.5
61.4
61.4
61.3
61.3
61.3
61.3
68.2
61.3
61.2
61.2
61.4
61.3
61.3
61.3
61.3
61.3
61.4
61.3
61.3
61.3
61.3
61.2
61.2
61.2
61.2
61.1
61.1
61.1
68.8
68.2
61.7
61.6
61.5
61.5
61.4
61.4
61.4
61.3
61.3
61.4
61.4
61.3
61.3
61.3
61.3
61.3
61.3
61.2
61.2
61.2
61.2
61.2
61.2
61.2
61.1
61.1
61.2
61.2
61.1
61.1
61.2
61.2
61.1
61.1
61.2
61.1
61.1
61.1
61.1
61.6
62.0
61.9
61.8
61.7
61.6
61.6
61.5
61.5
61.4
61.4
61.4
61.3
61.3
61.3
61.3
61.3
61.3
61.3
61.2
61.2
61.2
61.2
61.2
61.2
61.2
61.2
61.2
61.5
61.9
61.8
61.8
61.7
61.6
61.6
61.5
61.5
61.5
61.4
61.4
61.4
61.4
61.4
61.4
61.4
69.0
62.6
62.4
62.2
62.1
62.0
61.9
61.9
61.8
61.7
61.7
61.6
61.8
61.8
61.7
61.8
61.9
61.8
61.9
61.8
62.0
61.8
61.7
61.7
61.6
61.6
61.5
61.5
61.4
61.4
61.4
61.3
61.3
61.2
61.2
61.5
61.4
61.4
61.3
61.3
61.4
61.3
61.3
61.4
61.4
61.4
61.4
