55.1
55.3
55.5
55.8
55.9
56.1
56.2
56.3
56.4
56.6
56.7
56.8
56.9
66.5
66.0
57.4
57.5
57.4
57.5
57.4
57.4
57.4
57.4
57.5
57.5
57.5
57.5
57.5
57.5
57.5
57.5
57.4
57.5
57.5
57.5
57.5
57.5
57.5
57.5
57.5
57.5
57.6
57.6
57.6
57.5
57.5
57.5
57.5
57.5
57.4
57.4
57.4
57.4
57.4
57.3
57.3
57.3
57.3
57.3
57.3
57.3
57.3
57.3
57.3
57.3
57.3
57.3
57.3
57.4
57.4
57.5
57.5
57.5
57.7
57.6
57.6
57.8
57.6
57.6
57.5
57.5
57.5
57.4
57.4
57.4
57.9
58.1
58.0
58.0
57.9
57.8
57.7
57.7
57.6
57.6
57.6
57.6
57.6
57.6
57.5
57.5
57.5
57.4
57.5
57.5
57.4
57.4
57.4
57.4
57.4
57.3
57.3
57.3
57.3
57.2
57.3
57.8
57.7
57.6
57.6
57.5
57.6
57.6
57.6
57.6
57.5
57.5
57.4
57.4
57.4
57.4
57.4
57.5
57.4
57.4
57.4
57.3
57.4
57.4
57.3
57.3
57.3
57.3
57.3
57.3
57.3
57.3
57.8
57.8
57.7
57.7
57.6
57.6
57.5
57.5
57.5
57.5
57.5
57.4
57.4
57.4
57.4
57.6
58.0
58.4
58.8
58.8
58.6
58.5
58.3
58.2
58.2
58.1
57.9
57.9
57.8
57.8
57.7
57.7
57.6
57.6
57.6
57.5
57.5
57.5
57.5
57.6
57.6
57.5
57.6
57.6
57.6
57.6
57.6
57.6
57.6
57.6
57.5
57.6
57.5
57.5
57.5
57.4
57.5
57.5
57.5
57.4
57.5
57.5
57.8
57.9
58.0
57.9
57.8
57.8
57.7
57.8
57.8
57.7
57.7
57.7
57.6
57.6
57.6
57.5
57.6
57.6
57.6
57.6
57.6
57.6
57.7
57.6
57.6
57.6
57.6
57.5
57.6
57.5
57.4
57.5
57.4
57.5
57.5
57.4
57.4
57.4
57.4
57.4
57.4
57.4
57.4
57.4
57.4
57.4
57.4
57.4
57.4
57.4
57.4
57.4
57.4
57.4
57.4
57.6
57.6
57.6
57.5
57.5
57.5
57.4
57.4
57.4
57.4
57.4
63.2
57.4
57.3
57.4
57.5
57.6
57.7
58.1
58.4
58.8
58.6
58.5
58.4
58.3
58.1
58.0
63.4
57.6
57.5
57.5
67.1
57.4
57.3
57.3
57.3
57.4
57.3
57.4
57.4
57.4
57.4
57.4
57.4
57.4
57.4
57.5
57.5
57.6
58.0
57.9
58.1
58.0
58.5
58.3
58.2
58.1
58.0
57.9
57.8
57.8
57.7
57.7
57.7
57.6
57.6
57.6
57.6
57.5
57.5
57.5
57.5
57.5
57.4
57.4
57.4
57.4
57.4
57.4
57.3
57.3
57.3
57.3
57.3
57.4
57.4
57.4
57.4
57.4
57.3
57.3
57.3
57.4
57.4
57.5
57.4
57.4
57.4
57.4
57.3
57.3
57.3
57.3
57.2
57.3
57.3
57.3
57.4
57.4
57.3
57.3
57.3
57.3
57.4
57.4
57.4
57.5
57.4
57.4
57.4
57.4
57.4
57.4
57.4
57.4
57.4
57.4
57.4
57.3
57.4
57.3
57.5
57.5
57.5
57.5
57.5
57.5
57.7
57.7
57.6
57.6
57.6
57.5
57.5
57.5
57.5
57.5
57.4
57.4
57.4
57.4
57.4
57.4
57.4
57.4
57.4
57.4
57.4
57.3
57.4
57.4
57.4
57.3
57.4
57.4
57.4
57.4
57.4
57.5
57.4
57.5
57.5
57.5
57.4
57.5
57.5
57.5
57.5
57.5
57.6
57.6
57.5
57.5
57.6
57.5
57.5
57.5
57.5
57.5
57.5
57.5
57.4
57.5
57.6
57.6
57.6
57.5
57.5
57.5
57.6
57.6
57.6
57.5
57.5
57.5
57.6
57.5
57.5
57.6
57.5
57.5
57.5
57.4
57.4
57.5
57.5
57.5
57.6
57.6
57.6
57.5
57.8
57.8
58.2
58.2
58.2
58.2
58.2
58.0
58.0
57.9
57.9
57.8
57.7
57.7
57.7
57.7
57.6
57.6
57.6
57.6
57.6
57.5
57.5
57.5
65.9
57.2
57.2
57.2
57.2
57.3
57.3
57.3
57.3
57.4
