14.1
14.3
14.6
14.8
15.1
15.2
15.4
15.5
15.6
15.8
15.9
15.9
16.0
16.1
16.2
16.3
16.3
16.4
16.5
16.6
16.7
16.8
16.8
16.9
16.9
16.8
16.8
16.8
16.8
16.8
16.8
16.8
16.8
16.8
16.8
16.8
16.8
16.8
16.8
16.8
16.7
16.8
16.8
16.8
16.8
16.8
16.7
16.7
16.8
16.8
16.8
16.8
16.9
16.8
16.8
16.8
16.8
16.8
16.8
16.8
16.8
16.8
16.8
16.8
16.8
16.8
16.8
16.8
16.8
16.8
16.8
16.8
16.8
16.8
16.8
16.8
16.8
16.8
16.9
16.9
16.9
16.9
16.9
16.9
16.9
16.9
16.9
16.9
16.9
16.9
16.9
16.9
16.9
16.9
16.9
16.9
16.9
16.9
16.9
16.9
16.9
16.9
16.9
16.9
16.9
16.9
16.9
16.9
16.9
16.9
16.9
16.9
16.9
17.0
17.0
17.0
17.0
17.0
17.0
17.0
17.0
16.9
16.9
17.0
17.0
17.0
17.1
17.1
17.0
17.0
17.0
17.0
17.0
17.0
17.0
17.0
17.0
17.0
17.0
16.9
16.9
17.0
16.9
16.9
16.9
16.9
16.9
16.9
17.0
16.5
