61.5
61.5
61.5
61.6
61.6
61.6
61.6
61.7
61.7
61.6
61.7
61.7
61.7
61.9
61.8
61.8
61.9
61.8
61.8
62.0
61.9
61.9
61.9
61.9
61.9
61.8
61.8
61.8
61.8
61.8
61.8
61.8
61.8
68.2
61.7
61.6
61.6
61.7
61.6
61.7
61.8
61.7
61.8
67.8
62.4
62.3
62.3
62.1
62.1
62.1
62.0
62.0
62.0
62.0
61.9
62.0
62.0
61.9
61.9
61.8
61.8
61.8
61.8
61.8
61.8
62.1
62.3
62.2
62.2
62.1
62.2
62.1
62.2
62.3
62.2
62.5
62.4
62.3
62.2
62.2
62.1
62.1
62.2
62.2
62.1
62.2
62.2
62.1
62.1
62.1
62.2
62.0
62.0
62.0
62.0
62.0
62.0
62.0
62.0
62.0
62.0
61.9
62.0
61.9
62.3
69.4
61.7
61.7
61.8
61.8
62.0
72.8
62.1
62.4
62.2
62.2
62.2
62.1
62.6
62.5
62.4
62.4
62.4
62.3
62.3
62.7
70.3
61.9
62.2
69.6
64.0
63.9
63.6
63.4
63.2
63.2
63.0
63.4
63.4
63.2
63.1
62.9
62.8
62.7
62.6
62.5
62.5
62.4
68.2
61.9
61.8
61.8
62.0
61.9
61.9
62.0
62.0
69.4
61.9
62.0
62.0
62.1
62.1
62.1
62.1
62.1
62.1
62.1
62.1
67.8
62.4
62.3
62.3
62.6
62.9
63.4
63.3
63.2
63.1
63.0
63.0
69.6
62.1
62.1
62.0
62.1
62.1
62.1
62.2
62.1
62.1
62.1
62.1
62.5
63.0
63.3
63.1
63.1
62.9
62.8
62.6
62.5
62.5
62.4
62.3
70.5
62.1
62.1
62.1
62.1
62.1
62.1
62.1
62.1
62.1
62.0
62.1
62.1
62.1
62.1
62.0
62.1
62.1
62.0
62.0
62.0
61.9
61.9
61.9
61.9
61.9
61.9
61.9
61.9
61.9
61.9
62.0
62.0
61.9
62.3
62.4
62.4
62.3
62.3
62.2
62.2
62.1
62.1
62.1
62.1
62.0
62.0
62.0
62.0
62.0
62.0
62.0
62.0
62.1
62.1
62.0
62.0
62.0
62.0
61.9
61.9
61.9
61.9
61.9
61.9
61.9
61.8
61.9
61.9
62.0
62.0
61.9
62.0
62.1
62.1
62.1
62.0
62.1
62.1
62.2
62.1
62.1
62.1
62.1
62.1
62.1
62.1
62.1
62.1
62.1
62.1
62.1
62.1
62.0
62.4
62.3
62.3
62.2
62.2
62.1
62.1
62.1
62.1
62.1
62.0
62.0
62.1
61.9
62.3
62.7
63.0
63.0
62.8
62.7
62.7
62.7
62.6
62.5
62.4
62.4
62.4
62.3
62.2
62.3
62.2
62.2
62.2
62.2
62.1
62.1
62.0
62.1
62.1
62.1
62.1
62.1
62.1
62.0
62.0
62.0
62.0
61.9
61.9
62.0
62.0
62.0
62.0
61.9
61.9
61.9
