43.8
56.2
56.4
56.7
56.9
57.1
57.3
57.4
57.5
57.7
57.7
57.8
57.9
57.9
58.0
58.1
58.1
58.2
58.5
58.6
58.5
58.5
58.5
58.5
58.5
58.6
58.8
58.7
58.7
58.7
58.8
58.8
58.8
58.8
58.8
59.1
59.0
59.0
58.9
58.9
58.8
58.8
58.9
58.8
59.0
59.0
59.0
58.9
58.9
58.9
58.9
59.0
58.9
58.9
58.9
58.9
59.0
59.6
59.5
59.4
59.3
59.3
59.2
59.3
59.3
59.3
59.2
59.2
59.3
59.2
59.1
59.0
59.0
59.0
59.0
59.0
58.9
59.1
59.0
59.0
58.9
58.9
58.9
58.9
58.8
58.8
58.8
58.8
58.8
58.9
58.9
58.9
58.9
58.9
58.9
58.9
58.9
58.9
58.9
58.9
58.8
58.8
58.8
58.8
58.8
58.7
58.8
58.7
58.8
58.8
66.9
66.5
58.8
58.8
58.7
58.7
58.8
58.8
58.7
58.7
58.7
58.7
59.0
59.0
58.9
58.9
58.9
58.9
59.1
59.0
58.9
58.9
58.8
58.8
58.8
58.8
58.8
58.8
