13.3
13.9
14.4
14.9
15.4
15.8
16.1
16.5
16.8
17.1
17.3
17.5
17.7
17.8
17.9
18.1
18.2
18.3
18.4
18.5
18.6
18.6
18.7
18.7
18.7
18.8
18.8
18.8
18.9
18.9
18.9
19.0
19.0
19.0
19.0
19.1
19.1
19.1
19.2
19.3
19.3
19.4
19.4
19.4
19.4
19.4
19.5
19.5
19.5
19.5
19.5
19.5
19.5
19.5
19.5
19.5
19.5
19.6
19.5
19.6
19.6
19.6
19.6
19.6
19.6
19.5
19.5
19.6
19.6
19.6
19.6
19.6
19.6
19.6
19.7
19.7
19.7
19.8
19.7
19.7
19.7
19.7
19.7
19.6
19.6
19.6
19.6
19.7
19.6
19.6
19.6
19.6
19.6
19.6
19.6
19.6
19.6
19.6
19.5
19.6
19.6
19.7
19.7
19.6
19.6
19.6
19.6
19.6
19.6
19.6
19.6
19.6
19.6
19.6
19.6
19.6
19.7
19.7
19.7
19.7
19.6
19.7
19.7
19.6
19.6
19.6
19.6
19.5
19.6
19.6
19.5
19.6
19.6
19.6
19.5
19.5
19.6
19.5
19.5
19.5
19.5
19.5
19.5
19.5
19.5
19.5
19.5
19.5
19.5
19.5
19.5
19.5
19.5
19.6
19.6
19.6
19.6
19.6
19.5
19.6
19.6
19.6
19.6
19.6
19.6
19.6
19.6
19.7
19.7
19.7
19.7
19.7
19.7
19.7
19.7
19.6
19.6
19.7
19.6
19.7
19.7
19.7
19.6
19.6
19.6
19.7
19.6
19.6
19.7
19.7
19.7
19.7
19.7
19.7
19.7
19.7
19.7
19.7
19.6
19.6
19.6
19.6
19.6
19.6
19.6
19.6
19.6
19.7
19.7
19.7
19.8
19.8
19.8
19.8
19.8
19.8
19.8
19.8
19.8
19.8
19.8
19.7
19.7
19.7
19.7
19.7
19.7
19.7
19.6
19.6
19.6
19.6
19.6
19.6
19.6
19.6
19.6
19.6
19.5
19.6
19.5
19.5
19.6
19.6
19.6
19.6
19.7
19.6
19.7
19.7
19.7
19.7
19.7
19.6
19.6
19.6
19.6
19.6
19.6
19.6
19.6
19.6
19.6
19.6
19.6
19.6
19.6
19.6
19.6
19.7
19.7
19.6
19.7
19.6
19.6
19.6
19.6
19.6
19.6
19.6
19.6
19.5
19.6
19.6
19.5
19.6
19.6
19.6
19.6
19.6
19.6
19.6
19.7
19.7
19.6
19.6
19.6
19.6
19.6
19.6
19.5
19.5
19.5
19.6
19.6
19.6
19.6
19.6
19.6
19.6
19.6
19.6
19.6
19.6
19.6
19.6
19.6
19.7
19.7
19.7
19.7
19.7
19.7
19.7
19.8
19.8
19.7
