5.8
16.9
9.5
9.7
10.1
10.3
10.3
10.6
10.8
10.6
10.4
10.3
10.3
16.0
16.2
16.4
16.7
17.0
17.2
17.5
17.7
17.9
18.2
18.3
18.5
18.6
18.8
18.9
19.0
19.1
19.1
19.2
19.3
19.3
19.4
19.5
19.5
19.5
19.5
19.5
19.6
19.5
19.5
19.5
19.5
19.6
19.6
19.5
19.5
19.5
19.5
19.5
19.5
19.5
19.5
19.6
19.6
19.6
19.6
19.6
19.6
19.6
19.7
19.7
19.7
19.7
19.7
19.6
19.6
19.6
19.6
19.6
19.6
19.6
19.6
19.6
19.7
19.6
19.6
19.6
19.6
19.5
19.6
19.6
19.5
19.6
19.6
19.6
19.6
19.5
19.5
19.5
19.5
19.6
19.6
19.6
19.6
19.5
19.6
19.6
19.5
19.5
19.5
19.5
19.6
19.6
19.5
19.5
19.5
19.5
19.5
19.4
19.5
19.5
19.4
19.3
19.2
19.2
19.1
19.0
19.0
18.9
18.9
18.9
18.8
18.8
18.7
18.7
18.7
18.7
18.7
18.7
18.7
18.6
18.6
18.6
18.7
18.6
18.6
18.7
18.8
18.8
18.9
18.8
18.8
18.8
18.8
18.8
18.8
18.8
18.7
18.7
18.8
18.8
18.7
18.7
18.7
18.7
18.7
18.7
18.7
18.7
18.7
18.7
18.7
18.7
18.7
18.7
18.7
18.7
18.7
18.7
18.7
18.7
18.7
18.7
18.6
18.7
18.7
18.7
18.6
18.6
18.7
18.7
18.7
18.7
18.7
18.6
18.6
18.7
18.7
18.7
18.7
18.7
18.7
18.7
18.7
18.7
18.7
18.6
18.7
18.7
18.6
18.6
18.6
18.7
18.6
18.6
18.6
18.6
18.6
18.6
18.6
18.6
18.6
18.6
18.6
18.6
18.6
18.5
18.5
18.6
18.6
18.6
18.6
18.6
18.6
18.7
18.6
18.7
18.6
18.6
18.7
18.7
18.7
18.6
18.6
18.7
18.7
18.7
18.6
18.6
18.6
18.7
18.6
18.7
18.7
18.6
18.6
18.6
18.6
18.6
18.6
18.6
18.6
18.6
18.6
18.6
18.6
18.6
18.6
18.6
18.6
18.6
18.6
18.7
18.7
18.7
18.7
18.7
18.7
18.7
18.7
18.7
18.7
18.7
18.7
18.7
18.6
18.6
18.7
18.7
18.7
18.6
18.6
18.7
18.7
18.6
18.6
18.6
18.6
18.7
18.7
18.7
18.7
18.7
18.6
18.7
18.7
18.6
18.6
18.6
18.6
18.6
18.7
18.6
18.6
18.6
18.6
18.7
18.6
18.6
18.6
18.6
18.7
18.7
18.7
18.6
18.6
18.6
18.6
18.6
18.6
18.6
18.6
18.6
18.6
18.6
18.6
18.5
18.5
18.5
18.5
18.5
18.6
18.6
18.6
18.6
18.6
18.5
18.6
18.5
18.6
18.5
18.6
18.6
18.6
18.6
18.5
18.7
18.7
18.7
18.7
18.6
18.6
18.6
18.7
18.6
18.6
18.6
18.6
18.6
18.6
18.6
18.5
18.5
18.5
18.6
18.6
18.5
18.5
18.5
18.6
18.6
18.6
18.6
18.5
18.5
18.5
18.6
18.5
18.5
18.6
18.5
18.6
18.6
18.6
18.7
18.7
18.6
18.6
18.6
18.6
18.7
18.6
18.6
18.6
18.6
18.6
18.6
18.6
18.6
18.6
18.6
18.6
18.6
18.6
18.5
18.6
18.6
18.6
18.6
18.5
18.6
18.6
18.6
18.6
18.6
18.6
18.5
18.6
18.6
18.6
18.6
18.6
18.6
18.6
18.6
18.6
18.6
18.6
18.7
18.7
18.7
18.7
18.7
18.7
18.6
18.6
18.6
18.6
18.5
18.6
18.6
18.6
18.6
18.6
18.6
18.6
18.6
18.6
18.6
18.6
18.6
18.7
18.6
18.6
18.6
18.7
18.6
18.7
18.6
18.7
18.6
18.7
18.7
18.6
18.6
18.6
18.7
18.7
18.7
18.7
18.6
18.7
18.7
18.6
18.6
18.6
18.6
18.6
18.5
18.5
18.5
18.5
18.6
18.6
18.6
18.6
18.5
18.6
18.6
18.6
18.7
18.6
18.6
18.6
18.6
18.6
18.6
18.5
18.6
18.5
18.5
18.6
18.6
18.6
18.7
18.6
18.6
18.6
18.5
18.6
18.6
18.5
18.5
18.5
18.6
18.6
18.5
18.5
18.5
18.6
18.6
18.5
18.5
18.5
18.6
18.6
18.6
18.6
18.6
18.6
18.6
18.6
18.7
18.7
18.7
18.7
18.7
18.6
18.6
18.6
18.6
18.6
18.7
18.6
18.7
18.6
18.7
18.6
18.6
18.6
18.6
18.6
18.6
18.6
18.6
18.6
18.6
18.6
18.6
18.6
18.6
18.6
18.6
18.6
18.6
18.6
18.6
18.6
18.5
18.6
18.6
18.6
18.6
18.6
18.6
18.6
18.6
18.6
18.6
18.6
18.6
18.6
18.7
18.6
18.7
18.7
18.7
18.7
18.7
18.7
18.6
18.7
18.6
18.6
18.6
18.6
18.6
18.6
18.5
18.5
18.6
18.5
18.5
18.5
18.5
18.5
18.5
18.5
18.5
18.5
18.5
18.5
18.5
18.5
18.5
18.5
18.5
18.5
18.5
18.4
18.5
18.5
18.5
18.5
18.5
18.5
18.5
18.5
18.5
18.5
18.6
18.6
18.6
18.6
18.6
18.6
18.6
18.6
18.6
18.5
18.5
18.5
18.5
18.6
18.5
18.6
18.6
18.6
18.6
18.6
18.6
18.6
18.6
18.6
18.5
18.6
18.6
18.6
18.6
18.6
18.6
18.6
18.6
18.6
18.6
18.6
18.6
18.6
18.6
18.6
18.6
18.6
18.6
18.6
18.5
18.6
18.6
18.6
18.6
18.6
18.6
18.6
18.6
18.6
18.6
18.6
18.6
18.6
18.6
18.6
18.6
18.6
18.6
18.6
18.6
18.6
18.6
18.6
18.7
18.7
18.6
18.6
18.7
18.6
18.6
18.6
18.6
18.6
18.6
18.7
18.7
18.7
18.7
18.7
18.7
18.7
18.6
18.6
18.6
18.6
18.7
18.7
18.7
18.6
18.7
18.7
18.7
18.7
18.7
18.6
18.7
18.7
18.7
18.7
18.6
18.6
18.6
18.6
18.6
18.6
18.7
18.7
18.7
18.7
18.7
18.7
18.7
18.6
18.6
18.6
18.6
18.6
18.6
18.6
18.6
18.6
18.6
18.6
18.5
18.5
18.5
18.5
18.5
18.5
18.5
18.5
18.5
18.5
18.5
18.5
18.5
18.5
18.5
18.5
18.5
18.5
18.5
18.5
18.5
18.5
18.5
18.4
18.5
18.5
18.5
18.5
18.5
18.5
18.5
18.5
18.5
18.4
18.4
18.5
18.4
18.4
18.4
18.5
18.4
18.5
18.4
18.4
18.4
18.4
18.5
18.4
18.4
18.4
18.4
18.5
18.5
18.5
18.5
18.5
18.5
18.5
18.5
18.5
18.5
18.5
18.5
18.5
18.5
18.5
18.5
18.5
18.5
18.5
18.5
18.5
18.5
18.5
18.5
18.5
18.5
18.5
18.5
18.5
18.5
18.5
18.5
18.5
18.5
18.5
18.5
18.5
18.5
18.5
18.5
18.5
18.5
18.5
18.5
18.5
18.4
18.5
18.4
18.5
18.4
18.5
18.5
18.5
18.5
18.5
18.5
18.6
18.5
18.6
18.6
18.6
18.6
18.6
18.6
18.6
18.5
18.6
18.6
18.6
18.6
18.6
18.6
18.6
18.6
18.6
18.6
18.6
18.6
18.6
18.5
18.5
18.5
18.5
18.5
18.5
18.5
18.5
18.5
18.5
18.5
18.5
18.5
18.5
18.6
18.5
18.5
18.6
18.5
18.5
18.5
18.5
18.5
18.5
18.5
18.5
18.5
18.5
18.5
18.5
18.5
18.5
18.5
18.4
18.5
18.5
18.4
18.4
18.5
18.5
18.5
18.5
18.5
18.5
18.6
18.5
18.5
18.5
18.5
18.5
18.6
18.6
18.5
18.5
18.6
18.6
18.6
18.6
18.6
18.6
18.6
18.6
18.5
18.5
18.5
18.5
18.6
18.6
18.5
18.5
18.5
18.6
18.6
18.6
18.6
18.6
18.6
18.6
18.6
18.6
18.6
18.6
18.7
18.6
18.6
18.6
18.5
18.6
18.6
18.6
18.6
18.5
18.6
18.6
18.6
18.6
18.6
18.6
18.6
18.5
18.6
18.5
18.5
18.5
18.5
18.5
18.5
18.5
18.5
18.5
18.5
18.5
18.5
18.5
18.5
18.5
18.5
18.6
18.6
18.6
18.6
18.5
18.6
18.6
18.6
18.6
18.6
18.6
18.6
18.6
18.6
18.6
18.5
18.6
18.6
18.6
18.6
18.5
18.5
18.5
18.5
18.5
18.5
18.5
18.5
18.5
18.5
18.5
18.4
18.4
18.5
18.5
18.5
18.5
18.5
18.5
18.5
18.5
18.5
18.5
18.5
18.5
18.5
18.5
18.5
18.5
18.5
18.6
18.5
18.5
18.5
18.5
18.6
18.6
18.5
18.5
18.6
18.5
18.5
18.6
18.5
18.5
18.5
18.5
18.6
18.6
18.6
18.6
18.5
18.5
18.5
18.5
18.5
18.5
18.5
18.6
18.6
18.6
18.6
18.6
18.6
18.6
18.6
18.6
18.6
18.6
18.6
18.6
18.7
18.6
18.6
18.7
18.7
18.7
18.7
18.7
18.7
18.6
18.6
18.6
18.6
18.6
18.6
18.6
18.6
18.6
18.6
18.6
18.6
18.6
18.6
18.6
18.6
18.6
18.6
18.6
18.6
18.6
18.6
18.6
18.6
18.6
18.5
18.6
18.6
18.6
18.6
18.6
18.6
18.6
18.6
18.6
18.6
18.6
18.7
18.6
18.6
18.6
18.6
18.6
18.6
18.6
18.6
18.5
