15.1
15.2
15.5
15.6
15.8
15.9
16.0
16.2
16.3
16.4
16.5
16.6
16.7
16.7
16.8
16.9
16.9
17.0
17.0
17.0
17.1
17.1
17.1
17.2
17.2
17.2
17.2
17.2
17.2
17.2
17.2
17.2
17.2
17.2
17.3
17.2
17.3
17.3
17.2
17.3
17.3
17.3
17.4
17.4
17.4
17.5
17.5
17.5
17.5
17.5
17.5
17.6
17.6
17.6
17.6
17.6
17.6
18.2
18.2
18.1
18.1
18.1
18.5
24.5
24.5
24.5
24.6
24.5
24.6
24.1
17.6
17.6
17.6
17.6
17.6
17.5
17.5
17.6
17.6
17.6
17.5
17.5
17.5
17.5
17.5
17.5
17.5
17.5
17.6
17.6
17.6
17.5
17.5
17.6
17.6
17.6
17.6
17.6
17.6
17.6
17.7
17.7
17.7
17.7
17.7
17.7
17.7
17.6
17.6
17.6
17.6
17.6
17.6
17.5
17.6
17.6
17.5
17.5
17.5
17.5
17.5
17.5
17.5
