6.6
7.2
7.8
8.3
8.8
9.2
9.4
9.7
10.0
10.3
10.5
10.7
10.9
10.9
11.0
11.1
11.2
11.3
11.4
11.4
11.4
11.4
11.4
11.5
11.5
11.5
11.6
11.5
11.5
11.5
11.4
11.5
11.5
11.5
11.5
11.6
11.5
11.5
11.6
11.6
11.6
11.5
11.5
11.6
11.6
11.7
11.6
11.7
11.7
11.7
11.7
11.7
11.6
11.6
11.7
11.7
11.7
11.7
11.8
11.8
11.7
11.6
11.6
11.6
11.6
11.6
11.5
11.4
11.5
11.5
11.5
11.4
11.5
11.4
11.4
11.4
11.4
11.3
11.3
11.5
11.5
11.6
11.6
11.6
11.7
11.6
11.7
11.6
11.6
11.6
11.6
11.6
11.6
11.6
11.6
11.5
11.5
11.5
11.5
11.5
11.6
11.6
11.6
11.6
11.6
11.6
11.5
11.5
11.5
11.5
11.5
11.4
11.4
11.4
11.5
11.5
11.5
11.5
11.5
11.6
11.6
11.6
11.5
11.5
11.4
11.4
11.5
11.5
11.5
11.5
11.5
11.5
11.5
11.6
11.7
11.6
11.7
11.8
11.7
11.8
11.7
11.7
11.6
11.6
11.5
11.5
11.5
11.6
11.6
11.6
11.6
11.6
11.7
11.7
11.7
11.8
11.8
11.8
11.8
11.7
11.7
11.7
11.8
11.8
11.8
11.8
11.8
11.8
11.7
11.7
11.6
11.6
11.6
11.6
11.6
11.6
11.6
11.5
11.6
11.5
11.5
11.6
11.6
11.5
11.6
11.6
11.6
11.6
11.7
11.7
11.8
11.7
11.6
11.6
11.6
11.5
11.6
11.5
11.6
11.5
11.4
11.4
11.4
11.4
11.5
11.6
11.6
11.7
11.7
11.7
