8.6
9.2
10.0
10.7
10.9
11.3
11.5
11.7
11.9
11.9
11.9
11.9
12.0
11.9
11.9
11.9
11.9
11.9
11.9
11.9
11.8
11.8
11.8
11.8
11.9
11.9
11.9
11.9
11.9
11.9
11.9
11.9
11.9
11.9
11.9
11.9
11.9
11.9
11.9
11.9
11.9
11.9
11.9
11.9
11.9
11.8
11.8
11.8
11.8
11.8
11.8
11.8
11.8
11.8
11.8
11.8
11.8
11.8
11.8
11.9
11.9
11.9
11.9
11.8
11.8
11.8
11.8
11.8
11.8
11.8
11.8
11.7
11.8
11.8
11.8
11.8
11.8
11.8
11.8
11.8
11.8
11.9
11.9
11.9
11.9
11.9
11.9
11.9
11.9
11.9
12.0
12.0
11.9
11.9
11.9
11.9
11.9
12.0
11.9
12.0
11.9
11.9
12.0
12.0
12.0
12.0
12.0
12.0
12.1
12.1
12.0
12.0
12.1
12.0
12.0
12.0
12.0
12.0
12.0
11.9
12.0
12.0
12.0
12.0
12.0
12.0
11.9
12.0
12.0
11.9
11.9
11.9
11.9
11.9
12.0
11.9
12.0
12.0
12.0
12.0
12.0
11.9
11.9
11.9
11.9
11.9
11.9
11.9
12.0
12.0
12.0
12.0
12.0
11.9
11.9
11.9
12.0
11.9
12.0
11.9
12.0
12.0
11.9
11.9
11.9
12.0
11.9
11.8
