44.6
61.1
72.6
62.8
63.1
62.8
62.6
62.4
63.0
63.2
63.0
62.8
63.3
63.4
63.1
62.9
62.8
62.6
63.1
63.3
63.0
62.8
62.6
62.6
62.5
62.3
62.2
62.1
62.0
62.0
61.9
61.9
61.8
61.7
61.6
61.6
61.5
61.5
61.4
61.5
61.4
61.4
61.5
61.5
61.5
61.5
69.4
61.7
61.6
61.6
61.6
61.6
61.5
61.5
61.5
61.5
61.7
62.1
62.0
61.9
61.9
61.8
61.9
61.9
61.8
61.8
61.7
61.7
61.6
61.6
61.6
61.6
61.5
61.5
61.5
61.5
61.5
61.5
61.4
61.4
61.4
61.4
61.5
61.5
61.5
61.5
61.4
61.5
61.5
61.5
61.5
61.5
61.5
61.7
61.6
61.6
61.9
62.5
62.3
62.2
62.1
62.0
61.9
61.8
61.8
61.7
61.6
61.6
61.6
61.6
61.5
61.6
61.7
61.6
61.6
61.6
61.6
61.6
61.5
61.5
61.4
61.4
61.4
61.4
61.4
61.4
69.8
61.7
61.7
61.7
61.6
61.6
61.6
61.6
61.6
61.6
61.9
62.2
62.2
62.0
61.9
62.1
62.0
62.0
61.9
62.0
61.9
61.9
61.8
61.8
61.8
61.8
70.1
61.7
61.7
61.7
61.7
61.7
61.7
61.7
61.6
61.7
61.6
61.6
67.8
67.2
67.2
61.5
61.5
61.5
61.5
61.4
67.8
67.3
61.7
61.9
61.8
61.8
61.7
61.7
61.6
61.6
61.6
61.7
61.6
61.6
61.6
61.6
61.6
61.6
61.6
61.7
61.7
61.8
62.1
62.0
62.0
62.1
62.0
61.9
61.9
61.9
62.4
62.7
63.1
62.9
62.7
63.1
63.0
62.8
62.7
62.5
62.4
62.3
62.2
62.1
62.1
62.0
62.0
62.4
62.2
62.8
62.6
62.5
62.3
62.4
62.6
62.5
62.4
62.3
62.2
62.1
62.1
62.0
61.9
62.5
62.7
62.6
62.4
62.3
62.3
62.1
62.0
62.0
61.9
61.8
61.8
61.8
61.7
61.7
61.7
61.8
70.9
70.7
61.5
61.5
61.5
61.5
61.5
61.5
61.5
61.5
61.4
61.4
61.5
61.5
61.5
61.4
61.6
61.7
61.7
61.6
61.6
61.6
61.6
