45.1
61.3
61.3
61.3
61.3
61.4
69.8
61.3
61.3
61.5
61.6
61.6
61.6
61.6
61.7
61.7
61.7
61.8
61.9
61.9
61.8
61.8
61.8
61.8
61.8
61.8
61.8
61.8
61.8
61.7
61.7
61.8
61.8
61.7
61.7
61.9
61.9
61.8
61.8
61.8
61.8
61.8
61.8
61.8
61.7
61.8
61.8
61.8
61.8
61.8
61.8
61.8
61.8
61.8
61.7
61.8
61.8
61.8
61.8
61.8
61.8
61.7
61.8
61.8
68.8
61.7
61.7
61.7
61.7
61.7
61.6
61.7
61.7
61.7
61.8
61.8
61.8
61.8
61.8
61.8
61.8
61.9
62.3
62.7
63.1
62.9
62.8
62.7
62.6
62.5
62.4
62.3
62.3
62.2
62.2
62.1
62.1
62.0
62.0
62.0
62.0
62.0
61.9
61.9
62.0
62.0
62.0
62.0
