62.6
62.7
62.6
62.6
62.6
62.6
62.5
62.5
62.6
62.5
62.6
62.5
62.5
62.5
62.6
62.6
62.5
62.6
62.9
63.2
63.1
62.9
63.0
62.9
62.9
62.8
62.8
62.8
62.7
62.7
63.1
68.6
62.6
62.6
62.7
62.6
62.6
62.6
62.6
62.6
62.6
62.6
62.6
62.6
62.6
62.6
62.8
62.8
62.7
62.8
62.9
62.8
63.2
71.1
70.6
63.0
63.0
62.9
62.9
62.9
62.8
62.8
62.8
62.8
62.7
62.7
62.8
62.8
62.8
62.8
62.7
62.8
63.0
63.3
63.2
63.1
63.1
63.0
63.0
63.0
62.9
62.9
62.9
62.9
62.9
62.8
62.8
62.8
62.8
71.1
63.8
63.9
63.7
71.3
63.4
63.3
63.2
63.1
63.1
63.0
63.0
63.0
62.9
62.9
63.0
63.0
63.0
62.9
63.1
63.0
63.0
62.9
63.0
62.9
62.9
62.9
63.3
63.4
63.4
63.4
63.2
63.2
63.5
63.3
63.3
63.2
63.4
63.4
63.3
63.2
63.1
63.1
63.0
63.0
63.0
63.3
63.2
63.1
63.2
63.5
63.4
63.6
63.5
63.5
63.4
63.4
63.2
63.2
63.1
63.1
63.1
63.1
63.1
63.0
63.3
63.5
63.4
63.3
63.2
63.2
63.5
69.4
62.8
62.7
62.7
62.7
62.7
62.8
71.3
64.2
70.9
64.2
64.0
63.8
63.7
63.8
63.7
63.6
63.9
64.5
64.3
64.1
64.3
64.8
64.6
64.4
64.1
64.0
63.9
63.8
63.7
63.6
63.5
63.4
63.3
63.3
63.2
63.2
63.1
63.1
63.0
63.0
63.0
63.5
63.4
63.3
63.2
63.2
63.1
63.0
63.0
63.0
63.0
62.9
62.9
62.9
62.9
62.9
62.9
62.8
62.9
62.8
62.8
62.8
62.8
62.8
62.8
62.8
62.9
62.8
63.0
63.0
63.0
63.0
63.0
63.0
63.0
63.1
63.1
63.0
63.0
63.0
63.0
63.1
63.0
63.0
63.0
63.0
63.0
63.0
63.0
62.9
62.9
63.0
62.9
62.9
62.9
63.1
63.1
63.0
63.0
63.0
62.9
63.0
63.0
62.9
62.9
62.9
62.8
62.8
62.8
62.8
63.3
63.2
63.2
63.1
63.0
63.0
62.9
63.0
63.0
62.9
63.0
62.9
62.9
62.9
62.9
62.9
62.8
62.8
62.8
62.8
62.8
62.8
62.8
62.8
62.7
62.7
62.7
62.8
62.7
62.8
62.8
62.8
62.8
62.8
62.8
62.8
62.7
62.8
62.8
62.8
62.8
62.8
62.8
62.8
63.0
63.5
63.5
63.4
63.3
63.2
63.1
63.1
63.1
63.0
63.3
63.7
63.5
63.6
63.4
63.3
63.3
63.2
63.1
63.1
63.1
63.0
63.0
62.9
62.8
62.8
62.8
62.8
63.0
63.4
63.3
63.2
63.3
63.2
63.2
63.2
63.1
63.1
63.0
62.9
62.9
62.9
62.9
63.0
62.9
62.9
62.9
62.9
62.8
63.0
62.9
63.0
62.9
62.9
62.9
62.9
62.9
62.9
63.0
62.9
62.9
62.9
62.9
62.9
62.9
62.9
62.9
62.9
62.9
62.9
63.1
63.0
63.1
63.0
63.0
63.0
62.9
63.0
62.9
63.0
62.9
62.9
62.9
62.8
62.9
62.9
62.9
62.9
62.8
62.8
62.7
62.7
62.7
62.8
63.0
62.9
63.0
62.9
62.9
62.9
63.0
63.0
63.0
62.9
62.9
62.9
63.0
62.9
62.9
62.9
62.9
62.9
63.0
62.9
62.9
62.9
62.9
62.8
62.9
62.8
62.8
62.8
62.8
62.8
62.8
62.8
62.8
62.8
62.8
62.8
62.8
62.8
62.8
62.8
62.8
62.8
62.8
62.8
62.8
62.8
62.8
62.8
63.0
63.5
63.4
63.4
63.3
63.2
63.2
63.1
63.2
63.1
63.1
63.6
64.0
64.3
64.5
64.3
64.2
64.0
63.9
64.0
63.8
63.7
63.6
63.4
63.4
63.3
63.2
63.2
63.1
63.1
63.1
63.0
63.0
63.0
63.0
63.0
63.0
63.0
63.0
62.9
62.9
62.9
63.0
63.0
63.0
62.9
62.9
62.9
62.9
62.9
62.8
62.9
62.8
62.8
63.1
63.5
63.4
63.3
63.4
69.2
62.8
62.9
62.9
62.9
62.8
62.9
62.8
62.8
62.8
62.8
62.8
62.7
62.8
62.7
62.8
62.8
62.8
62.8
62.8
62.8
62.8
62.8
62.8
62.8
62.9
62.9
62.9
63.2
63.1
63.0
63.0
62.9
62.9
62.9
62.9
62.8
62.9
62.9
62.8
62.8
62.8
68.4
62.8
62.7
62.7
62.8
62.7
69.4
69.4
62.1
62.2
62.2
62.2
62.3
62.5
62.6
62.5
62.7
62.7
62.7
62.8
62.8
62.8
62.7
62.7
62.7
62.8
62.8
62.9
62.9
62.9
63.4
63.7
64.0
64.1
63.9
63.8
63.7
64.0
70.1
62.6
62.6
62.5
62.6
62.7
62.7
62.7
62.8
62.8
62.7
62.8
62.7
62.8
62.8
62.8
62.8
62.8
62.8
62.8
62.7
62.8
62.7
62.8
62.9
62.9
62.8
62.9
62.9
62.9
62.9
63.1
71.3
63.4
63.3
63.3
63.3
63.2
63.1
63.2
63.1
63.1
63.1
63.0
63.0
62.9
62.9
63.0
62.9
63.1
63.0
63.1
63.0
63.0
63.0
62.9
62.9
62.9
62.9
63.0
62.9
62.9
62.9
62.9
62.8
62.8
62.8
62.8
62.8
62.8
62.9
62.8
62.9
62.9
62.9
62.9
62.9
62.9
62.9
62.9
63.0
62.9
62.9
62.9
62.9
62.9
63.0
62.9
62.9
62.9
62.9
62.8
62.8
62.8
62.8
62.8
63.3
63.6
63.5
63.4
63.4
63.3
63.2
63.2
63.2
63.2
63.1
63.1
63.0
62.9
62.9
62.9
63.3
63.6
64.0
63.8
64.0
64.0
63.9
63.7
63.6
63.5
63.4
63.3
63.3
63.2
63.2
63.1
63.0
63.0
63.0
63.0
62.9
62.9
62.9
62.9
62.9
62.8
62.8
62.8
62.8
62.8
62.8
62.8
62.8
62.9
62.9
62.8
62.8
62.8
62.7
62.9
62.8
62.8
62.8
62.7
62.8
62.8
62.8
62.8
62.9
62.8
62.9
62.9
62.9
62.9
63.1
63.1
63.0
63.0
63.0
63.0
63.0
63.0
63.0
62.9
62.9
63.0
63.1
63.2
63.1
63.1
63.0
63.0
62.9
62.9
69.6
62.8
62.7
62.8
62.8
62.8
62.8
62.8
62.8
62.8
63.2
63.1
63.0
63.0
62.9
63.2
63.6
63.5
63.4
63.3
63.2
63.2
63.1
63.1
63.0
63.0
63.0
63.0
62.9
63.0
62.8
62.9
62.8
62.9
62.9
62.8
62.8
62.8
62.9
62.9
62.9
62.9
62.8
62.9
62.8
62.9
63.1
63.2
63.6
63.9
63.8
63.7
63.7
63.5
63.5
63.6
64.0
63.9
63.7
63.6
63.5
63.3
63.2
63.3
63.2
63.2
63.2
63.2
63.1
63.0
63.0
63.0
63.1
63.1
63.0
63.1
63.1
63.0
63.0
63.0
62.9
63.3
63.4
63.3
63.3
63.3
63.1
63.1
63.0
63.0
62.9
62.9
62.9
63.0
63.0
62.8
62.8
62.8
62.8
62.8
62.7
62.9
74.8
74.5
62.6
62.6
62.6
62.6
62.6
62.6
62.6
62.6
62.7
62.7
62.7
62.6
62.8
62.8
63.0
63.0
62.9
62.9
62.8
62.8
62.8
62.8
62.8
62.7
62.8
63.1
63.2
63.2
63.5
68.6
62.4
62.5
62.6
62.7
62.7
62.6
62.6
62.6
62.6
62.6
62.7
62.7
62.6
62.7
62.5
62.8
62.7
62.7
62.7
62.7
62.7
62.7
62.7
62.8
62.7
62.8
62.9
62.9
62.8
62.8
62.8
62.7
63.2
63.5
63.8
63.8
63.7
63.6
63.6
63.5
63.4
63.3
63.2
63.2
63.1
63.1
63.0
63.0
62.9
62.9
62.8
62.8
62.7
62.7
62.7
62.7
62.7
62.7
62.7
62.7
62.6
63.0
62.9
62.9
62.8
62.8
62.8
62.8
62.7
62.7
62.7
62.7
62.7
62.7
62.7
62.6
62.6
62.6
62.6
62.7
63.1
63.1
63.0
63.0
62.9
62.9
62.9
62.9
69.6
62.6
62.6
62.6
62.6
62.6
62.6
62.6
62.6
62.6
62.6
62.6
62.7
62.6
62.7
62.8
62.7
62.7
62.7
62.7
62.7
62.7
62.7
62.7
62.7
62.7
62.7
62.7
62.8
62.8
62.8
62.7
62.7
62.7
62.9
62.9
62.8
62.8
62.8
62.8
62.8
62.8
62.8
62.7
62.7
63.0
62.9
62.9
63.0
62.9
62.9
62.8
62.8
62.8
62.8
62.7
62.8
62.7
62.7
62.7
62.7
62.8
62.8
62.8
63.1
63.5
63.8
63.8
63.6
63.5
63.5
63.3
63.5
63.4
63.3
63.3
63.2
63.1
63.1
63.1
63.0
62.9
63.0
63.0
63.1
63.2
63.1
63.5
63.4
63.3
63.2
63.2
63.1
63.0
63.1
63.1
63.3
63.2
63.1
63.2
63.1
63.1
63.1
63.0
63.0
63.1
63.1
63.1
63.1
63.1
63.0
63.0
63.0
62.9
63.0
62.9
62.8
62.9
62.8
62.8
62.8
62.8
62.7
62.9
62.9
62.8
62.8
62.7
63.0
63.0
62.9
62.9
62.8
62.8
62.8
63.0
73.8
73.5
62.6
62.6
62.6
62.6
62.6
62.6
62.7
62.7
62.7
62.6
62.7
62.6
62.7
62.7
62.7
62.8
63.1
63.0
63.0
63.0
62.9
62.9
63.0
62.9
62.9
62.9
62.8
63.1
63.7
63.7
64.2
64.2
64.5
64.3
64.2
64.0
63.8
63.6
63.5
63.4
63.3
63.2
63.2
63.1
63.0
63.0
63.4
63.8
64.0
64.3
64.5
64.7
64.5
64.3
64.1
63.9
64.1
64.0
63.9
63.8
63.9
63.7
63.6
63.5
63.5
63.4
63.3
63.3
63.2
63.1
63.3
63.3
63.2
63.1
63.0
63.0
63.0
62.9
62.9
62.9
62.8
62.8
73.4
73.1
62.6
62.6
62.6
62.6
62.6
62.6
62.7
62.6
62.6
62.7
62.7
62.8
62.8
62.8
62.9
62.9
62.9
62.8
62.8
63.1
63.0
63.0
63.0
63.0
62.9
62.9
62.9
62.9
62.8
62.8
62.8
62.7
62.8
62.8
62.7
62.7
62.7
62.7
62.7
62.7
62.8
62.8
62.7
62.7
62.7
62.7
62.7
62.7
62.7
62.6
62.7
62.8
63.3
63.1
63.1
63.0
62.9
62.9
63.0
63.0
62.9
62.9
62.8
62.7
63.3
63.1
69.8
70.3
70.3
62.4
62.4
62.4
62.4
62.4
62.5
62.5
62.5
62.5
62.6
62.6
62.6
62.6
63.2
68.4
68.1
67.5
66.9
66.4
65.9
65.5
65.2
64.9
64.5
64.3
64.1
64.0
63.8
63.6
63.5
63.4
63.3
63.2
63.2
63.0
63.0
62.9
62.9
62.9
62.8
63.0
63.4
63.7
64.0
64.0
64.4
64.2
64.0
63.9
63.8
63.7
63.5
63.5
63.3
63.3
63.2
63.1
63.1
63.0
63.0
62.9
62.9
62.9
62.8
62.8
62.7
62.8
62.7
62.7
62.7
62.6
62.7
62.6
62.7
62.7
62.6
62.6
62.6
62.6
62.6
62.6
62.7
62.7
62.7
62.7
62.7
62.7
62.7
62.7
62.7
62.7
62.7
62.7
62.7
62.7
62.7
62.6
62.6
62.7
62.6
62.9
63.0
62.9
62.9
62.9
62.9
62.9
62.9
62.8
62.9
62.8
62.8
62.8
62.8
62.7
62.9
62.8
62.8
62.9
62.8
62.8
62.8
62.8
68.2
62.8
62.8
62.8
62.8
62.8
62.8
63.0
63.2
63.1
63.3
63.6
63.9
64.2
64.0
63.9
63.7
63.6
63.4
63.3
63.3
63.2
63.1
63.1
63.0
62.9
63.0
62.9
62.9
62.9
62.8
62.8
62.8
62.8
62.7
62.7
62.7
62.8
62.8
62.9
63.0
62.9
62.9
62.8
62.8
62.8
62.8
62.8
62.7
62.8
62.8
62.7
62.7
62.7
62.7
62.7
62.8
62.8
62.8
62.8
62.8
62.8
62.8
62.7
62.7
62.7
62.7
62.7
62.7
62.8
62.8
62.8
62.7
62.8
62.7
62.7
62.7
62.7
62.7
62.7
62.6
62.9
62.9
62.9
62.8
62.8
62.8
63.1
63.4
63.3
63.1
63.1
63.0
63.0
63.0
62.9
62.9
62.9
62.8
62.9
62.9
62.9
62.8
62.8
62.8
62.8
62.8
62.8
62.7
62.8
62.7
63.0
68.6
63.0
62.9
62.9
62.9
62.8
62.8
63.1
63.4
63.5
63.4
63.3
63.2
63.2
63.1
63.1
63.0
63.1
63.2
63.6
63.9
64.2
64.0
63.8
63.7
63.6
63.5
63.4
63.3
63.2
63.2
63.1
63.0
63.0
62.9
63.2
63.7
63.6
63.4
63.3
63.3
63.2
63.1
63.1
63.0
63.2
63.8
63.7
63.6
63.5
63.3
63.4
63.4
63.3
63.6
63.5
63.3
63.3
63.3
63.3
63.2
63.1
63.1
63.1
63.0
63.0
63.1
63.0
63.0
62.9
62.9
62.9
62.9
62.9
62.9
62.8
62.8
62.8
62.8
62.7
62.9
62.9
62.9
62.8
62.8
62.8
62.8
62.8
62.8
62.7
62.7
62.8
62.8
62.7
62.7
62.7
62.7
62.7
62.8
62.8
62.8
62.7
62.7
62.7
62.7
62.7
63.0
62.9
62.9
62.9
62.8
62.8
62.7
62.8
62.7
62.7
62.7
62.7
62.7
62.6
62.7
62.9
74.0
68.8
62.6
62.6
62.6
62.6
62.6
62.6
62.6
62.5
62.6
62.6
62.6
62.6
62.6
62.7
63.2
63.5
63.9
63.7
64.1
64.4
64.3
64.1
63.9
63.8
63.7
63.6
63.4
63.3
63.2
63.2
63.1
63.1
63.2
63.0
63.0
69.8
64.6
64.3
64.1
63.9
63.7
63.6
63.5
63.4
63.3
63.2
63.1
63.0
63.0
63.0
62.9
62.9
62.8
62.8
62.8
62.7
62.7
62.8
62.7
62.7
62.7
62.7
62.7
62.7
62.8
62.8
62.7
62.7
62.7
62.7
62.7
62.7
62.7
62.6
62.6
62.6
62.6
62.6
62.6
62.6
62.8
62.8
62.8
62.8
62.8
62.7
62.7
62.7
62.7
62.7
62.7
62.7
62.7
62.7
62.7
62.7
62.7
62.9
62.8
62.8
62.8
62.8
62.7
62.7
62.7
62.8
62.7
62.7
62.7
62.7
62.7
62.7
62.7
62.6
62.7
62.7
62.7
62.7
62.7
62.7
62.7
62.7
62.7
62.6
62.7
62.7
62.7
62.7
62.7
62.7
62.7
62.7
63.1
63.2
63.7
64.0
64.4
64.1
64.1
64.0
64.2
64.1
63.9
63.7
63.6
63.5
63.4
63.3
63.2
63.1
63.0
63.0
62.9
62.9
62.9
62.8
62.9
62.8
62.8
62.8
62.8
62.8
62.8
62.7
62.8
63.1
63.0
63.1
63.1
63.0
63.0
63.0
62.9
62.9
62.8
62.8
62.8
62.9
62.8
62.8
62.8
63.0
63.0
62.9
62.9
62.9
62.8
62.8
62.8
62.8
62.8
63.3
63.3
63.2
63.1
63.0
63.0
62.9
62.9
62.8
62.8
62.9
62.8
62.7
62.7
62.7
62.7
62.7
62.7
62.7
62.7
62.6
62.7
62.7
62.6
62.7
62.7
62.6
62.6
62.6
62.7
62.6
62.7
62.6
62.7
62.7
62.7
62.7
62.6
62.7
62.6
62.8
62.8
62.7
62.7
62.6
62.7
62.6
62.6
62.6
63.1
63.2
63.2
63.2
63.1
63.0
63.0
62.9
62.9
62.9
62.9
62.9
62.9
63.4
63.8
64.1
64.3
64.5
64.7
64.5
64.8
64.6
64.3
64.1
63.9
63.7
63.7
63.5
63.3
63.3
63.1
63.1
63.0
63.0
63.0
62.9
