44.2
62.9
62.8
62.8
62.8
62.9
73.0
64.9
64.8
64.5
64.4
64.2
64.1
63.9
63.8
63.7
63.6
63.5
63.5
63.4
63.3
63.3
63.2
63.1
63.2
63.5
63.9
64.2
64.5
64.7
64.7
64.6
64.4
64.2
64.1
64.0
63.8
63.7
63.6
63.5
63.5
63.4
63.3
63.3
63.2
63.2
63.1
63.1
63.1
63.0
63.0
62.9
63.0
63.0
63.0
63.0
63.0
63.0
63.0
63.1
63.0
63.1
63.0
63.0
63.0
63.0
63.0
62.9
62.9
63.1
63.0
63.1
63.0
63.2
63.2
63.2
63.2
63.2
63.1
63.1
63.0
63.0
63.0
62.9
62.9
62.9
62.9
62.9
62.8
62.9
62.9
62.9
62.9
62.9
62.9
62.9
63.6
63.6
63.5
63.5
63.4
63.3
63.3
63.2
63.1
63.1
63.6
63.9
63.7
63.6
63.5
63.5
63.4
63.3
63.9
64.0
63.8
63.7
63.6
63.5
63.5
63.4
63.4
63.3
63.3
63.3
63.3
63.3
63.2
63.2
63.1
63.1
63.1
63.1
63.0
63.0
63.0
63.0
62.9
63.0
62.9
62.9
62.9
62.9
62.9
63.3
63.7
64.0
63.9
63.8
63.7
63.6
63.6
63.5
63.3
63.3
63.3
63.2
63.2
63.1
63.1
63.1
63.0
63.0
63.0
62.9
62.9
63.1
63.1
63.0
63.0
63.1
63.0
63.0
63.0
62.9
62.9
62.9
62.8
62.9
62.8
62.8
62.8
62.8
62.8
62.8
62.8
62.8
62.8
62.8
62.8
62.8
62.8
62.8
62.8
62.8
62.8
62.8
62.8
62.8
62.8
62.8
62.9
62.8
62.8
62.8
62.8
62.9
62.9
62.8
63.0
63.0
63.0
63.0
62.9
62.9
63.0
63.0
62.9
63.0
63.0
63.0
62.9
62.9
62.9
62.9
62.9
62.9
68.2
67.6
67.0
66.5
67.0
66.8
66.3
65.9
65.5
65.2
64.9
64.6
64.3
64.2
64.0
63.9
64.4
64.8
64.6
64.4
64.9
65.4
65.1
64.8
64.5
64.3
64.1
64.0
63.9
63.7
63.6
63.5
63.5
63.4
63.4
63.3
63.4
63.7
64.1
64.5
64.3
64.1
64.0
63.9
63.8
63.6
63.6
63.4
63.4
63.3
63.3
63.2
63.2
63.2
63.1
63.1
63.0
63.0
63.0
63.0
63.0
62.9
63.0
62.9
62.9
62.9
63.0
63.0
63.0
63.0
63.0
63.0
63.0
63.0
63.0
63.4
63.2
74.0
66.3
65.8
65.5
65.2
64.9
64.6
64.4
64.3
64.2
64.0
63.9
63.7
63.6
63.5
63.4
63.4
63.5
63.5
63.3
63.3
63.3
63.2
63.2
63.2
63.1
63.1
63.0
63.0
63.0
62.9
62.9
62.9
62.9
62.9
62.9
62.9
62.9
62.9
62.8
62.8
62.8
62.8
62.8
62.8
62.8
62.8
62.9
62.9
62.9
62.8
62.8
62.9
62.9
62.9
62.9
62.9
62.9
62.9
62.9
62.9
63.0
62.9
62.9
63.0
63.0
62.9
62.9
62.9
62.9
63.1
63.0
63.0
63.0
63.0
63.0
62.9
63.0
63.1
63.6
64.0
64.3
64.6
64.8
64.6
64.3
64.1
64.0
63.8
63.7
63.6
64.2
64.1
63.9
63.8
63.7
63.6
63.5
63.4
63.4
63.3
63.2
63.2
63.2
63.1
63.1
63.1
62.8
62.9
63.0
63.0
63.0
63.0
63.0
62.9
63.0
63.0
63.0
63.0
63.0
63.0
63.0
63.0
63.0
62.9
63.0
62.9
72.1
62.8
62.8
62.8
62.8
62.8
62.9
62.8
62.8
62.8
62.9
62.7
62.3
62.4
62.5
62.5
62.6
62.6
62.7
63.1
63.0
63.0
63.2
63.2
63.1
63.1
63.1
63.0
63.0
63.0
62.9
63.0
63.0
63.2
63.2
63.2
63.4
73.6
73.2
63.0
63.1
63.2
63.2
63.1
63.6
63.5
63.5
63.4
63.3
63.3
63.2
63.2
63.2
63.1
63.6
63.6
63.5
63.4
63.4
63.5
78.6
65.5
65.1
64.8
64.6
64.4
64.2
64.1
63.9
63.8
63.8
63.7
63.6
64.0
64.3
64.6
64.4
64.2
64.3
64.2
64.0
63.9
64.0
63.9
63.8
63.7
63.6
63.6
63.9
70.9
63.6
63.5
64.0
63.9
63.7
63.6
63.5
63.4
63.4
63.3
63.3
63.3
63.4
63.3
63.3
63.2
63.2
63.1
63.1
63.1
63.1
63.1
63.1
63.1
63.1
63.1
63.0
63.0
63.0
63.0
63.0
63.0
63.0
63.1
63.2
63.2
63.2
63.5
63.5
63.3
63.3
63.3
63.2
63.2
63.2
63.2
63.2
63.2
63.1
63.1
63.1
63.1
63.1
63.0
63.0
63.1
63.1
63.1
63.0
63.0
63.0
63.0
63.0
63.0
63.0
63.0
63.0
63.0
63.0
63.0
63.0
63.0
62.9
62.9
62.9
62.9
62.9
62.9
63.0
63.0
63.0
62.9
62.9
63.0
62.9
63.0
62.9
62.9
62.9
62.9
62.9
62.9
62.9
62.9
62.9
62.9
62.9
62.9
62.9
62.9
62.9
63.0
63.3
63.7
64.0
64.3
64.2
64.0
63.9
63.8
63.7
63.6
63.5
63.4
63.3
63.3
63.2
63.2
63.2
63.1
63.1
63.1
63.1
63.0
63.1
63.1
63.1
63.0
63.0
63.0
63.0
63.0
63.0
63.1
63.0
63.0
63.0
63.0
63.0
63.0
63.0
63.0
63.0
63.0
63.0
63.0
63.0
63.0
68.8
68.3
63.0
62.9
62.9
62.9
63.1
63.1
63.0
63.0
63.0
63.0
63.0
63.1
63.1
63.1
63.2
63.1
63.1
63.1
63.0
63.0
63.0
63.0
63.0
63.0
63.0
63.0
62.9
63.0
63.0
63.0
63.0
63.0
63.0
63.0
63.1
63.1
63.1
63.0
63.0
63.0
69.2
68.9
63.0
62.9
63.0
63.2
63.6
63.5
63.4
63.6
63.6
63.5
63.4
63.3
63.3
63.3
