60.7
60.8
60.8
60.9
61.0
61.0
61.1
61.1
61.3
61.3
61.3
61.3
61.4
61.4
61.4
61.5
61.5
61.5
61.6
61.6
61.6
61.5
61.7
61.6
61.7
61.6
61.6
61.7
61.6
61.6
61.6
61.7
61.7
61.8
62.3
62.2
62.1
62.0
62.0
68.4
68.2
61.5
61.5
61.5
61.5
61.5
61.5
61.5
61.6
61.6
61.6
61.8
67.8
67.2
66.7
66.0
65.5
65.0
64.6
64.2
63.9
63.6
63.4
63.2
63.5
63.2
63.0
62.9
62.8
62.6
62.5
62.4
62.4
62.3
62.3
62.2
62.2
62.1
62.1
62.0
61.9
61.9
61.9
61.8
61.8
61.8
61.8
61.7
61.7
61.7
61.6
61.8
62.2
62.6
62.9
62.9
62.7
62.8
62.8
62.7
62.6
62.5
62.4
62.4
62.5
62.4
62.3
62.2
62.2
62.1
62.0
62.0
62.0
61.9
61.9
61.9
61.8
61.8
61.8
61.8
61.7
61.7
61.7
61.8
61.8
62.3
62.4
62.3
62.2
62.2
62.1
62.1
62.0
62.0
61.9
62.0
62.0
61.9
62.0
62.0
61.9
61.9
61.9
61.9
62.0
61.9
61.9
61.9
61.9
61.9
62.0
61.9
61.9
61.8
61.8
69.4
61.5
61.5
61.5
61.5
61.5
61.6
61.6
61.5
61.6
61.5
61.5
61.5
61.6
61.6
61.6
61.7
61.7
61.7
61.9
61.9
61.8
61.8
61.8
61.7
61.8
61.8
61.7
61.8
61.7
61.7
61.7
61.7
61.8
61.7
61.8
61.7
61.8
70.3
62.8
62.6
62.6
62.4
62.6
62.5
62.4
62.3
62.2
62.1
62.1
62.0
62.0
62.0
62.0
62.0
62.1
62.5
62.9
63.2
63.1
63.0
62.8
62.7
62.6
62.5
62.4
62.3
62.2
62.2
62.1
62.1
62.0
61.9
61.9
61.9
61.8
61.8
61.8
61.8
61.7
61.7
61.7
61.7
61.7
61.7
61.8
61.7
61.8
61.7
61.7
61.7
61.7
61.7
62.3
62.3
62.2
62.2
62.1
62.0
62.0
61.9
61.9
61.9
61.9
61.9
61.8
61.9
61.9
61.8
61.8
61.8
61.8
61.9
61.9
62.0
62.0
62.1
62.0
62.0
62.2
62.4
62.3
62.3
62.2
62.2
62.2
62.1
62.1
62.1
62.1
62.0
61.9
62.3
62.3
62.2
62.7
62.6
62.5
62.3
62.3
62.2
62.2
62.5
62.3
62.3
62.2
62.2
62.1
62.1
62.1
62.0
62.0
61.9
61.9
61.9
62.0
62.0
62.0
61.9
61.8
61.9
61.8
61.8
61.8
61.8
61.8
61.8
61.8
61.8
61.8
61.7
61.8
61.8
61.8
61.8
61.8
61.8
62.2
62.6
62.9
62.9
62.8
62.6
62.6
62.5
62.4
62.3
62.2
62.2
62.1
62.1
62.1
62.0
62.0
62.0
62.0
62.0
62.0
62.0
61.9
61.9
61.9
62.2
62.5
69.8
61.7
69.4
61.7
67.6
62.1
62.0
62.0
62.0
62.0
62.0
62.0
61.9
61.9
61.9
61.9
61.8
61.9
61.9
61.9
61.8
61.8
61.8
61.8
61.7
61.8
61.8
61.7
61.7
61.7
61.7
61.7
61.8
61.8
61.8
61.8
61.8
61.7
61.8
61.8
61.8
61.9
62.2
62.5
62.5
62.4
62.3
62.3
62.2
62.1
62.0
62.0
61.9
62.0
68.2
62.1
62.0
61.9
62.2
62.1
62.0
61.9
61.9
61.9
61.9
61.9
61.9
61.8
62.1
62.0
62.0
61.9
61.9
61.9
62.0
61.9
61.9
61.8
61.8
61.8
61.8
61.8
61.7
61.9
70.3
61.5
61.5
61.5
61.6
61.6
61.6
61.6
62.1
62.5
62.8
63.1
63.4
63.2
63.2
63.0
62.9
62.8
62.9
62.7
62.6
62.5
62.3
62.3
70.1
61.9
61.9
61.8
61.8
61.8
61.7
61.7
61.7
61.9
61.9
61.9
61.8
61.9
61.9
61.9
61.9
61.9
61.8
61.8
61.8
61.8
61.8
61.8
61.8
61.8
61.8
61.8
61.8
61.7
67.1
61.3
61.4
61.3
61.4
61.6
61.6
61.6
61.7
61.7
61.7
61.8
62.0
61.9
61.9
61.9
61.9
62.4
62.3
62.2
62.3
62.2
70.5
64.9
65.1
64.7
64.4
64.0
70.3
63.2
62.9
62.8
62.7
62.6
62.5
62.4
62.3
62.2
62.2
62.0
62.0
62.0
61.9
61.9
62.1
62.0
62.0
62.0
62.0
61.9
61.9
61.9
61.9
61.9
61.8
61.8
61.8
61.8
61.8
61.8
61.8
61.8
61.8
61.8
61.9
62.0
61.9
61.9
61.9
61.8
61.8
61.9
61.8
61.8
61.9
62.3
62.7
63.0
62.9
62.7
62.6
62.5
62.3
62.3
62.2
62.1
62.2
62.2
62.1
62.0
62.0
62.4
62.3
62.3
62.2
62.1
62.1
62.0
62.0
62.0
62.0
62.1
62.0
62.1
62.1
62.1
62.0
62.0
62.0
61.9
61.9
61.8
61.8
61.8
61.8
61.8
61.8
61.8
61.7
61.8
61.7
61.7
61.8
61.8
61.8
61.9
61.8
61.8
61.8
61.8
70.9
70.5
61.5
61.5
61.6
61.6
61.6
61.8
61.8
61.8
62.2
62.1
62.1
62.1
62.0
61.9
61.9
61.9
61.8
61.8
61.8
61.8
61.7
61.7
61.7
61.9
61.9
61.9
62.0
62.0
62.4
62.7
62.6
62.5
62.4
62.3
62.2
62.2
62.1
62.1
62.0
62.0
61.9
61.9
61.9
61.8
61.8
61.8
61.8
61.8
61.8
61.7
61.9
61.9
61.8
61.8
61.8
61.8
61.9
61.9
61.9
61.8
62.4
62.2
62.8
63.1
63.4
63.6
63.3
63.2
70.1
62.1
62.0
61.9
61.9
61.9
61.9
61.9
61.9
61.9
61.8
61.8
61.7
61.7
61.7
61.7
61.7
61.7
61.7
61.7
61.7
61.7
61.7
61.8
61.8
61.8
