12.8
13.0
13.1
13.4
13.5
13.6
13.6
13.7
13.9
14.0
14.0
14.0
14.1
14.1
14.2
14.2
14.2
14.2
14.3
14.3
14.3
14.3
14.3
14.3
14.3
14.4
14.4
14.4
14.4
14.4
14.4
14.5
14.5
14.5
14.5
14.5
14.5
14.5
14.5
14.5
14.5
14.5
14.5
14.5
14.5
14.5
14.5
14.5
14.5
14.6
14.5
14.5
14.5
14.6
14.6
14.6
14.6
14.5
14.6
14.6
14.6
14.6
14.5
14.5
14.5
14.5
14.6
14.5
14.5
14.6
14.6
14.6
14.5
14.5
14.5
14.5
14.5
14.5
14.6
14.6
14.5
14.5
14.6
14.6
14.6
14.6
14.6
14.6
14.6
14.6
14.6
14.6
14.6
14.6
14.6
14.6
14.6
14.6
14.6
14.5
14.6
14.6
14.6
14.6
14.6
14.6
14.6
14.6
14.6
14.6
14.6
14.6
14.6
14.6
14.6
14.6
14.6
14.6
14.5
14.6
14.6
14.6
14.6
14.6
14.6
14.6
14.6
14.6
14.6
14.6
14.6
14.6
14.6
14.5
14.6
14.6
14.6
14.6
14.5
14.6
14.6
14.6
14.6
14.5
14.6
14.6
14.6
14.6
14.6
14.6
14.6
14.6
14.6
14.6
14.5
14.5
14.6
14.6
14.6
14.6
14.5
14.6
14.6
14.6
14.6
14.6
14.6
14.6
14.6
14.6
14.6
14.5
14.6
14.6
14.6
14.6
14.5
14.6
14.6
14.6
14.6
14.6
14.6
14.5
14.6
14.6
14.6
14.6
14.6
14.6
14.6
14.6
14.6
14.6
14.6
14.6
14.6
14.6
14.6
14.6
14.6
14.6
14.6
14.6
14.6
14.6
14.6
14.6
14.6
14.6
14.6
14.6
14.6
14.6
14.6
14.6
14.6
14.6
14.6
14.6
14.6
14.6
14.6
14.6
14.6
14.7
14.7
14.7
14.7
14.7
14.7
14.7
14.7
14.7
14.7
14.7
14.7
14.7
14.7
14.7
14.7
14.7
14.7
14.7
14.7
14.7
14.7
14.7
14.6
14.6
14.6
14.5
14.5
14.5
14.5
14.5
14.5
14.5
14.5
14.5
14.4
14.4
14.4
14.4
14.4
14.5
14.4
14.4
14.4
14.4
14.4
14.5
14.5
14.4
14.4
14.4
14.4
14.4
14.5
14.5
14.6
14.6
14.6
14.6
14.6
14.6
14.6
14.6
14.6
14.6
14.6
14.6
14.6
14.6
14.7
14.7
14.7
14.7
14.7
14.7
14.7
14.7
14.7
14.7
14.6
14.6
14.7
14.6
14.6
14.7
14.7
14.7
14.7
14.7
14.7
14.7
14.7
14.7
14.6
14.6
14.6
14.5
14.5
14.5
14.5
14.4
14.5
14.4
14.4
14.4
14.4
14.4
14.4
14.4
14.4
14.4
14.4
14.4
14.4
14.5
14.5
14.5
14.6
14.6
14.6
14.6
14.6
14.6
14.6
14.6
14.9
15.4
20.5
20.2
19.8
19.6
19.4
19.3
19.2
18.8
18.3
17.8
17.4
17.1
16.8
16.5
16.3
16.1
15.9
15.8
15.6
15.5
15.4
15.3
15.2
15.1
15.1
15.0
15.0
15.0
14.9
14.9
14.8
14.8
14.8
14.8
14.7
14.7
14.7
14.7
14.7
14.7
14.7
14.6
14.7
14.7
14.7
14.7
14.7
14.7
14.6
14.6
14.7
14.7
14.7
14.7
14.6
14.6
14.6
14.6
14.7
14.7
14.6
14.6
14.7
14.7
14.7
14.7
14.7
14.7
14.7
14.7
14.7
14.7
14.6
14.6
14.6
14.6
14.6
14.6
14.7
14.6
14.6
14.7
14.7
14.7
14.7
14.7
14.7
14.6
14.6
14.7
14.7
14.6
14.6
14.6
14.6
14.7
14.7
14.7
14.7
14.7
14.7
14.7
14.7
14.7
14.7
14.7
14.7
14.7
14.7
14.7
14.7
14.7
14.7
14.7
14.7
14.7
14.7
14.7
14.7
14.7
14.6
14.6
14.7
14.7
14.7
14.7
14.7
14.7
14.7
14.7
14.7
14.7
14.7
14.7
14.7
14.7
14.7
14.7
14.7
14.7
14.7
14.7
14.7
14.7
14.7
14.7
14.6
14.6
14.7
14.6
14.6
14.7
14.7
14.7
14.7
14.7
14.7
14.7
14.7
14.7
14.7
14.6
14.6
14.6
14.6
14.7
14.7
14.7
14.6
14.6
14.7
14.7
14.6
14.6
14.7
14.7
14.7
14.7
14.7
14.7
14.7
14.7
14.7
14.7
14.7
14.7
14.7
14.7
14.7
14.7
14.7
14.7
14.7
14.7
14.7
14.7
14.7
14.6
14.6
14.7
14.7
14.7
14.7
14.7
14.7
14.7
14.7
14.6
14.6
14.6
14.6
14.6
14.6
14.6
14.6
14.7
14.7
14.7
14.7
14.7
14.6
14.6
14.6
14.7
14.6
14.7
14.7
14.6
14.6
14.7
14.6
14.6
14.7
14.6
14.6
14.6
14.6
14.6
14.6
14.7
14.7
14.7
14.6
14.6
14.6
14.7
14.7
14.7
14.7
14.7
14.7
14.6
14.7
14.6
14.6
14.7
14.6
14.6
14.7
14.7
14.6
14.6
14.6
14.6
14.6
14.6
14.7
14.6
14.6
14.6
14.6
14.6
14.6
14.6
14.6
14.7
14.7
14.6
14.6
14.7
14.6
14.6
14.7
14.7
14.6
14.7
14.6
14.7
14.7
14.7
14.7
14.7
14.6
14.6
14.7
14.7
14.7
14.6
14.6
14.6
14.6
14.6
14.6
14.7
14.6
14.6
14.6
14.6
14.6
14.6
14.6
14.6
14.6
14.6
14.6
14.6
14.6
14.6
14.6
14.6
14.6
14.6
14.6
14.6
14.7
14.7
14.6
14.6
14.7
14.7
14.7
14.6
14.6
14.6
14.6
14.6
14.6
14.7
14.7
14.6
14.6
14.6
14.6
14.6
14.7
14.7
14.7
14.6
14.7
14.7
14.7
14.6
14.6
14.7
14.6
14.6
14.6
14.6
14.6
14.6
14.7
14.7
14.6
14.6
14.6
14.6
14.6
14.7
14.7
14.7
14.7
14.7
14.6
14.7
14.7
14.7
14.7
14.6
14.6
14.6
14.6
14.6
14.6
14.6
14.6
14.7
14.7
14.6
14.6
14.7
14.7
14.6
14.6
14.6
14.6
14.6
14.6
14.5
14.5
14.5
14.5
14.5
14.4
14.4
14.4
14.4
