12.0
12.6
13.2
13.6
14.1
14.4
14.8
15.1
15.4
15.6
15.9
16.0
16.2
16.4
16.5
16.6
16.7
16.8
16.9
17.0
17.0
17.1
17.1
17.2
17.3
17.3
17.4
17.5
17.5
17.5
17.6
17.6
17.6
17.6
17.6
17.7
17.7
17.7
17.7
17.7
17.7
17.7
17.8
17.8
17.8
17.8
17.8
17.8
17.8
17.8
17.8
17.8
17.9
17.9
17.9
17.8
17.8
17.8
17.9
17.9
17.8
17.9
17.9
17.8
17.8
17.8
17.8
17.9
17.9
17.8
17.8
17.8
17.9
17.9
17.9
17.9
17.8
17.8
17.8
17.9
17.9
17.9
17.9
17.8
17.8
17.8
17.8
17.9
17.9
17.9
17.9
17.9
17.9
17.9
17.9
17.9
17.9
17.9
17.9
17.9
17.9
17.9
17.9
17.9
17.9
17.9
17.9
17.9
17.9
17.9
17.9
17.9
17.9
17.9
17.9
17.9
17.9
17.9
17.9
17.9
17.9
17.9
17.9
17.9
17.9
17.9
17.9
17.9
17.9
17.9
17.9
17.9
17.9
17.9
17.9
17.9
17.8
17.8
17.9
17.9
17.8
17.9
17.9
17.9
17.9
17.8
17.8
17.9
17.9
17.9
17.9
17.9
17.9
17.9
17.9
17.9
18.0
17.9
18.0
17.9
17.9
17.9
17.9
18.0
18.0
17.9
17.9
17.9
18.0
17.9
17.9
17.9
17.9
18.0
17.9
17.9
17.9
18.0
17.9
17.9
17.9
17.9
18.0
18.0
17.9
17.9
18.0
17.9
17.9
17.9
17.9
17.9
17.9
17.9
17.9
17.9
17.9
17.9
17.9
17.9
17.9
17.9
17.9
17.9
17.9
18.0
17.9
17.9
17.9
17.9
17.9
17.9
17.9
17.9
17.9
17.9
17.9
17.9
17.9
17.9
17.9
17.9
18.0
17.9
17.9
17.9
18.0
17.9
17.9
17.9
17.9
18.0
18.0
17.9
17.9
17.9
17.9
17.9
17.9
17.9
17.9
17.9
17.9
17.9
17.9
17.9
17.9
18.0
17.9
17.9
17.9
17.9
18.0
17.9
17.9
17.9
17.9
17.9
17.9
17.9
17.9
17.9
18.0
17.9
17.9
17.9
17.9
18.0
17.9
17.9
17.9
17.9
17.9
17.9
17.9
18.0
18.0
18.0
18.0
18.0
17.9
18.0
18.0
18.0
17.9
18.0
18.0
18.0
18.0
18.0
17.9
17.9
18.0
18.0
17.9
17.9
18.0
18.0
17.9
17.9
18.0
18.0
17.9
17.9
17.9
17.9
18.0
17.9
17.9
17.9
17.9
17.9
17.9
18.0
17.9
17.9
17.9
17.9
17.9
17.9
17.9
17.9
17.9
