59.7
59.6
59.6
59.6
59.6
59.5
59.4
59.4
59.4
59.4
59.4
59.3
64.9
64.9
59.2
59.2
59.2
59.2
59.2
59.2
59.2
59.5
59.4
59.5
59.5
59.4
59.4
59.5
59.5
59.5
59.5
59.5
59.4
59.4
59.6
59.9
60.0
59.9
59.8
59.7
59.6
59.6
59.5
59.6
59.5
59.5
59.5
59.4
59.5
59.4
59.4
59.4
59.4
59.4
59.4
59.4
59.4
67.4
61.3
61.0
60.8
60.6
60.4
60.3
60.2
60.0
60.0
59.9
59.8
59.7
59.8
59.7
59.7
59.7
59.6
59.6
59.9
60.2
60.2
60.3
60.2
60.1
60.0
59.9
59.8
59.8
59.7
59.7
59.7
59.7
59.8
59.8
59.7
59.7
59.6
59.7
59.6
59.6
59.6
59.6
59.6
59.5
59.5
59.5
59.4
59.4
59.4
59.4
59.5
59.5
59.5
59.4
59.8
60.0
59.9
59.8
59.7
59.8
59.8
59.8
59.7
59.7
59.6
59.7
59.7
59.6
59.6
59.5
59.5
59.5
59.6
59.6
59.5
59.5
