15.5
15.7
15.9
16.0
16.1
16.3
16.3
16.4
16.5
16.6
16.7
16.8
16.8
16.9
17.0
17.0
17.1
17.1
17.1
17.1
17.1
17.2
17.2
17.2
17.2
17.3
17.3
17.3
17.2
17.3
17.3
17.3
17.3
17.3
17.3
17.3
17.3
17.3
17.3
17.3
17.3
17.3
17.3
17.3
17.3
17.3
17.3
17.3
17.3
17.3
17.3
17.3
17.3
17.3
17.3
17.3
17.3
17.3
17.3
17.3
17.3
17.3
17.3
17.3
17.3
17.3
17.3
17.3
17.3
17.3
17.3
17.3
17.3
17.3
17.4
17.4
17.4
17.3
17.3
17.3
17.3
17.3
17.3
17.4
17.3
17.3
17.3
17.3
17.3
17.3
17.3
17.3
17.3
17.3
17.3
17.3
17.3
17.4
17.3
17.3
17.3
17.3
17.3
17.4
17.3
17.3
17.3
17.3
17.4
17.3
17.3
17.3
17.3
17.3
17.3
17.4
17.4
17.3
17.3
17.3
17.3
17.3
17.3
17.3
17.3
17.4
17.3
17.3
17.3
17.3
17.3
17.3
17.3
17.3
17.3
17.3
17.4
17.3
17.3
17.3
17.3
17.3
17.3
17.3
17.3
17.4
17.4
17.3
17.3
17.3
17.3
17.3
17.3
17.4
17.3
17.3
17.3
17.3
17.4
17.3
17.3
17.3
17.3
17.4
17.4
17.3
17.3
17.3
17.3
17.3
17.3
17.3
17.3
17.4
17.3
17.3
17.3
17.3
17.3
17.3
17.3
17.3
17.4
