13.9
19.7
19.7
19.7
19.6
19.6
19.6
19.6
19.6
19.6
19.6
19.6
19.6
19.6
19.6
19.6
19.6
19.6
19.6
19.6
19.6
19.6
19.6
19.6
19.6
19.6
19.6
19.6
19.7
19.7
19.6
19.6
19.7
19.7
19.6
19.6
19.7
19.7
19.7
19.7
19.7
19.7
19.7
19.7
19.7
19.7
19.7
19.7
19.6
19.6
19.7
19.7
19.7
19.7
19.6
19.6
19.7
19.7
19.7
19.7
19.7
19.7
19.7
19.6
19.6
19.7
19.7
19.6
19.6
19.7
19.7
19.6
19.6
19.7
19.7
19.7
19.7
19.7
19.7
19.7
19.7
19.7
19.7
19.7
19.7
19.7
19.7
19.8
19.7
19.7
19.7
19.7
19.8
19.8
19.7
19.8
19.8
19.8
19.8
19.8
19.8
19.8
19.8
19.8
19.8
19.8
19.8
19.8
19.8
19.8
19.8
19.8
19.8
19.8
19.8
19.8
19.8
19.8
19.9
19.8
19.8
19.9
19.9
19.8
19.8
19.8
19.8
19.9
19.8
19.8
19.9
19.8
19.8
19.8
19.8
19.8
19.8
19.8
19.8
19.8
19.8
19.8
19.8
19.8
19.8
19.8
19.8
19.8
19.8
19.8
19.8
19.8
19.8
19.8
19.7
19.8
19.8
19.8
19.8
19.7
19.8
19.8
