2712.3
2951.5
2755.2
2755.1
2938.4
2926.8
2918.2
2935.9
2911.0
2921.4
2947.6
2911.6
2946.5
2918.9
2919.4
2935.1
2927.4
2927.1
2926.5
2926.6
2939.5
2939.0
2938.5
2927.2
2936.3
2930.3
2930.0
2911.2
2954.4
2925.5
2974.8
2940.1
2954.2
2918.7
2959.2
2928.4
2934.1
2945.5
2932.6
2932.4
2932.6
2933.0
2932.8
2955.9
2927.8
2935.9
2941.5
2930.1
2935.5
2935.5
2935.3
2929.9
2954.2
2930.9
2944.5
2963.6
2987.5
2944.3
2944.6
2965.7
2933.6
2955.5
2942.0
2947.2
2947.3
2947.8
2953.0
2952.7
2932.8
2943.4
2925.1
2943.2
2969.6
2937.8
2952.0
2927.6
2942.2
2952.0
2926.4
2944.7
2937.6
2944.5
2944.6
2974.0
2946.5
2945.8
2971.1
2970.9
2941.3
2952.0
2952.1
2952.2
2938.4
2938.2
2946.7
2938.6
2949.7
2939.5
2929.1
2944.3
2950.9
2941.8
2936.1
2936.1
2926.2
2946.3
2925.5
2945.1
2963.4
2956.5
2956.6
2934.1
2960.7
2924.1
2971.5
2924.5
2924.3
2937.0
2956.9
2956.6
2942.2
2931.8
2937.6
2938.1
2938.3
2948.8
2949.2
2940.9
2940.8
2951.5
2951.6
2932.8
2967.3
2934.5
2945.5
2945.0
2971.1
2934.1
2942.6
2949.7
2928.9
2956.7
2939.7
2939.2
2939.6
2928.7
2928.9
2929.2
2941.1
2951.7
2932.2
2940.1
2907.4
2942.0
2935.1
2947.0
2939.9
2940.5
2931.8
2931.6
2925.7
2967.3
2938.4
2946.7
2978.4
2929.5
2962.1
2934.9
2944.3
2937.6
2929.7
2962.4
2952.4
2938.6
2938.6
2938.2
2938.1
2938.3
2955.1
2933.2
2933.0
2933.5
2941.3
2940.7
2920.1
2944.7
2944.4
2961.1
2934.7
2958.6
2923.9
2961.5
2961.2
2954.0
2954.0
2942.2
2942.5
2911.4
2940.9
2941.4
2924.1
2930.9
2952.8
2929.7
2938.4
2938.7
2930.3
2930.3
2924.3
2923.8
2935.3
2935.1
2934.7
2934.8
2954.9
2966.3
2966.2
2948.4
2984.6
2948.2
2938.6
2955.3
2937.6
2961.3
2934.3
2933.8
2913.3
2928.4
2940.9
2940.9
2950.5
2950.7
2950.8
2921.4
2940.9
2955.5
2943.8
2925.1
2934.7
2948.4
2948.8
2948.7
2983.8
2933.0
2956.7
2932.8
2971.5
2928.9
2944.5
2932.4
2933.0
2924.7
2965.5
2933.2
2938.4
2938.7
2927.0
2918.2
2950.5
2942.6
2927.8
2927.2
2927.3
2934.9
2913.7
2935.3
2926.6
2926.6
2951.5
2965.7
2920.7
2936.6
2960.3
2932.6
2922.4
2950.7
2925.5
2934.3
2942.4
2922.6
2923.2
2941.1
2932.0
2937.4
2948.8
2956.7
2944.7
2937.8
2923.7
2950.3
2949.7
2933.0
2948.0
2920.1
2973.4
2946.3
2974.8
2922.2
2967.3
2945.3
2974.8
2963.8
2943.4
2929.3
2939.9
2939.9
2939.4
2918.0
2942.0
2955.3
2938.8
2931.1
2957.4
2957.3
2945.5
2946.0
2945.5
2945.0
2934.5
2927.4
2927.6
2948.8
2948.3
2936.6
2936.6
2954.0
2953.6
2964.4
2945.3
2955.7
2944.9
2924.7
2958.0
2922.8
2949.5
2940.7
2941.3
2923.9
2934.9
2942.0
2942.3
2930.5
2937.6
2937.7
2942.8
2924.9
2919.1
2930.7
2940.1
2947.0
2925.1
2933.0
2939.1
2967.8
2967.5
2976.5
2946.3
2963.6
2938.8
2976.3
2966.5
2936.3
2945.1
2951.3
2943.8
2924.3
2956.3
2948.2
2947.7
2953.8
2948.6
2926.6
2970.5
2944.9
2933.0
2933.5
2934.0
2941.3
2925.5
2940.5
2966.7
2945.3
2975.3
2935.9
2952.2
2969.4
2939.9
2934.5
2963.0
2947.4
2952.8
2931.4
2930.9
2946.3
2933.0
2939.1
2945.7
2945.0
2944.5
2958.2
2952.4
2929.9
2929.5
2938.4
2944.3
2937.4
2951.3
2951.0
2951.2
2950.7
2979.0
2943.8
2943.2
2989.2
2932.0
2983.2
2944.5
2924.9
2952.6
2952.6
2929.7
2945.1
2944.5
2960.7
2937.2
2936.8
2937.0
2927.0
2952.8
2937.4
2930.7
2936.8
2974.4
2952.2
2951.8
2935.9
2944.7
2954.0
2931.6
2948.4
2947.9
2935.9
2963.6
2940.5
2950.1
2973.8
2940.7
2952.4
2944.0
2943.9
2958.8
2936.6
2936.2
2929.9
2929.8
2921.2
2940.5
2948.4
2939.7
2939.5
2945.3
2925.1
2939.9
2939.7
2954.9
2955.0
2955.3
2940.7
2976.9
2935.3
2973.2
2956.9
2950.3
2938.0
2952.0
2936.3
2942.4
2936.1
2943.4
2936.1
2928.2
2938.8
2938.4
2938.8
2953.8
2944.0
2933.2
2933.7
2933.8
2941.8
2928.2
2963.4
2971.1
2995.4
2939.1
2976.3
2952.6
2976.5
2948.2
2935.7
2954.0
2937.4
2946.1
2940.7
2951.3
2964.2
2939.3
2932.6
2946.3
2928.4
2928.3
2946.1
2935.9
2935.3
2944.9
2929.7
2954.7
2932.6
2945.5
2968.2
2974.2
2945.7
2937.4
2976.5
2940.1
2954.0
2945.7
2939.5
2939.8
2955.9
2946.5
2946.2
2935.9
2942.8
2934.7
2929.1
2938.4
2945.1
2945.3
2937.8
2937.6
2937.0
2952.8
2940.1
2956.1
2930.5
2963.6
2943.4
2967.6
2973.4
2972.8
2928.4
2996.1
2983.6
2936.6
2937.2
2936.9
2943.0
2942.8
2942.9
2943.5
2956.1
2943.2
2935.5
2918.9
2941.3
2950.5
2950.3
2950.6
2929.7
2954.7
2954.6
2954.2
2964.8
2948.2
2973.2
2936.1
2981.7
2949.0
2963.4
2963.4
2940.5
2934.3
2966.1
2921.0
2950.3
2950.4
2950.1
2939.9
2950.1
2960.3
2949.0
2926.6
2955.9
2955.3
2955.6
2942.0
2952.2
2943.0
2959.2
2959.1
2984.8
2955.1
2966.5
2954.7
2931.6
2973.6
2951.3
2930.9
2956.3
2948.0
2953.2
2964.8
2948.2
2926.6
2950.5
2951.1
2950.9
2933.2
2949.2
2941.5
2941.4
2959.9
2959.7
2959.1
2940.1
2940.0
2949.2
2971.5
2979.0
2926.6
2941.3
2959.0
2992.5
2953.6
2960.9
2955.5
2940.7
2968.4
2940.3
2947.4
2947.7
2947.7
2969.6
2958.2
2948.6
2954.9
2966.1
2954.2
2938.0
2950.7
2963.4
2948.8
2963.8
2969.4
2980.2
2989.0
2949.9
2957.4
2970.7
2956.3
2982.1
2951.5
2951.5
2943.6
2951.3
2945.7
2973.2
2953.8
2953.9
2953.9
2964.6
2984.8
2958.2
2943.8
2958.6
2948.8
2936.1
2960.3
2959.8
2946.1
2957.8
2970.3
2970.0
2964.4
2951.7
2951.5
2976.3
2943.8
2965.5
2965.0
2937.2
2949.9
2955.7
2944.9
2954.9
2963.4
2951.3
2951.3
2951.8
2951.4
2942.4
2942.3
2954.0
2940.5
2932.8
2945.9
2945.3
2954.4
2959.9
2942.6
2973.2
2953.2
2982.5
2934.5
2958.0
2983.6
2956.5
2945.3
2935.1
2954.9
2964.2
2964.0
2934.9
2968.0
2937.2
2948.2
2960.9
2960.3
2960.7
2969.4
2950.1
2974.2
2954.7
2947.2
2947.4
2946.8
2980.5
2949.9
2970.9
2956.3
2963.2
2948.6
2986.5
2941.5
2942.0
2941.5
2923.7
2948.8
2948.6
2965.9
2965.3
2934.9
2934.6
2943.4
2949.2
2959.4
2958.9
2950.5
2955.9
2949.0
2963.2
2956.1
2956.4
2970.7
2971.0
2988.6
2949.2
2970.0
2975.5
2947.2
2954.0
2969.6
2940.1
2952.8
2963.8
2948.4
2948.9
2940.7
2933.6
2945.9
2960.5
2960.6
2945.9
2955.5
2943.4
2956.5
2950.9
2939.9
2945.9
2970.5
2960.3
3007.1
2970.7
2925.7
2958.8
2968.0
2934.1
2978.8
2952.4
2937.2
2937.8
2937.2
2949.7
2936.8
2960.9
2950.3
2938.8
2948.4
2948.0
2954.0
2947.0
2941.8
2942.3
2948.6
2955.5
2939.1
2966.3
2949.0
2985.0
3004.6
2945.1
2963.0
2984.2
2966.1
2971.9
2955.1
2970.5
2970.6
2959.6
2941.5
2947.0
2946.3
2963.0
2956.1
2956.6
2965.5
2939.3
2939.5
2945.3
2955.5
2941.3
2958.2
2945.9
2952.2
2941.3
2968.2
2968.0
2987.3
2942.2
2980.0
2964.2
2964.0
2976.7
2960.7
2938.8
2938.5
2945.9
2959.4
2965.3
2949.9
2957.6
2944.5
2962.1
2936.6
2945.9
2953.6
2970.3
2949.7
2949.3
2943.6
2950.3
2942.6
2960.7
2966.5
2986.5
2938.6
2953.4
2977.1
2956.7
2989.0
2943.0
2964.0
2963.8
2953.0
2953.1
2964.6
2946.5
2946.0
2946.5
2937.0
2965.9
2949.5
2919.9
2957.4
2942.4
2942.9
2948.6
2948.1
2947.7
2947.4
2958.4
2953.2
2971.7
2936.8
2969.0
2954.0
2953.9
2953.8
2942.2
2972.1
2962.4
2970.9
2956.5
2976.9
2930.9
2931.2
2941.8
2959.0
2949.2
2948.7
2948.2
2955.3
2936.8
2936.4
2936.6
2945.7
2973.6
2967.8
2957.4
2971.7
2948.2
2947.8
2983.8
2941.1
2956.9
2938.6
2955.7
2930.3
2946.1
2937.8
2926.4
2957.6
2943.8
2950.9
2950.6
2959.9
2941.8
2947.8
2961.9
2938.4
2924.3
2964.8
2965.0
2975.5
2947.6
2981.1
2957.4
2956.8
2946.1
2946.7
2955.3
2943.8
2944.2
2943.8
2944.2
2937.8
2929.7
2936.1
2943.6
2943.5
2943.1
2971.1
2970.5
2954.4
2953.9
2940.1
2940.7
2947.6
2987.9
2945.3
2958.4
2964.2
2955.9
2946.3
2968.6
2969.0
2947.8
2930.5
2954.2
2935.5
2947.6
2941.1
2940.6
2934.1
2946.1
2946.7
2939.9
2949.0
2949.6
2949.6
2964.2
2937.8
2937.5
2966.3
2966.7
2982.3
2940.9
2946.5
2968.2
2961.7
3004.2
2955.1
2955.7
2978.2
2946.7
2953.4
2964.0
2942.2
2955.5
2955.1
2943.0
2943.1
2933.2
2952.8
2939.9
2940.1
2940.1
2940.7
2953.4
2953.9
2967.8
2994.4
2989.0
2944.7
2970.0
2939.9
2965.5
2965.3
2940.1
2960.7
2936.6
2953.2
2953.0
2947.6
2969.6
2943.8
2964.0
2938.6
2959.9
2935.1
2944.0
2953.0
2941.3
2956.3
2956.2
2948.2
2964.8
2940.7
2953.8
2948.2
2982.7
2948.6
2992.1
2950.1
2978.6
2945.3
2954.7
2955.0
2954.6
2954.3
2943.6
2943.8
2943.4
2943.2
2949.5
2949.0
2968.8
2952.0
2943.8
2958.2
2938.4
2960.7
2938.4
2931.4
2974.8
2987.5
2940.9
2940.3
2980.9
2932.2
2942.6
2987.9
2959.4
2971.3
2933.4
2952.4
2952.0
2952.1
2952.3
2952.0
2951.7
2961.1
2943.6
2943.9
2943.6
2949.9
2940.7
2922.4
2938.8
2939.1
2938.8
2965.3
2981.7
2953.2
2985.0
2945.5
2975.9
2954.7
2954.5
2978.4
2935.9
2936.2
2950.9
2941.8
2954.7
2936.3
2936.4
2964.8
2954.9
2932.6
2952.4
2941.5
2949.0
2960.3
2960.6
2926.6
2943.2
2943.4
2960.1
2960.2
2954.2
2965.3
2974.2
2959.2
2949.0
2980.9
2934.1
2981.5
2950.3
2942.8
2942.3
2978.0
2960.9
2935.3
2945.5
2964.8
2944.0
2974.8
2935.3
2953.6
2953.6
2954.2
2948.2
2941.8
2942.1
2941.9
2956.5
2973.2
2973.7
2991.1
2961.9
2941.3
2964.8
2946.7
2981.9
2951.3
2946.1
2935.1
2946.7
2952.4
2952.7
2925.1
2946.7
2932.8
2933.0
2933.3
2944.3
2943.8
2937.4
2945.3
2952.0
2932.0
2943.0
2950.5
2950.1
2962.6
2968.8
2974.2
2958.6
2973.4
2923.0
2942.8
2987.3
2969.2
2944.9
2920.3
2938.8
2959.9
2947.8
2956.7
2956.2
2976.5
2961.1
2949.7
2943.8
2943.9
2934.7
2946.7
2967.8
2936.3
2951.7
2937.2
2949.2
2965.3
2987.9
2943.6
2943.8
2984.0
2940.7
2940.8
2956.5
2963.2
2955.9
2934.1
2942.4
2949.9
2949.7
2942.0
2959.9
2967.6
2958.6
2958.5
2948.8
2935.7
2942.0
2941.6
2953.8
2947.4
2947.7
2948.1
2947.6
2966.3
2966.6
2966.6
2972.1
2980.7
2952.8
2952.8
2989.6
2943.8
2978.8
2957.4
2947.6
2964.8
2956.5
2956.0
2955.9
2956.4
2956.3
2966.7
2949.0
2978.4
2960.3
2949.2
2962.8
2962.2
2961.9
2962.0
2973.8
2985.2
2946.3
2955.1
2969.8
2940.1
2976.7
2952.2
2944.0
2944.2
2958.8
2965.3
2953.8
2930.1
2963.8
2952.2
2962.8
2963.2
2940.3
2946.1
2935.3
2946.3
2938.6
2948.4
2960.5
2943.8
2949.7
2949.3
2971.1
2936.3
2980.9
2944.3
2976.7
2935.9
2936.5
2955.5
2946.5
2946.8
2961.5
2943.0
2950.1
2936.3
2953.4
2965.7
2953.6
2969.6
2941.8
2953.6
2953.7
2964.4
2944.7
2937.8
2953.2
2987.1
2986.5
2986.5
2956.9
2923.9
2978.8
2963.0
2963.4
2940.9
2929.7
2946.3
2964.6
2944.0
2956.5
2948.0
2955.5
2955.5
2949.5
2954.9
2944.5
2951.3
2951.2
2961.3
2948.0
2928.7
2956.9
2940.1
2940.3
2949.5
2972.3
2943.8
2959.2
2969.6
2951.1
2965.5
2959.0
2948.6
2948.9
2966.1
2951.3
2939.9
2958.2
2979.2
2950.7
2960.7
2946.3
2940.5
2956.7
2973.6
2946.3
2951.7
2951.7
2945.7
2970.3
2975.7
2988.8
2955.5
2955.8
2976.7
2952.0
3000.0
2965.5
2958.0
2938.8
2965.9
2956.3
2956.8
2957.0
2963.2
2945.3
2945.7
2946.4
2960.1
2960.2
2952.8
2952.4
2946.1
2936.3
2951.3
2950.7
2951.1
2959.2
2985.9
2972.5
2984.4
2948.8
2976.5
2965.1
2958.8
2985.7
2961.1
2960.8
2944.7
2952.4
2942.0
2948.2
2948.0
2955.1
2961.3
2939.1
2954.9
2943.8
2955.9
2944.7
2957.6
2957.0
2936.3
2943.4
2949.5
2956.3
2956.4
2973.0
2947.6
2973.6
2935.5
2963.0
2942.0
2949.5
2949.7
2958.8
2989.4
2941.8
2961.5
2961.3
2961.0
2941.5
2963.6
2950.5
2951.0
2951.6
2941.5
2932.4
2960.1
2950.3
2949.9
2943.0
2956.3
2969.4
2969.3
2987.9
2944.9
2934.5
2992.9
2953.2
2953.7
2953.9
2939.7
2950.5
2949.8
2942.0
2955.7
2938.6
2950.3
2943.2
2954.0
2940.7
2949.2
2948.7
2948.6
2942.8
2958.0
2957.6
2958.1
2953.0
2974.6
2966.5
2989.2
2964.0
2963.8
2971.5
2947.4
2953.6
2981.5
2943.8
2952.0
2952.3
2942.0
2941.8
2961.9
2940.1
2972.5
2964.6
2954.2
2932.6
2944.3
2958.8
2945.5
2944.9
2963.4
2953.6
2953.8
2961.9
2962.3
2972.1
2971.7
2971.3
2976.9
2956.1
2938.6
2978.0
2943.2
2960.7
2960.1
2939.9
2940.0
2934.7
2954.9
2927.6
2952.6
2952.3
2951.8
2941.8
2953.2
2952.7
2952.8
2953.1
2952.5
2940.7
2940.7
2961.5
2970.0
2955.9
2962.8
2962.6
2951.7
2972.8
2957.4
2949.7
2965.9
2953.0
2953.4
2952.8
2952.8
2920.1
2938.4
2953.0
2934.7
2953.4
2953.5
2935.1
2988.4
2942.2
2936.8
2937.3
