2704.8
2728.3
2647.8
2734.6
2744.5
2750.6
2762.8
2723.3
2642.8
2737.1
2771.4
2771.7
2750.8
2727.1
2655.9
2644.5
2700.0
2746.2
2746.6
2626.4
2649.1
2762.2
2773.7
2774.1
2783.4
2764.3
2764.8
2759.7
2760.1
2772.0
2751.8
2740.4
2740.3
2732.3
2772.8
2772.9
2764.5
2764.2
2746.6
2759.7
2736.4
2711.7
2686.7
2662.4
2684.2
2764.7
2764.7
2745.0
2695.2
2770.5
2740.4
2789.3
2769.1
2777.2
2702.5
2640.7
2689.0
2639.1
2692.5
2757.9
2666.5
2750.8
2750.9
2756.4
2767.4
2760.4
2752.2
2752.5
2723.1
2735.6
2629.7
2691.9
2771.0
2757.4
2687.5
2704.4
2756.2
2661.5
2621.8
2697.5
2638.4
2710.0
2642.6
2728.3
2710.4
2716.7
2780.5
2720.0
2720.6
2751.4
2758.7
2758.3
2747.0
2764.9
2764.6
2781.4
2727.9
2769.5
2763.3
2763.1
2742.5
2756.0
2656.8
2689.6
2690.0
2729.4
2742.9
2782.0
2797.2
2756.6
2756.1
2755.5
2786.8
2757.0
2742.7
2772.8
2772.9
2705.4
2753.1
2770.1
2783.2
2707.3
2753.7
2742.0
2773.2
2795.3
2768.7
2768.8
2736.2
2742.3
2731.6
2763.3
2772.6
2703.8
2787.2
2787.8
2762.0
2640.3
2680.7
2772.8
2790.9
2766.0
2787.4
2731.4
2756.4
2786.4
2761.8
2773.0
2756.0
2769.9
2754.7
2755.2
2755.3
2659.7
2772.6
2772.4
2728.7
2753.3
2753.4
2707.1
2772.4
2772.7
2772.6
2732.9
2719.8
2762.8
2779.3
2739.3
2757.2
2765.1
2783.2
2792.4
2759.1
2758.8
2709.2
2692.3
2692.1
2708.3
2732.3
2774.5
2765.3
2662.6
2648.4
2638.0
2724.4
2768.5
2759.1
2758.6
2741.6
2681.9
2682.1
2712.9
2764.3
2773.7
2786.6
2786.8
2771.8
2757.9
2758.5
2765.6
2778.9
2762.6
2797.8
2784.1
2763.7
2776.2
2757.2
2769.7
2764.1
2747.2
2668.8
2677.8
2759.9
2768.3
2787.4
2774.9
2759.9
2788.0
2768.5
2754.1
2754.2
2725.8
2689.4
2779.3
2788.6
2717.7
2788.4
2774.9
2759.7
2750.2
2798.0
2766.2
2803.6
2748.1
2767.4
2778.0
2771.0
2758.9
2787.4
2719.8
2666.1
2728.7
2783.7
2773.5
2739.1
2698.6
2772.2
2772.7
2772.4
2773.0
2772.5
2780.7
2769.5
2748.5
2793.6
2793.0
2807.4
2773.5
2805.5
2764.3
2793.0
2777.4
2767.8
2754.7
2754.6
2759.9
2773.7
2790.1
2761.6
2777.2
2740.0
2778.9
2757.0
2756.3
2729.1
2791.1
2782.4
2761.4
2721.9
2750.4
2760.6
2742.0
2796.3
2769.1
2776.6
2776.6
2792.4
2742.5
2687.5
2784.3
2778.9
2779.0
2778.4
2756.6
2762.0
2767.4
2767.2
2773.7
2782.4
2773.2
2757.4
2783.7
2783.3
2765.3
2781.2
2769.9
2770.3
2765.1
2780.1
2774.3
2774.1
2786.4
2673.6
2650.1
2674.0
2756.0
2744.7
2750.2
2802.0
2783.4
2755.2
2786.4
2777.0
2776.6
2776.0
2776.4
2776.1
2767.4
2777.4
2770.8
2797.2
2776.8
2762.4
2762.4
2792.6
2784.7
2776.0
2775.7
2746.4
2680.5
2688.4
2688.3
2678.4
2690.7
2725.0
2717.7
2782.8
2700.0
2769.9
2769.5
2809.4
2742.3
2753.9
2759.1
2773.9
2774.4
2783.9
2783.5
2764.9
2785.7
2776.2
2775.9
2753.1
2753.2
2690.7
2767.4
2766.9
2766.9
2766.4
2739.1
2761.4
2748.3
2774.3
2774.6
2806.1
2772.6
2759.1
2799.5
2763.5
2788.4
2731.4
2772.0
2763.3
2746.8
2766.0
2689.4
2766.0
2777.2
2766.0
2766.2
2766.7
2772.8
2752.2
2751.7
2783.0
2724.2
2709.0
2785.7
2761.8
2768.7
2759.9
2760.5
2798.4
2798.0
2781.8
2758.3
2776.0
2769.1
2802.6
2782.0
2731.6
2739.3
2772.6
2754.3
2747.5
2701.7
2779.1
2779.5
2779.3
2779.4
2779.1
2731.6
2757.6
2772.8
2737.3
2737.5
2750.6
2771.0
2771.0
2770.7
2784.7
2770.3
2794.9
2795.2
2775.3
2787.8
2788.3
2701.7
2728.1
2774.7
2748.1
2758.7
2777.4
2777.7
2788.6
2760.8
2779.5
2779.3
2764.5
2788.2
2730.2
2749.1
2731.9
2764.5
2789.1
2789.2
2778.2
2799.7
2784.3
2792.8
2804.9
2702.1
2749.3
2793.4
2714.2
2816.9
2745.4
2779.9
2765.8
2772.8
2773.0
2782.0
2781.7
2757.4
2792.6
2779.5
2764.5
2790.5
2780.1
2797.8
2733.3
2681.5
2688.4
2752.9
2773.2
2773.4
2750.4
2779.9
2780.3
2780.4
2769.9
2796.3
2754.5
2788.0
2788.4
2788.3
2818.4
2783.0
2757.0
2745.4
2787.4
2775.3
2766.8
2782.2
2781.7
2722.9
2749.7
2780.7
2788.4
2785.5
2769.5
