85.0
85.5
85.9
86.3
86.7
87.0
87.3
87.6
87.8
87.9
88.2
88.3
88.4
88.5
88.6
88.6
88.6
88.6
88.7
88.6
88.7
88.7
88.7
88.8
88.7
88.8
88.8
88.8
88.9
88.8
88.9
88.8
88.8
88.9
88.9
88.9
88.9
88.9
88.9
88.8
88.9
88.9
88.8
88.9
88.9
88.9
89.0
89.0
88.9
89.0
89.0
88.9
89.0
89.0
89.0
89.0
89.0
89.1
89.0
89.0
89.0
89.0
89.1
89.0
89.1
89.1
89.1
89.1
89.1
89.1
89.0
89.1
89.1
89.1
89.1
89.0
89.1
89.1
89.2
89.2
89.1
89.1
89.1
89.1
89.2
89.2
89.2
89.2
89.3
89.3
89.3
89.3
89.3
89.4
89.4
89.4
89.4
89.3
89.4
89.4
89.4
89.4
89.4
89.4
89.4
89.4
89.5
89.4
89.4
89.4
89.4
89.5
89.4
89.5
89.4
89.4
89.5
89.5
89.5
89.5
89.5
89.5
89.5
89.6
89.5
89.6
89.5
89.6
89.6
89.6
89.6
89.5
89.5
89.6
89.6
89.5
89.5
89.6
89.6
89.6
89.6
89.5
89.6
89.5
89.5
89.5
89.5
89.5
89.5
89.5
89.6
89.6
89.5
89.5
89.6
89.6
89.5
89.5
89.5
89.9
89.8
89.8
89.8
89.7
89.8
89.7
89.7
89.7
89.7
89.7
89.6
89.7
89.7
89.6
89.7
89.6
89.6
89.6
89.6
89.6
89.6
89.6
89.6
89.6
89.6
89.6
89.6
89.5
89.5
89.6
89.5
89.6
89.5
89.6
89.6
89.5
89.6
89.6
89.6
89.6
89.6
89.7
89.6
89.7
89.6
89.6
89.7
89.7
89.7
89.7
89.6
89.6
89.6
89.7
89.7
89.7
89.7
89.7
89.6
89.6
89.6
89.6
89.7
89.6
89.6
89.6
89.6
89.6
89.6
89.6
89.6
89.6
89.6
89.6
89.6
89.6
89.6
89.6
89.6
89.6
89.6
89.6
89.6
89.6
89.6
89.6
89.6
89.6
89.6
89.6
89.6
89.6
89.6
89.6
89.6
89.6
89.6
89.6
89.6
89.6
89.6
89.6
89.7
89.7
89.7
89.7
89.7
89.7
89.7
89.7
89.7
89.7
89.8
89.7
89.8
89.7
89.7
89.7
89.7
89.7
89.6
89.6
89.6
89.6
89.6
89.7
89.7
89.6
89.6
89.7
89.7
89.7
89.7
89.7
89.7
89.6
89.6
89.6
89.6
89.7
89.7
89.7
89.7
89.7
89.7
89.7
89.7
89.6
89.7
89.7
89.6
89.6
89.6
89.7
89.7
89.7
89.6
96.3
102.7
97.1
90.0
89.9
89.9
89.9
89.8
89.8
89.8
89.8
89.7
89.7
89.7
89.7
89.7
89.7
89.7
89.7
89.7
89.7
89.7
89.6
89.6
89.6
89.6
89.7
89.6
