52.8
88.4
88.3
88.3
88.3
88.2
88.2
88.2
88.2
88.2
88.2
88.3
88.3
88.3
88.3
88.3
88.3
88.4
88.3
88.4
88.3
88.3
88.3
88.3
88.4
88.3
88.4
88.3
88.4
88.4
88.4
88.4
88.4
88.4
88.5
88.4
88.4
88.3
88.3
88.2
88.2
88.2
88.2
88.2
88.2
88.2
88.2
88.2
88.4
88.3
88.4
88.4
88.3
88.3
88.3
88.2
88.2
88.2
88.2
88.2
88.2
88.4
88.4
88.5
88.5
88.5
88.5
88.5
88.5
88.5
88.5
88.4
88.5
88.5
88.5
88.5
88.5
88.5
88.5
88.5
88.7
88.7
88.7
88.6
88.6
88.6
88.6
88.6
88.6
88.6
88.6
88.5
88.5
88.5
88.5
88.5
88.5
88.5
88.6
88.6
88.5
88.5
88.5
88.5
88.6
88.5
88.6
88.6
88.6
88.6
88.5
88.5
88.5
88.5
88.5
88.4
88.5
88.4
