52.8
84.0
84.5
85.0
85.5
85.9
86.2
86.5
86.8
87.0
87.3
87.4
87.6
87.8
87.9
88.0
88.1
88.1
88.2
88.3
88.3
88.4
88.5
88.5
88.5
88.6
88.6
88.6
88.6
95.2
95.2
88.6
88.6
88.6
88.7
88.7
88.7
88.7
88.7
88.7
88.8
88.8
88.8
88.8
88.8
88.9
88.8
88.9
88.9
88.9
88.9
88.9
88.9
88.9
88.9
88.9
88.9
88.9
88.9
89.0
89.0
89.0
89.0
89.0
88.9
88.8
88.7
88.7
88.6
88.6
88.6
88.6
88.6
88.6
88.6
88.6
88.6
88.6
88.6
88.6
88.5
88.5
88.5
88.5
88.6
88.5
88.6
88.5
88.6
88.6
88.6
88.6
88.6
88.6
88.7
88.9
88.9
88.9
88.8
88.8
88.8
88.8
88.8
88.8
88.8
88.8
88.8
88.8
88.8
88.8
88.8
88.8
88.8
88.8
88.8
88.8
88.7
88.8
88.8
88.8
88.8
88.8
88.8
88.8
88.8
88.9
88.8
88.8
88.8
88.8
88.8
88.8
88.8
88.8
88.8
88.8
88.8
88.8
88.8
88.8
88.8
88.8
88.8
88.8
88.9
88.8
