53.2
70.7
90.0
89.9
89.8
89.7
89.7
89.7
89.6
89.6
89.6
89.6
89.6
89.6
89.6
89.6
89.6
89.6
89.5
89.5
89.6
89.5
89.5
89.5
89.5
89.5
89.5
89.5
89.5
89.6
89.5
89.5
89.5
89.5
89.5
89.6
89.6
89.6
89.6
89.6
89.7
89.7
89.7
89.7
89.7
89.7
89.6
89.6
89.6
89.7
89.6
89.7
89.7
89.7
89.7
89.7
89.7
89.7
89.7
89.7
89.7
89.8
89.7
89.8
89.7
89.8
89.8
89.7
89.7
89.7
89.7
89.8
89.7
89.8
89.7
89.8
89.8
89.7
89.8
89.7
89.8
89.7
89.7
89.7
89.7
89.8
89.7
89.7
89.7
89.7
89.7
89.7
89.7
89.8
89.7
89.8
89.8
89.8
89.8
89.8
89.8
89.8
89.8
89.8
89.8
89.8
89.8
89.8
89.8
89.9
89.8
89.8
89.9
89.9
90.0
89.9
90.0
90.0
90.0
90.0
90.0
90.1
90.0
90.1
90.1
90.0
90.1
90.1
90.1
90.1
90.1
90.1
90.1
90.2
90.1
90.1
90.1
90.1
90.2
90.2
90.2
90.1
90.2
90.2
90.2
90.2
90.1
90.2
90.2
90.2
90.2
90.2
90.2
90.1
90.2
90.2
90.2
90.2
90.2
90.3
90.2
90.2
90.2
90.2
90.2
90.2
90.2
90.2
90.1
90.2
90.1
90.2
90.1
90.2
90.2
90.1
90.2
90.2
90.2
90.2
90.1
90.2
90.1
90.2
90.1
90.2
90.2
90.1
90.2
90.1
90.2
90.2
90.2
90.2
90.2
90.2
90.2
90.2
90.2
90.3
90.3
90.2
90.3
90.2
90.3
90.3
90.2
90.2
90.2
90.2
90.2
90.2
90.2
90.2
90.3
90.2
90.2
90.3
90.2
90.3
90.2
90.2
90.2
90.2
90.3
90.2
90.2
90.2
90.2
90.3
90.2
90.2
90.2
90.2
90.3
90.3
90.3
90.3
90.3
90.3
90.3
90.3
90.3
90.3
90.3
90.3
90.3
90.3
90.3
90.3
90.4
90.4
90.4
90.4
90.4
90.4
90.4
90.4
90.4
90.4
90.4
90.4
90.4
90.3
90.4
90.4
90.4
90.4
90.3
90.4
90.4
90.3
90.4
90.3
90.3
90.3
90.3
90.3
90.3
90.3
90.2
90.3
90.3
90.3
90.3
90.2
90.2
90.2
90.3
90.3
90.2
90.2
90.2
90.2
90.2
90.2
90.2
90.2
90.2
90.2
90.3
90.2
90.2
90.2
90.2
90.2
90.2
90.2
90.3
90.2
90.3
90.2
90.2
90.3
90.2
90.2
90.2
90.2
90.2
90.2
90.2
90.2
90.2
90.2
90.3
90.2
90.2
90.2
90.2
90.2
90.2
90.1
90.1
90.1
90.1
90.1
90.1
90.1
90.1
90.1
90.0
90.1
90.1
90.0
90.0
90.0
90.1
90.0
90.1
90.1
90.1
90.1
90.1
90.2
90.1
90.1
90.2
90.1
90.2
90.2
90.2
90.2
90.2
90.2
90.2
90.2
90.2
90.2
90.2
90.2
90.2
90.2
90.2
90.2
90.2
90.2
90.2
90.2
90.1
90.2
90.2
90.1
90.1
90.1
90.1
90.1
90.1
90.1
90.1
90.1
90.1
90.1
90.1
90.1
90.1
90.1
90.1
90.1
90.0
90.0
90.1
90.1
90.1
90.1
90.1
90.1
90.1
90.1
90.0
90.0
90.1
90.1
90.1
90.1
90.1
90.1
90.1
90.1
90.1
90.1
90.1
90.1
90.1
90.1
90.1
90.2
90.2
90.2
90.2
90.2
90.2
90.2
90.2
90.1
90.1
90.1
90.1
90.1
90.1
90.1
90.0
90.0
90.0
90.0
90.0
90.0
90.0
90.0
90.0
90.0
90.0
90.0
90.0
90.0
90.1
90.1
90.1
90.1
90.0
90.0
90.1
90.1
90.1
90.1
90.1
90.0
90.0
90.1
90.0
90.1
90.1
90.0
90.1
90.0
90.1
90.0
90.1
90.1
90.0
90.1
90.0
90.0
90.0
89.4
