52.5
87.1
87.2
87.3
87.3
87.3
87.4
87.4
87.4
87.5
87.5
87.6
87.6
87.6
87.6
87.6
87.8
88.0
88.0
87.9
87.9
87.9
87.9
87.9
87.9
87.9
87.8
87.8
87.7
88.1
88.0
87.9
87.8
87.7
87.7
87.7
87.6
87.6
87.5
87.5
87.5
87.5
87.4
87.4
87.4
87.4
87.4
87.4
87.4
87.3
87.3
87.3
87.3
87.4
87.3
87.4
87.3
87.3
87.3
87.3
87.3
87.3
87.4
87.4
87.5
87.5
87.5
87.5
87.5
87.5
87.6
87.6
87.6
87.6
87.6
87.6
87.6
87.6
87.6
87.7
87.6
87.7
87.7
87.7
87.7
87.7
87.7
87.7
87.7
87.7
87.7
87.7
87.7
87.7
87.7
87.7
87.7
87.7
87.7
87.7
87.7
87.7
87.7
87.7
87.7
87.7
87.6
87.7
87.7
87.7
87.7
87.7
87.7
87.8
87.8
87.8
87.8
87.8
87.8
87.8
87.8
87.7
87.8
87.8
87.8
87.8
87.8
87.9
81.1
