5.8
13.5
14.0
14.5
14.9
15.3
15.6
15.9
16.1
16.7
17.0
17.1
17.2
17.3
17.4
17.5
17.5
17.6
17.6
17.7
17.8
17.8
17.8
17.9
17.9
17.9
18.0
18.0
18.0
18.0
18.0
18.0
18.0
18.0
18.0
18.0
18.0
18.0
18.0
18.0
18.0
18.0
18.0
18.0
18.0
18.0
18.0
18.0
18.0
18.1
18.0
18.1
18.1
18.1
18.0
18.1
18.1
18.1
18.0
18.0
18.0
18.0
18.1
18.1
18.1
18.0
18.0
18.0
18.0
18.0
18.0
18.0
18.0
18.0
18.0
18.0
18.1
18.2
18.1
18.1
18.1
18.1
18.1
18.1
18.1
18.0
18.0
18.0
18.1
18.0
18.0
18.0
18.0
18.0
18.0
18.0
18.0
18.0
18.0
18.0
18.0
18.0
18.0
18.0
18.1
18.0
18.1
18.1
18.0
18.0
18.0
18.0
18.0
18.1
18.1
18.0
18.0
18.1
18.0
18.0
18.1
18.1
18.1
18.1
18.1
18.0
18.1
18.0
18.1
18.1
18.1
18.0
18.0
18.0
18.1
18.1
18.1
18.1
18.1
18.1
18.1
18.1
18.0
18.1
18.0
18.1
18.1
18.0
18.0
18.0
18.1
18.1
18.1
18.1
18.1
18.1
18.1
18.1
18.1
18.1
18.1
18.1
18.1
18.1
18.1
18.1
18.1
18.1
18.1
18.1
18.1
18.0
18.0
18.0
18.0
18.0
18.0
18.0
18.0
18.0
18.0
18.0
18.0
18.0
18.1
18.0
18.1
18.1
18.0
18.0
18.0
18.0
18.0
18.0
18.0
18.0
18.0
18.0
18.1
18.0
18.1
18.1
18.0
18.1
18.0
18.1
18.1
18.1
18.1
18.1
18.1
18.1
18.1
18.0
18.1
18.0
18.0
18.0
18.0
18.1
18.1
18.1
18.0
18.0
18.1
18.1
18.0
18.1
18.1
18.1
18.1
18.1
18.0
18.1
18.1
18.1
18.1
18.1
18.1
18.1
18.1
18.1
18.2
18.1
18.1
18.2
18.1
18.1
18.1
18.1
18.1
18.1
18.1
18.1
18.1
18.1
18.1
18.1
18.1
18.1
18.1
18.1
18.1
18.1
18.1
18.1
18.2
18.1
