5.8
15.8
15.9
10.6
10.9
11.2
17.6
17.7
17.8
18.0
18.1
18.2
18.3
18.5
18.5
18.7
18.7
18.8
18.8
18.9
19.0
19.0
19.1
19.1
19.2
19.1
19.2
19.2
19.2
19.2
19.2
19.3
19.2
19.3
19.3
19.3
19.3
19.3
19.3
19.3
19.3
19.4
19.4
19.4
19.4
19.4
19.4
19.4
19.3
19.2
19.1
19.1
19.0
18.9
18.9
18.8
18.8
18.8
18.8
18.7
18.7
18.7
18.7
18.7
18.7
18.6
18.7
18.7
18.7
18.7
18.7
18.7
18.6
18.7
18.7
18.6
18.6
18.6
18.6
18.6
18.6
18.7
18.7
18.7
18.7
18.7
18.7
18.6
18.6
18.6
18.6
18.6
18.6
18.6
18.6
18.6
18.7
18.7
18.7
18.6
18.6
18.6
18.6
18.6
18.6
18.6
18.6
18.6
18.6
18.6
18.6
18.6
18.6
18.6
18.6
18.6
18.6
18.6
18.7
18.6
18.6
18.6
18.6
18.6
18.6
18.6
18.6
18.6
18.6
18.6
18.6
18.6
18.5
18.6
18.6
18.6
18.6
18.6
18.6
18.6
18.6
18.6
18.6
18.5
18.5
18.6
18.6
18.5
18.6
18.6
18.6
18.6
18.5
18.5
18.5
18.6
18.6
18.5
18.6
18.6
18.5
18.5
18.5
18.6
18.6
18.6
18.6
18.5
18.6
18.6
18.5
18.5
18.5
18.6
18.6
18.6
18.6
18.5
18.6
18.6
18.7
18.7
18.7
18.7
18.6
18.7
18.7
18.7
18.6
18.6
18.6
18.6
18.6
18.6
18.6
18.6
18.6
18.6
18.6
18.5
18.6
18.6
18.6
18.6
18.6
18.6
18.6
18.6
18.6
18.6
18.6
18.6
18.6
18.6
18.6
18.6
18.6
18.6
18.6
18.6
18.6
18.6
18.6
18.6
18.6
18.6
18.6
18.6
18.6
18.6
18.6
18.6
18.7
18.6
18.6
18.6
18.6
18.6
18.6
18.6
18.6
18.6
18.6
18.5
18.6
18.6
18.5
18.6
18.6
18.6
18.6
18.6
18.6
18.6
18.6
18.6
18.6
18.6
18.6
18.6
18.6
18.6
18.6
18.6
18.6
18.6
18.6
18.6
18.6
18.5
18.6
18.6
18.6
18.6
18.5
18.6
18.5
18.6
18.5
18.5
18.5
18.5
18.6
18.6
18.6
18.6
18.6
18.6
18.5
18.6
18.6
18.5
18.6
18.6
18.5
18.5
18.5
18.6
18.6
18.6
18.6
18.5
18.6
18.6
18.5
18.5
18.5
18.6
18.6
18.6
18.6
18.5
18.6
18.6
18.6
18.6
18.6
18.6
18.5
18.6
18.6
18.6
18.7
18.6
18.6
18.6
18.6
18.6
18.6
18.6
18.6
18.6
18.6
18.6
18.6
18.7
18.7
18.7
18.6
18.7
18.6
18.6
18.6
18.6
18.6
18.6
18.6
18.6
18.6
18.6
18.6
18.6
18.6
18.6
18.6
18.6
18.6
18.6
18.6
18.6
18.6
18.6
18.6
18.6
18.7
18.7
18.7
18.7
18.6
18.7
18.6
18.6
18.6
18.6
18.6
18.6
18.6
18.6
18.6
18.6
18.6
18.6
18.6
18.6
18.6
18.6
18.6
18.6
18.6
18.6
18.6
18.6
18.6
18.6
18.6
18.6
18.6
18.6
18.6
18.6
18.6
18.5
18.6
18.6
18.6
18.6
18.6
18.6
18.5
18.6
18.6
18.6
18.6
18.5
18.6
18.6
18.6
18.6
18.6
18.7
18.6
18.6
18.6
18.6
18.6
18.6
18.6
18.6
18.6
18.6
18.6
18.6
18.6
18.6
18.6
18.6
18.6
18.6
18.6
18.6
18.6
18.6
18.6
18.6
18.6
18.6
18.6
18.6
18.5
18.6
18.5
18.6
18.6
18.5
18.6
18.6
18.7
18.7
18.6
18.8
18.7
18.7
18.7
18.7
18.7
18.6
18.7
18.6
18.6
18.6
18.6
18.6
18.6
18.6
18.6
18.6
18.6
18.6
18.6
18.6
18.6
18.6
18.6
18.6
18.6
18.6
18.6
18.6
18.6
18.6
18.6
18.6
18.6
18.6
18.6
18.6
18.6
18.6
18.6
18.6
18.5
18.6
18.6
18.6
18.6
18.5
18.6
18.6
18.6
18.6
18.6
18.6
18.6
18.6
18.6
18.6
18.5
18.5
18.6
18.6
18.6
18.6
18.5
18.6
18.6
18.5
18.5
18.5
18.6
18.6
18.5
