68.0
86.7
86.6
86.5
86.5
86.4
86.4
86.4
86.3
86.3
86.3
86.3
86.3
86.2
86.3
86.3
86.3
86.2
86.2
86.2
86.3
86.3
86.2
86.3
86.3
86.3
86.3
86.3
86.3
86.3
86.3
86.3
86.3
86.4
86.3
86.3
86.3
86.3
86.3
86.3
86.3
86.4
86.4
86.4
86.4
86.3
86.3
86.3
86.3
86.3
86.4
86.4
86.4
86.3
86.4
86.3
86.4
86.4
86.4
86.4
86.4
86.5
86.5
86.5
86.5
86.5
86.5
86.5
86.5
86.5
86.5
86.5
86.5
86.5
86.5
86.5
86.5
86.6
86.6
86.6
86.6
86.6
86.6
86.6
86.6
86.6
86.6
86.6
86.6
86.6
86.5
86.6
86.6
86.6
86.6
86.5
86.6
86.6
86.6
86.6
86.5
86.6
86.6
86.6
86.6
86.6
86.5
86.6
86.5
86.6
86.6
86.5
86.6
86.6
86.6
86.6
86.6
86.6
86.6
86.7
86.6
86.7
86.6
86.8
86.8
86.8
86.8
86.8
86.8
86.8
86.8
86.8
86.8
86.8
86.7
86.7
86.7
86.7
86.7
86.7
86.7
86.7
86.6
86.7
86.6
86.6
86.6
86.6
86.6
86.6
86.6
86.6
86.6
86.6
86.6
86.7
86.6
86.6
86.6
86.7
86.7
86.7
86.7
86.7
86.7
86.7
86.7
86.7
86.7
86.8
86.7
86.7
86.8
86.8
86.8
86.8
86.7
86.7
86.7
86.8
86.8
86.7
86.7
86.7
86.7
86.8
86.8
86.7
86.8
86.8
86.8
86.9
86.9
86.9
86.9
86.9
86.9
86.9
86.9
86.8
86.9
86.8
86.9
86.9
86.9
86.9
86.9
86.9
86.9
86.9
86.9
86.9
86.9
86.9
86.9
86.9
87.0
87.0
87.0
87.0
87.0
87.0
87.0
87.0
87.0
87.0
87.0
87.0
87.0
87.0
87.0
87.0
87.0
86.9
87.0
86.9
87.0
87.0
87.0
87.0
87.0
87.0
87.1
87.0
87.1
87.0
87.1
87.0
87.0
87.1
87.1
87.0
87.0
87.0
87.0
87.0
87.0
87.0
87.0
87.0
87.0
87.0
87.0
87.1
87.0
87.0
87.0
87.0
87.1
87.0
87.1
87.1
87.1
87.0
87.0
87.0
87.1
87.0
87.0
87.0
87.0
87.0
87.0
87.0
87.0
87.0
87.0
87.0
87.0
87.1
87.0
87.0
87.1
87.1
87.1
87.0
87.0
87.0
87.0
87.0
87.0
87.0
87.0
87.0
87.0
87.1
87.1
87.1
87.0
87.0
87.0
87.0
87.1
87.0
87.0
87.0
87.3
87.3
87.2
87.2
87.1
87.1
87.1
87.4
87.3
87.3
87.3
87.2
87.2
87.2
87.1
87.1
87.1
87.1
87.1
97.3
91.5
90.9
90.4
90.0
89.6
89.3
89.1
88.8
88.6
88.4
88.2
88.1
87.9
87.8
87.7
87.6
87.5
87.4
87.4
87.3
87.3
87.3
87.2
87.2
87.1
87.1
87.1
87.1
87.1
87.0
87.0
87.0
87.0
87.0
87.0
87.0
87.0
87.0
86.9
87.0
87.0
87.0
87.0
87.0
87.0
87.0
87.0
87.0
87.0
87.0
87.0
87.0
87.0
86.9
87.0
87.0
87.0
87.0
86.9
87.0
86.9
87.0
87.0
87.0
86.9
86.9
86.9
87.0
86.9
86.9
86.9
86.9
86.9
87.0
87.0
87.0
87.0
87.0
87.0
86.9
86.9
86.9
86.9
86.9
86.9
86.9
86.9
86.9
86.9
86.9
86.9
86.9
86.9
86.9
87.0
87.0
87.0
87.0
87.0
87.0
87.0
87.0
87.0
87.0
87.0
87.0
87.0
87.0
87.0
87.0
86.9
87.0
86.9
86.9
86.9
86.9
86.9
86.9
86.9
86.8
86.9
86.9
86.9
86.9
86.9
86.9
86.8
86.9
86.9
86.9
86.9
86.9
86.9
86.8
86.9
86.9
86.9
86.9
86.9
86.9
86.9
86.9
86.9
86.9
87.0
87.0
87.0
87.0
86.9
86.9
86.9
87.0
86.9
86.9
86.9
87.0
87.0
87.0
87.0
87.0
87.0
86.9
86.9
86.9
86.9
87.0
86.9
86.9
86.9
86.9
86.9
86.9
86.9
86.9
86.9
86.9
86.9
87.0
87.0
87.0
87.0
87.0
87.0
86.9
87.0
86.9
86.9
87.0
86.9
87.0
87.0
87.0
87.0
87.0
87.0
87.0
87.0
87.0
87.1
87.0
87.0
87.0
87.0
87.0
87.1
87.2
87.1
87.1
87.1
87.1
87.0
87.0
87.0
87.0
87.0
87.0
87.0
87.0
87.0
87.0
87.0
87.1
87.0
87.0
87.0
87.0
87.0
87.0
87.0
87.0
87.0
87.0
87.0
87.0
87.0
87.0
87.0
86.9
87.0
87.0
87.0
87.0
87.0
87.0
87.0
87.0
87.0
87.0
87.0
87.0
87.0
86.9
86.9
86.9
86.9
86.9
86.9
87.0
87.0
86.9
86.9
87.0
87.0
87.0
87.0
87.0
87.0
87.0
87.0
87.0
87.0
87.0
87.0
87.0
87.0
87.0
86.9
87.0
86.9
87.0
86.9
86.9
86.9
86.9
86.9
86.9
87.0
86.9
86.9
86.9
86.9
86.9
86.8
86.9
86.9
86.9
86.9
86.9
86.9
86.9
86.9
86.9
86.9
87.0
86.9
87.0
87.0
87.0
87.0
87.0
87.0
86.9
86.9
86.9
86.9
86.9
86.9
87.0
86.9
87.0
86.9
86.9
86.9
86.9
86.9
86.9
86.9
86.9
86.9
86.8
86.8
86.9
86.8
86.9
86.8
86.8
86.8
86.8
86.9
86.9
86.9
86.9
86.9
86.9
86.9
86.9
86.9
86.9
86.9
86.9
86.9
86.9
86.9
87.0
87.0
87.0
86.9
87.0
87.0
87.0
87.0
87.0
87.0
87.0
87.1
87.0
87.0
87.1
87.0
87.0
87.1
87.1
87.0
87.1
87.0
87.0
87.0
87.0
87.1
87.2
87.2
87.2
87.1
87.1
87.1
87.1
87.0
87.0
87.0
87.0
87.0
87.4
87.4
87.4
87.3
87.3
87.2
87.2
87.2
87.2
87.2
87.1
87.1
87.1
87.1
87.1
87.1
87.1
87.0
87.1
87.1
87.1
87.1
87.0
87.0
87.0
87.1
87.0
87.0
87.0
87.0
87.1
87.0
87.0
87.0
87.0
87.0
86.9
87.0
86.9
86.9
86.9
86.9
87.0
87.0
87.0
87.0
87.0
87.0
87.0
87.0
87.0
87.0
87.0
87.1
87.0
87.0
87.0
87.0
87.0
87.0
87.1
87.0
87.0
87.1
87.1
87.1
87.1
87.1
87.1
87.0
87.0
87.0
86.9
87.0
86.9
87.0
87.0
87.0
87.0
87.0
86.9
87.0
87.0
86.9
87.0
86.9
87.0
87.0
86.9
87.0
87.0
87.0
87.0
87.0
87.1
87.0
87.1
87.0
87.1
87.1
87.1
87.1
87.0
87.1
87.0
87.0
87.0
87.0
87.0
87.0
87.0
87.0
87.0
87.0
87.0
87.0
87.0
87.0
86.9
86.9
86.9
86.9
86.9
86.9
86.9
86.9
86.9
87.0
86.9
87.0
86.9
86.9
86.9
86.9
87.0
86.9
87.0
87.0
87.0
87.1
87.6
87.5
87.5
87.4
87.3
87.3
87.3
87.2
87.2
87.2
87.2
87.2
87.1
87.1
87.0
87.0
87.0
87.0
87.0
87.0
86.9
86.9
86.9
86.9
86.9
86.9
86.9
86.9
86.9
87.0
87.0
86.9
87.0
87.0
87.0
86.9
86.9
86.9
86.9
87.0
87.0
87.0
87.0
87.0
87.0
87.0
87.1
87.0
87.1
87.0
87.0
87.1
87.0
87.0
87.0
87.0
87.0
87.0
87.0
86.9
86.9
86.9
86.9
86.9
86.9
87.0
86.9
86.9
86.9
86.9
87.0
86.9
87.0
87.0
86.9
87.0
87.0
87.0
87.0
87.0
87.0
87.0
87.0
87.0
87.0
87.0
87.1
87.0
87.1
87.1
87.1
87.1
87.1
87.1
87.1
87.1
87.1
87.1
87.1
87.1
87.1
87.1
87.1
87.1
87.1
87.1
87.0
87.0
87.0
87.0
87.0
87.0
87.0
87.0
87.0
87.0
87.0
87.0
87.0
87.0
86.9
87.0
86.9
87.0
87.0
86.9
87.0
86.9
87.0
87.0
87.0
87.1
87.0
87.0
87.1
87.1
87.1
87.0
87.0
87.0
87.1
87.0
87.0
87.0
87.0
87.0
87.0
87.0
86.9
87.0
86.9
86.9
87.0
87.0
86.9
86.9
86.9
87.0
87.0
87.0
87.0
87.0
87.0
87.0
87.1
87.0
87.0
87.0
87.0
87.0
87.0
87.3
87.2
87.2
87.2
87.2
87.2
87.1
87.1
87.1
87.1
87.0
87.0
87.1
87.0
87.0
87.0
87.0
87.0
87.0
86.9
86.9
87.1
87.1
87.1
87.1
87.0
87.1
87.1
87.1
87.0
87.0
87.1
87.0
87.0
87.1
87.0
87.0
87.1
87.1
87.1
87.0
87.0
87.6
87.5
87.4
87.4
87.3
87.3
87.3
87.2
87.2
87.2
87.1
87.1
87.0
87.0
87.0
87.1
87.0
86.9
86.9
86.9
87.0
86.9
86.9
86.9
86.9
86.9
86.9
86.9
86.9
86.9
87.0
87.0
87.0
87.0
87.0
87.0
87.0
87.0
87.0
87.0
87.0
87.0
87.0
87.0
87.0
87.0
87.0
93.1
87.1
87.1
87.1
87.1
87.0
87.0
87.0
87.0
87.0
87.0
87.0
95.9
95.4
87.1
87.1
87.0
87.0
86.9
86.9
86.9
87.0
86.9
86.9
86.9
86.9
86.9
86.9
86.9
86.9
87.0
86.9
86.9
86.9
86.9
86.9
86.9
86.9
86.9
86.9
86.9
86.9
86.9
86.9
86.9
86.9
86.9
86.9
86.9
86.9
86.9
86.9
86.9
87.0
87.0
86.9
86.9
86.9
86.9
86.9
86.9
86.9
86.9
86.9
86.9
86.9
86.9
86.8
86.8
86.8
86.8
86.8
86.8
86.8
86.8
86.8
86.8
86.8
86.8
86.9
86.9
86.9
86.8
86.8
86.9
86.9
86.9
86.9
86.9
86.9
86.9
86.9
87.0
87.0
87.0
87.0
87.0
87.0
86.9
87.0
87.0
86.9
86.9
86.9
86.9
86.9
86.9
86.8
86.8
86.9
86.9
86.9
86.9
86.9
86.9
86.9
86.9
86.9
86.9
86.9
86.9
86.9
86.9
86.9
86.9
87.0
86.9
86.9
86.9
86.9
86.9
86.9
86.9
86.9
86.9
87.0
87.0
87.0
87.0
86.9
86.9
86.9
86.9
86.9
86.9
86.9
87.0
87.0
87.0
87.0
86.9
87.0
87.0
86.9
86.9
86.9
86.9
86.9
87.0
87.0
86.9
86.9
86.9
87.0
87.0
87.0
86.9
86.9
86.9
86.9
87.0
86.9
87.1
87.1
87.0
87.1
87.0
87.0
87.0
87.1
87.1
87.1
87.1
87.0
87.4
87.3
87.3
87.3
87.2
87.2
87.2
87.2
87.1
87.1
87.1
87.1
87.1
87.1
87.1
87.1
87.1
87.1
87.0
87.1
87.1
87.0
87.0
87.0
87.0
87.0
87.0
87.0
87.0
87.0
87.0
87.0
87.0
87.0
86.9
87.0
87.0
86.9
87.0
87.0
87.0
86.9
86.9
87.0
86.9
87.0
86.9
87.0
86.9
87.0
87.0
87.0
87.0
86.9
86.9
87.0
87.0
86.9
86.9
87.0
86.9
87.0
86.9
86.9
87.0
86.9
86.9
86.9
87.0
86.9
86.9
86.9
86.9
86.9
86.9
86.9
86.9
86.9
87.0
86.9
87.0
87.0
87.0
87.0
87.0
87.0
87.0
87.0
87.0
86.9
87.0
86.9
86.9
86.9
86.9
86.9
86.9
87.0
86.9
86.9
86.9
86.9
86.9
86.9
86.9
86.8
86.9
86.9
86.9
86.9
86.9
86.9
86.9
86.9
86.9
86.9
87.0
86.9
87.0
87.0
87.0
87.0
87.0
87.0
86.9
87.0
86.9
87.0
87.0
87.0
87.0
86.9
86.9
86.9
86.9
86.9
86.9
87.0
86.9
87.0
87.0
86.9
86.9
86.8
86.9
86.9
86.9
86.9
86.9
86.9
86.9
86.9
86.9
86.9
86.9
86.9
86.9
86.9
86.9
86.9
86.9
86.9
86.9
86.9
86.9
86.9
86.9
86.9
86.9
86.9
86.9
86.9
87.0
86.9
86.9
87.0
87.0
87.0
87.0
87.0
87.0
87.0
87.0
87.0
87.0
87.0
86.9
86.9
86.9
87.0
86.9
86.9
86.9
86.9
87.0
87.0
86.9
86.9
86.9
86.9
86.9
86.9
86.8
86.8
86.8
86.9
86.9
86.9
86.9
86.8
86.9
86.8
86.8
86.8
86.8
86.8
86.8
86.8
86.8
86.8
87.0
86.9
87.0
86.9
86.9
87.0
87.0
87.0
87.0
87.0
87.0
87.0
87.0
86.9
87.0
87.0
87.0
87.0
87.0
87.0
86.9
87.0
86.9
87.0
87.0
87.0
87.0
86.9
87.0
86.9
87.0
87.0
86.9
87.0
86.9
87.0
86.9
86.9
86.9
86.9
87.0
86.9
87.0
87.0
87.0
87.0
87.0
87.0
87.0
87.0
87.0
87.0
87.0
86.9
86.9
86.9
86.9
86.9
86.9
86.9
86.9
86.9
86.9
86.9
86.9
86.9
86.9
86.9
86.9
86.9
86.9
87.0
92.1
91.4
90.9
90.4
90.0
89.6
89.3
88.9
88.7
88.5
88.3
88.9
88.6
88.6
88.4
88.2
88.0
87.9
87.8
87.7
87.8
87.8
87.7
87.6
87.5
87.5
87.4
87.3
87.2
87.2
87.1
87.1
95.4
86.9
86.9
86.9
86.9
86.9
86.9
86.9
86.8
86.9
86.9
86.9
86.9
86.9
86.9
86.9
86.9
86.9
86.9
86.9
86.9
86.9
86.9
86.9
86.9
86.9
86.9
86.9
87.0
87.0
87.0
87.0
87.0
87.0
87.0
87.0
86.9
87.0
87.0
86.9
86.9
87.1
87.1
87.1
87.1
87.1
87.0
87.0
87.0
87.0
87.0
86.9
87.0
86.9
86.9
86.9
87.0
87.0
87.0
87.0
87.0
95.2
87.3
87.2
87.2
87.1
87.1
87.1
87.1
87.1
87.1
87.1
87.0
87.0
87.1
87.1
87.1
87.1
87.1
87.1
87.1
87.0
87.0
87.0
86.9
87.0
87.0
87.0
87.0
87.0
87.0
87.0
87.0
87.0
87.0
87.0
87.0
87.0
87.0
87.0
87.0
87.0
87.1
87.1
87.1
87.1
87.1
87.1
87.1
87.1
87.1
87.1
87.1
87.1
87.1
87.1
87.2
87.1
87.1
87.1
87.1
87.2
87.1
87.2
87.1
87.1
87.1
87.1
87.1
87.1
87.1
87.1
87.1
87.1
87.1
87.2
87.1
87.1
87.0
87.0
87.1
87.1
87.1
87.1
87.1
87.1
87.1
87.0
87.0
87.0
87.0
87.0
87.0
87.1
87.1
87.1
87.1
87.0
87.0
87.1
87.1
87.1
87.0
87.1
87.4
97.7
87.1
87.0
87.0
87.0
87.0
87.0
87.0
87.0
86.9
87.0
99.4
98.9
86.9
86.9
86.9
86.9
86.9
87.0
87.0
87.0
87.0
87.0
87.0
87.0
87.0
87.0
87.0
87.0
87.0
87.0
86.9
86.9
86.9
87.0
87.0
87.1
87.0
87.1
87.1
87.0
87.0
87.0
87.0
87.0
87.0
87.0
87.0
87.0
87.0
87.0
87.0
87.0
87.0
87.0
87.0
87.0
86.9
86.9
86.9
87.0
86.9
86.9
86.9
86.9
86.9
86.9
87.0
86.9
86.9
86.9
86.9
86.9
86.9
86.9
86.9
87.0
86.9
86.9
87.0
87.0
87.0
87.0
87.0
87.0
87.0
87.0
86.9
87.0
86.9
86.9
86.9
86.9
86.9
86.9
86.9
86.9
86.9
86.9
86.9
86.8
86.8
86.8
86.9
86.9
86.9
86.8
86.9
86.9
86.9
86.9
86.9
86.9
86.9
86.9
86.9
86.9
86.9
86.9
86.9
86.9
86.9
86.9
87.0
87.0
87.0
87.0
87.0
87.0
87.0
87.0
87.0
86.9
87.0
86.9
86.9
86.9
86.9
86.9
86.9
87.0
87.0
87.0
87.0
86.9
86.9
86.9
87.0
86.9
86.9
86.9
86.9
87.0
86.9
86.9
86.9
86.9
87.0
86.9
87.0
86.9
87.0
87.0
86.9
87.0
87.0
87.0
87.0
87.0
87.1
87.0
87.1
87.0
87.1
87.0
87.1
87.1
87.0
87.0
87.0
87.0
87.0
87.0
87.0
87.0
87.0
87.0
87.0
87.0
86.9
87.0
86.9
86.9
86.9
86.9
86.9
86.9
86.9
86.9
86.9
87.0
86.9
87.0
86.9
86.9
86.9
87.0
86.9
87.0
87.0
86.9
87.0
87.0
87.0
87.1
87.1
87.1
87.0
87.1
87.1
87.1
87.1
87.0
87.1
87.0
87.0
87.0
87.0
87.0
87.0
87.0
87.0
87.0
87.0
87.0
87.0
87.0
87.0
87.0
87.0
87.0
87.0
87.0
87.0
87.0
87.0
87.1
87.1
87.1
88.2
88.0
87.8
