61.3
87.5
87.3
87.3
87.3
87.2
87.2
87.1
87.1
87.0
87.0
87.0
87.0
87.0
87.0
87.0
86.9
87.0
87.0
87.0
87.2
87.2
87.2
87.1
87.1
87.0
87.0
87.0
86.9
86.9
86.8
86.9
86.9
86.9
86.8
86.8
86.9
86.9
86.8
86.8
86.8
86.8
86.8
86.7
86.7
86.7
86.7
86.6
86.7
86.7
86.7
86.7
86.6
86.6
86.6
86.5
86.6
86.6
86.6
86.6
86.6
86.6
86.6
86.7
86.6
86.6
86.6
86.7
86.7
86.6
86.7
86.6
86.6
86.6
86.6
86.7
86.6
86.6
86.6
86.6
86.6
86.7
86.8
86.8
86.8
86.8
86.8
86.8
86.8
86.8
86.8
86.8
86.8
86.9
86.9
86.9
87.0
87.0
87.0
87.0
87.0
87.0
87.0
87.6
93.6
87.3
87.2
87.2
87.2
87.1
87.1
87.1
87.1
87.0
87.0
87.0
87.0
87.0
86.9
87.0
86.9
86.9
86.9
86.9
86.9
86.9
87.0
87.1
87.1
87.1
87.0
87.0
87.1
87.1
87.1
87.0
87.0
87.1
87.0
87.0
87.1
87.0
87.0
87.0
87.0
87.0
87.0
87.0
87.0
87.0
87.0
87.2
87.2
87.2
87.1
87.1
87.1
87.1
87.2
87.2
87.2
87.2
87.2
87.2
87.2
87.3
87.2
87.2
87.2
87.2
87.2
87.1
87.1
87.1
87.1
87.1
87.1
87.2
87.1
87.1
87.1
87.1
87.1
87.1
87.0
87.0
87.1
87.1
87.1
87.1
87.1
87.1
87.1
87.2
87.2
87.2
87.2
87.2
87.3
87.2
87.2
87.2
87.1
87.2
87.1
87.1
87.1
87.1
87.1
87.1
87.1
87.0
87.0
87.0
87.0
87.0
87.0
87.1
87.1
87.1
87.1
87.1
87.1
87.2
87.2
87.2
87.2
87.2
87.3
87.3
87.3
87.3
87.3
87.4
87.4
87.4
87.4
87.4
87.5
87.5
87.5
87.5
87.5
87.5
87.5
87.5
87.5
87.5
87.5
87.5
87.5
87.5
87.5
87.4
87.4
87.3
87.3
87.3
87.3
87.3
87.2
87.3
87.2
87.2
87.2
87.2
87.2
87.2
87.3
87.2
87.2
87.2
87.3
87.3
87.2
87.3
87.3
87.3
87.3
87.4
87.4
87.4
87.4
87.4
87.5
87.5
87.5
87.5
87.5
87.5
87.5
87.5
87.5
87.4
87.4
87.4
87.4
87.4
87.4
87.4
87.4
87.4
87.4
87.4
87.3
87.4
87.4
87.4
87.5
87.4
87.4
87.4
87.4
87.4
87.4
87.4
87.4
87.4
87.4
87.4
87.4
87.4
87.4
87.4
87.4
87.4
87.4
87.4
87.4
87.4
87.4
87.4
87.4
87.4
87.4
87.4
87.4
87.5
87.5
87.5
87.5
87.5
87.5
87.5
87.6
87.5
87.5
87.5
87.5
87.5
87.6
87.6
87.6
87.6
87.6
87.6
87.6
87.7
87.6
87.6
87.6
87.5
87.5
87.4
87.5
87.5
87.5
87.5
87.5
87.5
87.6
87.6
87.6
87.6
87.6
87.6
87.6
87.6
87.6
87.6
87.6
87.6
87.6
87.6
87.6
87.5
87.6
87.5
87.5
87.5
87.4
87.4
87.4
87.4
87.4
87.4
87.4
87.4
87.4
87.4
87.5
87.5
87.5
87.4
87.4
87.5
87.4
87.4
87.5
87.5
87.5
87.5
87.5
87.5
87.6
87.6
87.6
87.6
87.7
87.7
87.6
87.6
87.7
87.6
87.6
87.6
87.6
87.7
87.7
87.7
87.6
87.6
87.7
87.6
87.6
87.7
87.7
87.7
87.6
87.6
87.8
87.8
87.8
87.8
87.8
87.8
87.7
87.7
87.7
87.7
87.6
87.6
87.6
87.6
87.6
87.6
87.6
87.6
87.6
87.6
87.6
87.6
87.6
87.6
87.6
87.6
87.5
87.5
87.5
87.5
87.5
87.5
87.5
87.5
87.5
87.5
87.5
87.5
87.5
87.5
87.5
87.5
87.5
87.5
87.4
87.5
87.5
87.5
87.6
87.6
87.5
87.5
87.5
87.9
87.8
87.8
87.8
87.8
87.7
87.7
87.7
87.7
87.7
87.7
87.6
87.6
87.6
87.6
87.6
87.6
87.6
87.6
87.5
87.6
87.6
87.6
87.6
87.6
87.6
87.6
87.6
87.5
87.5
87.6
87.6
87.5
87.5
87.5
87.5
87.5
87.5
87.5
87.5
87.5
87.6
87.6
87.6
87.5
87.5
87.5
87.5
87.5
87.5
87.5
87.5
87.5
87.6
87.6
87.6
87.6
87.6
87.6
87.5
87.5
87.5
87.6
87.6
87.5
87.5
87.5
87.5
87.5
87.5
87.5
87.5
87.5
87.5
87.5
