63.2
63.2
63.3
63.3
63.3
63.3
63.4
63.3
63.4
63.3
63.4
63.4
63.4
63.4
63.4
63.4
63.6
63.6
63.5
63.5
63.5
63.5
63.6
63.5
63.5
63.5
63.5
63.5
63.9
63.8
63.8
63.7
63.7
63.7
63.7
63.7
63.6
63.6
63.6
63.5
63.5
63.5
63.5
63.5
63.5
63.5
63.5
63.5
63.5
63.5
69.4
63.6
63.6
63.6
63.9
64.2
64.2
64.1
64.0
64.0
63.9
63.9
63.9
63.9
63.9
63.8
63.8
63.8
63.8
63.8
63.8
63.8
63.7
63.7
63.7
63.7
63.6
63.6
63.6
63.6
63.6
63.7
63.6
63.6
63.7
63.6
63.7
63.6
63.7
63.6
63.6
63.6
63.7
63.7
63.7
63.7
63.7
63.7
63.7
63.7
63.7
63.7
63.7
63.7
63.7
63.7
64.1
64.0
64.0
64.0
63.9
63.9
63.9
63.9
63.9
63.9
63.9
63.9
63.9
63.9
63.9
63.9
63.9
63.9
63.9
63.9
63.8
63.9
63.8
63.9
63.8
63.8
63.8
64.3
74.4
68.0
68.0
67.5
67.0
66.5
66.2
65.9
65.7
65.4
65.4
65.2
65.0
64.8
64.7
64.5
64.4
64.4
64.3
64.2
64.9
71.3
63.6
63.6
63.6
63.6
63.7
63.6
63.6
63.6
63.6
63.6
63.6
63.6
63.6
63.6
63.6
63.7
63.7
63.6
63.7
63.7
63.7
63.7
63.8
63.8
64.3
69.6
69.0
68.4
67.8
67.3
66.9
66.5
66.2
65.8
65.6
65.4
65.2
65.0
64.9
64.7
64.6
64.5
64.4
64.3
64.2
64.2
64.2
64.1
64.1
64.2
64.1
64.0
64.0
64.0
63.9
63.9
63.9
63.9
63.9
63.8
63.8
63.8
63.8
63.8
63.8
63.8
63.7
63.8
63.8
63.7
63.7
63.7
63.7
63.7
63.8
63.7
63.7
63.7
63.7
63.7
63.8
63.8
63.7
63.7
63.7
63.9
63.8
63.9
70.1
63.8
63.7
63.8
63.8
63.9
63.9
63.9
63.9
63.9
63.9
63.8
63.9
63.9
63.9
64.0
64.2
64.2
64.2
64.1
64.1
64.1
64.1
64.0
64.0
64.0
