5.8
12.4
12.9
13.5
13.9
14.3
14.8
15.1
15.4
15.7
15.8
16.0
16.2
16.4
16.5
16.6
16.8
16.8
16.9
17.0
17.1
17.1
17.1
17.2
17.2
17.3
17.3
17.3
17.3
17.3
17.3
17.4
17.4
17.4
17.4
17.4
17.4
17.4
17.4
17.4
17.5
17.4
17.5
17.4
17.5
17.4
17.5
17.5
17.5
17.5
17.5
17.4
17.5
17.4
17.4
17.5
17.5
17.5
17.5
17.4
17.4
17.4
17.5
17.5
17.5
17.5
17.4
17.5
17.5
17.5
17.5
17.5
17.5
17.5
17.5
17.5
17.5
17.6
17.6
17.5
17.6
17.6
17.6
17.6
17.6
17.5
17.6
17.5
17.6
17.6
17.6
17.6
17.5
17.5
17.6
17.6
17.6
17.5
17.5
17.6
17.6
17.5
17.5
17.5
17.6
17.5
17.6
17.6
17.6
17.6
17.5
17.5
17.6
17.5
17.6
17.5
17.6
17.5
17.5
17.6
17.6
17.5
17.5
17.6
17.6
17.5
17.5
17.6
17.6
17.6
17.6
17.6
17.6
17.5
17.5
17.6
17.6
17.5
17.6
17.5
17.6
17.6
17.6
17.6
17.6
17.5
17.5
17.6
17.6
17.6
17.5
17.5
17.5
17.6
17.5
17.5
17.6
17.5
17.6
17.6
17.6
17.6
17.5
17.5
17.6
17.6
17.6
17.6
17.6
17.6
17.6
17.5
17.5
17.6
17.5
17.6
17.5
17.6
17.6
17.6
17.6
17.5
17.5
