43.6
58.7
58.9
59.1
59.3
59.5
59.7
59.8
60.0
60.1
60.2
60.3
60.3
60.4
60.5
60.5
60.6
60.6
60.6
60.7
60.7
60.8
60.7
60.8
60.8
60.7
60.8
60.8
60.7
60.8
60.7
60.8
60.8
60.8
60.8
60.8
60.8
60.8
60.8
60.7
60.8
67.1
60.9
60.8
60.8
60.8
60.8
60.8
60.9
60.8
60.8
60.8
60.8
60.8
60.8
60.8
60.8
60.9
60.9
60.8
60.9
60.9
60.8
60.8
60.9
60.9
60.9
60.9
60.9
60.9
61.0
60.9
60.9
60.9
60.9
60.9
60.9
60.9
61.0
61.0
61.0
61.0
60.9
61.4
61.4
61.3
61.4
61.3
61.2
61.2
61.2
61.2
61.1
61.1
61.1
61.0
61.1
61.0
61.0
61.0
61.0
61.0
61.0
61.0
61.0
61.0
61.0
61.1
61.2
61.2
61.2
61.2
61.2
61.2
61.2
61.2
61.1
61.2
61.2
67.4
61.1
61.1
61.0
61.0
61.1
61.1
61.0
61.0
61.0
68.2
61.1
61.0
61.1
61.0
61.1
61.1
61.1
61.0
61.1
61.1
