15.1
15.5
15.8
16.1
16.4
16.7
16.9
17.0
17.2
17.4
17.5
17.7
17.8
17.9
18.0
18.1
18.2
18.3
18.3
18.4
18.4
18.4
18.5
18.5
18.5
18.5
18.5
18.5
18.6
18.6
18.7
18.7
18.7
18.7
18.7
18.8
18.8
18.8
18.8
18.8
18.8
18.8
18.8
18.8
18.8
18.8
18.8
18.8
18.8
18.7
18.7
18.8
18.9
18.8
18.8
18.8
18.8
18.8
18.8
18.8
18.8
18.8
18.8
18.8
18.8
18.8
18.8
18.8
18.8
18.8
18.8
18.8
18.8
18.8
18.8
18.7
18.8
18.8
18.8
18.7
18.8
18.8
18.8
18.7
18.8
18.7
18.8
18.8
18.7
18.8
18.8
18.8
18.8
18.7
18.7
18.8
18.8
18.8
18.7
18.8
18.7
18.8
18.8
18.8
18.8
18.8
18.8
18.8
18.8
18.8
18.8
18.7
18.7
18.8
18.8
18.8
18.8
18.8
18.8
18.8
18.8
18.8
18.8
18.8
18.8
18.8
18.8
18.7
18.8
18.8
18.7
18.8
18.8
18.7
18.8
18.8
18.8
18.7
18.8
18.7
18.7
18.7
18.7
18.8
18.7
18.7
18.8
18.7
18.8
18.8
18.8
18.8
18.7
18.7
18.8
18.8
18.8
18.8
18.7
18.8
18.7
18.8
18.7
18.7
18.7
18.7
18.7
18.7
18.7
18.7
18.7
18.7
18.7
18.8
18.9
18.8
18.8
18.8
18.8
18.8
18.7
18.8
18.8
18.8
18.8
18.7
18.8
18.8
18.7
18.7
18.7
18.8
18.7
18.8
18.7
18.7
18.7
18.7
18.7
18.8
18.8
18.7
18.7
18.7
18.7
18.7
18.8
18.7
18.7
18.7
18.7
18.7
18.7
18.7
18.7
18.7
18.7
18.7
18.7
18.8
18.7
18.7
18.7
18.7
18.8
18.8
18.7
18.7
18.7
18.7
18.7
18.7
18.7
18.7
18.7
18.8
18.7
18.8
18.7
18.7
18.7
18.7
18.7
18.7
18.7
18.7
18.7
18.7
18.8
18.7
18.7
18.7
18.7
18.8
18.8
18.8
18.7
18.7
18.8
18.8
18.8
18.7
18.7
18.7
18.7
18.8
18.7
18.7
18.7
18.8
18.8
18.8
18.8
18.7
18.8
18.7
18.7
18.8
18.7
18.7
18.7
18.7
18.7
18.7
18.8
18.8
18.8
18.8
18.8
18.8
18.8
18.8
18.8
18.8
18.7
18.7
18.7
18.7
18.7
18.7
18.7
18.7
18.7
18.7
18.7
18.8
18.8
18.8
18.7
18.7
18.8
18.7
18.7
18.7
18.7
18.7
18.7
18.7
18.7
18.7
18.7
18.7
18.7
18.7
18.7
18.7
18.7
18.7
18.7
18.7
18.7
18.7
18.7
18.7
18.7
18.7
18.7
18.7
18.7
18.7
18.7
18.7
18.7
18.7
18.7
18.7
18.7
18.7
18.7
18.7
18.7
18.7
18.7
18.7
18.7
18.7
18.7
18.8
18.7
18.8
18.7
18.7
18.8
18.7
18.8
18.7
18.7
18.7
18.7
18.7
18.7
18.7
18.7
18.7
18.7
18.8
18.7
18.8
18.7
18.7
18.7
18.7
18.7
18.7
18.7
18.8
18.8
18.8
18.8
18.8
18.8
18.8
18.8
18.8
18.7
18.8
18.7
18.7
18.7
18.7
18.8
18.7
18.8
18.7
18.7
18.8
18.7
18.7
18.8
18.7
18.7
18.7
18.7
18.7
18.7
18.7
18.7
18.8
18.8
18.8
18.8
18.8
18.8
18.7
18.8
18.7
18.8
18.7
18.7
18.7
18.7
18.8
18.8
18.7
18.7
18.7
18.7
18.7
18.7
18.8
18.7
18.7
18.8
18.7
18.7
18.7
18.7
18.7
18.7
18.7
18.7
18.7
18.7
18.7
18.7
18.7
18.7
18.7
18.8
18.7
18.7
18.8
18.8
18.8
18.7
18.7
18.7
18.7
18.7
18.7
18.7
18.7
18.8
18.8
18.8
18.8
18.7
18.7
18.7
18.7
18.7
18.7
18.7
18.7
18.7
18.7
18.7
18.7
18.8
18.7
18.8
18.7
18.7
18.8
18.8
18.9
18.9
18.8
18.8
18.8
18.8
18.8
18.8
18.8
18.8
18.8
18.8
18.8
18.8
18.8
18.8
18.8
18.8
18.8
18.7
18.8
18.7
18.7
18.8
18.7
18.7
18.8
18.7
18.7
18.7
18.8
18.8
18.7
18.7
18.7
18.7
18.7
18.7
18.8
18.7
18.7
18.8
18.7
18.7
18.7
18.7
18.7
18.7
18.7
18.8
18.7
18.8
18.7
18.7
18.7
18.7
18.7
18.7
18.7
18.7
18.7
18.7
18.8
18.7
18.7
18.8
18.7
18.7
18.7
18.7
18.7
18.7
18.8
18.8
18.8
18.8
18.8
18.7
18.8
18.7
18.7
18.8
18.7
18.7
18.7
18.7
18.7
18.7
18.7
18.8
18.7
18.7
18.7
18.7
