43.7
64.6
64.0
54.2
60.3
59.9
68.6
68.1
67.9
58.6
64.6
64.0
64.4
64.4
64.7
58.4
68.2
60.9
61.0
66.9
66.4
66.2
57.8
58.4
58.6
58.6
58.4
58.0
58.5
58.9
58.5
67.6
60.3
60.2
60.2
60.7
60.4
59.9
60.3
68.6
57.2
57.4
57.2
57.5
57.8
58.1
63.8
63.4
63.1
62.7
62.3
62.2
61.9
61.8
62.3
61.7
61.4
52.4
52.9
53.4
54.0
54.1
61.1
61.1
60.8
60.7
60.4
54.9
55.4
62.1
61.8
61.9
61.4
61.4
55.9
65.3
64.9
54.9
55.2
55.5
63.6
63.2
62.8
57.6
57.4
57.5
57.3
57.5
57.0
57.4
57.5
57.6
58.2
57.8
64.9
65.0
64.9
55.3
55.4
63.8
70.5
59.4
59.0
59.0
59.4
59.1
59.7
59.7
59.4
59.4
59.8
59.9
59.3
58.8
66.7
66.7
57.6
57.8
57.8
57.9
57.5
57.8
58.1
58.5
58.7
58.4
58.2
57.9
58.0
58.6
59.0
64.6
58.8
58.4
58.1
57.8
67.6
59.2
66.9
67.0
61.5
56.3
55.8
55.9
56.3
56.3
62.4
61.7
73.6
60.1
59.8
64.9
65.2
59.2
59.3
59.4
59.1
58.8
59.1
59.6
59.6
59.5
59.1
58.8
58.6
58.1
58.3
57.8
57.7
63.0
62.6
62.3
62.1
56.7
57.3
57.2
66.5
56.7
57.3
57.7
65.3
59.7
59.9
59.4
59.2
58.8
58.7
58.8
58.7
58.8
58.5
58.7
58.4
58.5
58.2
58.4
58.6
58.9
58.7
59.1
59.2
59.0
58.6
58.8
59.1
59.7
59.3
58.9
58.7
66.1
66.1
65.6
55.7
55.6
61.9
61.5
54.2
53.9
54.3
64.0
58.4
58.4
59.0
65.5
65.1
57.6
57.4
57.1
56.9
56.5
56.8
64.4
56.1
55.7
61.1
55.5
56.1
56.2
56.5
66.1
71.7
54.7
55.1
60.5
60.7
60.7
60.5
60.4
60.0
60.1
60.6
60.0
59.9
60.2
59.9
59.7
59.1
58.7
58.6
58.7
74.6
59.4
59.1
58.8
76.7
56.3
66.1
56.1
66.5
57.6
63.6
63.0
63.0
62.4
62.1
62.1
62.2
62.3
62.0
62.0
61.7
55.5
55.6
56.2
63.0
62.5
57.4
57.5
57.1
57.5
57.4
57.9
58.3
58.0
64.2
57.2
57.1
56.8
57.0
56.8
57.0
57.3
57.1
64.0
63.7
56.9
57.3
68.8
59.4
59.6
65.7
60.1
59.6
59.4
58.8
58.8
59.0
59.0
59.3
59.8
59.8
59.4
70.7
54.7
68.0
58.8
65.1
64.8
59.7
59.5
59.4
59.8
68.8
59.0
59.0
59.6
59.8
60.1
69.6
57.2
64.9
55.5
56.0
55.9
56.2
56.6
57.2
57.5
58.3
