62.6
56.5
56.7
72.6
56.7
62.6
62.2
56.1
55.9
56.5
63.8
64.0
63.7
63.3
63.0
63.2
62.7
62.7
55.7
56.3
63.8
63.9
57.8
58.2
69.8
60.5
60.8
60.8
61.1
53.6
61.9
62.2
56.9
56.5
56.4
56.6
56.8
57.0
57.2
57.5
65.9
58.8
58.6
58.5
68.4
57.2
56.9
57.1
57.2
57.2
57.4
57.6
66.1
58.6
58.6
58.3
68.2
68.1
58.6
58.8
58.5
58.7
67.1
67.5
67.5
61.3
67.6
68.2
55.5
55.7
55.9
66.3
65.8
65.5
65.3
55.5
55.9
67.8
59.0
59.3
59.2
58.9
58.6
58.9
58.3
58.2
57.9
58.2
58.8
59.2
59.6
59.9
59.9
59.6
59.3
65.5
65.0
55.1
55.0
61.1
66.3
58.8
67.1
66.6
61.5
55.7
55.6
56.0
56.3
56.4
56.5
65.7
57.4
57.6
57.9
64.6
64.0
56.7
56.9
57.2
66.7
58.4
58.4
58.3
58.8
59.4
73.2
65.5
65.8
55.5
55.8
56.1
56.5
56.5
62.4
61.8
67.6
59.2
59.4
58.9
70.9
60.5
60.3
60.2
60.3
60.0
59.9
69.2
57.4
57.4
57.7
63.4
63.1
62.8
62.7
62.3
62.1
62.6
62.4
62.5
62.0
61.6
61.9
61.7
61.7
54.9
55.1
55.4
55.6
55.6
66.1
65.5
65.8
65.2
64.7
64.5
56.5
56.9
56.9
57.4
57.4
57.3
56.9
57.5
57.3
57.6
63.4
62.9
57.2
57.4
57.8
57.6
57.5
62.6
62.2
61.6
71.5
61.3
61.2
61.3
61.8
62.0
70.1
69.6
61.7
61.2
60.7
60.6
60.9
60.7
54.5
54.8
55.2
55.5
55.7
60.9
60.5
60.2
59.9
59.7
54.2
54.3
61.9
61.5
62.1
62.1
55.5
65.7
56.3
56.3
61.9
61.6
69.2
55.1
55.4
55.4
63.2
54.9
61.9
71.1
70.5
64.2
56.1
56.7
64.4
64.3
59.2
59.3
59.5
59.1
59.3
65.1
64.4
53.4
53.9
54.5
54.7
55.3
55.5
55.8
56.0
56.6
56.5
57.1
65.9
57.4
63.8
64.2
58.6
58.1
58.3
63.6
63.7
54.2
67.1
66.6
67.0
56.7
56.9
62.8
63.3
63.0
62.3
62.6
70.3
58.6
64.2
57.6
57.9
58.1
57.6
57.8
57.8
57.8
58.3
58.2
58.8
59.4
59.2
59.1
59.0
58.8
66.5
59.4
59.8
59.9
59.8
59.8
60.1
60.1
60.0
54.5
68.6
68.1
67.5
67.0
66.8
