51.3
58.2
66.3
58.6
58.1
57.6
58.1
57.7
57.6
57.4
57.5
57.3
56.8
65.1
59.0
59.1
59.6
59.4
59.1
58.9
58.8
59.0
58.8
58.7
59.2
69.8
57.8
57.9
57.8
57.9
57.8
57.8
57.9
57.9
57.6
57.8
57.9
58.3
58.5
58.3
58.3
58.3
52.2
52.6
64.0
64.1
64.0
55.3
55.1
55.4
55.8
62.6
57.4
57.5
58.0
57.7
57.7
57.9
58.1
57.7
57.5
57.7
58.0
57.7
64.4
57.6
57.8
57.4
57.9
65.9
65.3
57.6
57.7
52.0
64.4
56.1
71.1
56.1
56.7
56.5
56.7
56.6
56.5
56.0
56.0
56.0
56.6
56.7
66.3
65.9
58.0
58.0
66.9
52.4
57.6
57.5
57.6
57.4
57.1
57.1
56.9
62.1
61.7
61.2
60.9
61.2
60.9
60.5
55.3
55.9
56.4
56.9
62.1
61.8
61.3
55.5
55.8
56.4
56.4
63.8
63.4
69.8
61.1
60.9
61.2
60.7
60.1
60.0
59.8
59.6
59.2
59.4
59.0
59.2
59.5
59.3
59.0
59.2
59.0
59.1
53.0
60.1
60.5
60.1
59.9
59.5
58.9
58.9
59.1
64.2
64.8
57.4
57.3
57.4
57.4
57.5
57.4
57.7
69.0
59.2
58.7
58.6
58.8
53.6
53.9
54.2
67.6
56.7
56.5
56.5
56.4
56.5
56.1
56.5
56.3
56.6
69.0
58.0
63.8
55.9
61.1
61.6
55.3
55.3
63.4
68.6
60.9
60.4
60.1
66.1
65.7
65.7
58.0
58.6
58.6
58.4
57.9
58.0
58.0
58.6
65.3
57.4
57.5
62.6
56.9
56.7
57.1
63.2
56.9
57.3
57.1
57.3
57.8
57.6
58.0
57.8
57.5
57.2
57.1
56.9
57.3
65.3
64.6
55.3
55.4
55.9
56.0
56.5
56.5
67.6
67.2
57.8
57.8
65.7
60.5
60.2
60.4
60.3
60.1
54.9
55.2
55.4
55.4
56.0
56.4
56.8
56.9
57.1
57.0
57.3
65.3
65.0
64.8
65.0
65.0
58.8
58.7
53.4
60.7
60.7
69.2
59.0
59.3
59.3
59.4
66.5
59.2
59.0
59.0
59.5
59.4
59.8
54.0
54.0
60.5
59.9
65.3
58.0
57.5
57.5
57.7
57.8
57.8
58.0
58.2
57.7
57.5
57.6
57.7
57.7
58.0
58.7
58.8
58.5
58.2
