62.4
62.3
62.2
62.3
62.3
62.2
62.2
62.1
62.1
62.1
62.1
62.1
62.4
73.2
62.6
62.5
62.4
62.3
62.3
62.8
62.7
62.6
62.6
62.5
62.6
68.2
61.7
62.1
62.7
62.6
62.5
62.5
62.5
62.4
62.3
62.2
62.1
62.1
62.1
62.0
62.0
62.0
62.0
62.0
61.9
61.9
61.9
61.9
61.9
61.9
61.9
61.9
61.9
61.9
61.8
61.8
61.8
61.8
61.8
61.8
61.7
61.7
61.7
61.8
61.8
61.8
61.8
61.8
61.9
61.9
61.9
61.9
62.0
62.0
62.0
62.0
61.9
61.9
61.9
61.9
61.8
61.9
61.9
61.8
61.8
61.8
61.8
61.8
61.8
61.8
61.8
61.8
61.8
61.8
61.7
61.8
61.8
61.8
61.8
61.8
61.8
61.8
61.8
61.8
61.9
61.9
62.1
62.0
62.0
62.0
62.0
62.2
62.3
62.5
62.5
62.4
62.4
62.3
68.6
68.5
62.1
62.0
62.0
62.0
62.0
62.0
62.0
62.0
62.0
62.0
62.0
62.0
62.0
62.0
62.0
62.0
62.2
62.1
62.1
62.1
62.0
62.1
62.1
62.0
62.0
62.0
62.0
62.0
62.0
62.0
61.9
61.9
61.9
61.9
61.9
61.9
61.9
61.9
61.9
61.9
61.9
61.9
61.9
62.0
62.0
62.0
62.0
62.0
62.0
62.0
62.0
62.0
62.0
62.0
62.1
62.0
62.0
62.1
62.1
62.0
62.1
62.1
62.1
62.1
62.1
62.1
62.1
62.1
62.0
62.0
62.1
62.1
62.1
62.6
62.6
62.5
62.5
62.4
62.5
63.1
63.0
62.9
62.9
62.8
62.8
62.7
62.6
62.9
62.8
62.7
62.6
62.8
62.7
62.6
62.5
62.5
62.4
62.4
62.4
62.3
62.4
62.3
62.3
62.3
62.3
62.3
62.3
62.3
62.3
62.3
62.2
62.2
62.2
62.2
62.2
62.2
62.1
62.1
62.1
62.1
62.1
62.1
62.1
62.1
62.1
62.1
62.1
62.1
62.1
62.1
62.1
62.1
62.0
62.1
62.1
62.1
62.1
62.1
62.1
62.1
62.1
62.1
62.1
62.1
62.1
62.2
62.2
62.1
62.2
62.1
62.2
62.2
62.1
62.1
62.1
62.1
62.1
62.1
62.1
62.1
62.1
62.1
62.1
62.2
62.2
62.2
62.2
62.2
62.2
62.2
62.3
62.3
62.3
62.3
62.2
62.3
62.2
62.3
62.2
62.7
62.9
