62.4
62.5
68.2
61.5
61.4
61.4
61.4
61.3
68.8
61.3
61.3
61.3
61.2
61.2
61.3
61.4
61.3
61.3
61.2
61.3
61.3
61.3
61.3
61.2
61.2
61.2
61.3
61.3
61.3
61.4
61.8
61.7
61.7
61.7
61.6
61.6
66.7
60.9
60.9
61.0
61.0
61.0
61.0
61.1
61.1
61.3
61.2
61.3
61.3
61.3
67.8
61.5
61.4
61.4
61.4
61.6
61.8
61.8
61.8
61.7
61.6
61.6
61.5
61.6
61.6
61.5
61.5
61.5
61.5
61.5
61.5
61.4
61.6
61.6
61.6
61.8
61.7
61.6
61.8
61.7
61.6
61.6
61.6
61.6
61.6
61.6
61.5
61.5
61.5
61.5
61.5
61.5
61.4
61.5
61.5
61.4
61.5
61.4
61.5
61.6
61.6
61.6
61.6
61.6
61.6
61.5
61.6
61.6
61.7
61.7
61.6
61.7
61.6
61.6
61.7
61.7
61.6
61.7
61.7
61.7
61.7
61.6
61.8
61.9
61.8
61.7
61.8
61.8
61.7
61.9
61.8
61.8
61.8
61.8
61.7
61.8
61.7
61.7
61.6
61.6
61.6
61.6
61.6
61.5
61.5
61.5
61.5
61.7
61.7
61.6
61.7
61.7
61.6
61.7
61.6
61.6
61.8
61.7
61.7
61.8
61.8
61.7
61.8
61.8
61.8
61.8
61.7
61.7
61.7
61.6
61.6
61.7
61.7
61.7
61.7
61.6
61.6
61.6
61.7
61.6
61.6
61.6
