61.1
61.1
61.1
61.2
61.2
61.3
61.3
61.3
70.9
61.5
61.5
61.4
61.4
61.5
61.4
61.4
61.4
61.4
61.6
61.6
61.6
61.5
61.6
61.6
61.6
61.5
61.6
61.6
67.4
67.6
67.4
61.5
61.5
61.5
61.5
61.5
61.5
61.6
61.5
61.5
61.5
61.5
61.5
61.5
61.5
61.5
61.5
61.5
61.6
61.5
61.6
61.6
61.7
61.6
61.6
62.2
62.3
62.2
62.2
62.1
62.0
62.0
62.0
62.0
61.9
61.9
61.9
61.9
61.9
61.9
61.9
61.9
61.9
61.8
61.9
61.9
61.8
61.9
61.8
61.8
61.9
61.9
61.9
61.9
61.9
61.9
61.9
61.9
61.9
61.9
61.9
61.9
61.9
61.9
62.4
62.5
62.4
63.0
63.0
62.9
62.7
62.6
62.5
62.5
62.4
62.3
62.3
62.3
62.3
62.2
62.1
62.2
62.1
62.1
62.3
62.3
62.2
62.2
62.1
62.1
62.1
62.0
62.0
62.0
61.9
61.9
61.9
61.9
61.9
61.9
61.9
61.9
61.9
61.9
61.9
61.8
61.9
61.9
61.9
61.8
61.9
61.9
61.9
61.8
61.8
61.8
61.9
61.9
61.9
61.9
61.9
61.9
61.9
61.9
61.9
61.9
62.0
62.0
62.0
62.1
62.1
62.0
62.0
62.0
61.9
61.9
61.9
62.0
61.9
61.9
61.9
62.0
68.2
61.9
61.9
61.8
62.3
62.4
62.3
62.3
62.2
62.2
62.1
62.1
62.1
62.1
62.1
62.0
62.1
62.1
62.1
62.1
62.1
62.1
62.0
62.1
62.3
62.3
62.2
62.1
69.4
63.2
63.0
63.1
63.0
62.8
62.7
62.6
62.5
62.4
62.4
62.3
62.3
62.2
62.2
62.2
62.2
62.8
62.9
62.8
62.7
62.6
62.5
62.8
63.0
62.9
62.7
62.7
62.7
62.6
62.5
62.4
62.5
62.4
62.4
62.3
62.2
62.2
62.1
62.1
62.0
62.0
62.0
62.0
61.9
62.0
62.1
62.1
62.1
62.2
62.2
62.3
62.8
62.7
62.6
62.6
62.5
63.1
63.0
62.9
62.7
62.7
62.8
62.7
62.7
62.6
62.5
62.9
63.3
63.1
63.0
62.8
62.7
62.6
62.5
62.4
62.4
62.3
62.3
62.2
62.1
62.1
62.5
62.4
62.3
62.3
62.2
62.2
62.5
62.6
62.5
62.5
62.4
62.4
62.4
62.3
62.2
62.3
62.2
62.2
62.4
62.9
62.8
62.8
62.7
62.6
62.5
62.4
62.4
62.4
62.3
62.3
62.3
62.3
62.2
62.3
62.2
62.2
62.2
62.1
62.1
62.1
62.4
62.3
62.3
62.2
62.2
62.1
62.0
62.0
62.1
62.1
62.0
62.0
62.1
62.0
62.5
62.8
62.6
62.5
71.5
61.7
62.0
62.1
62.0
62.2
62.1
62.1
62.2
62.2
62.1
62.1
62.1
62.0
62.1
62.1
62.0
62.1
62.1
62.1
62.1
62.0
62.0
62.0
62.0
67.4
66.8
66.2
65.7
65.2
64.8
64.5
64.2
63.9
63.6
63.6
63.4
63.2
63.0
62.9
68.2
62.4
62.3
62.3
62.6
62.5
62.4
62.4
62.3
62.3
62.6
62.5
62.5
62.4
62.8
62.7
62.6
62.5
62.4
62.4
62.3
62.2
62.2
62.2
62.1
62.2
62.1
62.1
62.0
62.0
62.0
62.0
62.2
62.2
62.1
62.1
62.1
62.1
62.1
62.0
62.1
62.1
62.1
62.1
62.1
62.0
62.0
62.0
62.0
62.0
62.0
61.9
61.9
61.9
61.9
61.9
62.0
