2845.2
2716.2
2684.4
2944.7
2913.7
2941.8
2918.5
2943.0
2917.4
2917.7
2918.2
2917.8
2940.7
2923.7
2930.3
2947.6
2925.9
2925.9
2914.5
2941.5
2934.5
2934.7
2918.9
2925.1
2925.1
2937.8
2921.6
2929.9
2939.3
2939.3
2939.1
2920.3
2959.9
2925.7
2956.3
2947.6
2929.3
2929.1
2922.8
2923.3
2922.8
2937.4
2922.2
2922.4
2929.7
2930.1
2930.2
2916.8
2917.1
2936.3
2925.5
2925.7
2919.5
2919.7
2930.5
2940.9
2952.4
2931.6
2917.2
2945.3
2950.9
2933.4
2954.0
2927.6
2927.9
2916.0
2916.1
2925.5
2925.7
2925.7
2913.9
2919.1
2924.3
2924.6
2924.8
2947.4
2930.3
2920.3
2920.7
2911.0
2927.4
2909.5
2910.1
2950.9
2932.0
2955.1
2928.0
2952.4
2945.7
2924.9
2948.8
2916.6
2928.0
2928.2
2918.2
2930.3
2923.2
2928.7
2912.0
2912.1
2944.0
2913.9
2914.3
2914.6
2925.7
2925.3
2917.4
2917.4
2927.0
2934.3
2920.7
2955.1
2960.7
2918.0
2938.6
2938.8
2908.5
2932.4
2950.3
2911.0
2926.2
2934.9
2918.0
2917.6
2929.1
2913.9
2906.6
2924.5
2918.7
2919.0
2918.6
2913.5
2929.1
2922.8
2923.2
2947.2
2924.9
2933.0
2949.7
2940.1
2928.2
2918.2
2947.0
2925.5
2950.5
2945.1
2924.5
2930.7
2930.5
2943.4
2927.6
2940.3
2933.0
2916.0
2940.3
2919.5
2938.0
2914.3
2937.8
2937.5
2932.2
2913.0
2923.9
2923.3
2935.5
2950.3
2923.7
2945.9
2928.7
2940.9
2952.8
2943.6
2943.7
2928.9
2936.3
2918.7
2950.1
2925.5
2925.6
2915.8
2921.8
2922.0
2921.7
2931.6
2917.0
2928.0
2928.0
2933.4
2912.8
2918.5
2935.3
2921.0
2933.0
2921.6
2955.3
2984.2
2932.8
2932.8
2965.7
2910.3
2935.1
2914.9
2915.3
2922.4
2922.5
2922.4
2932.0
2937.4
2930.9
2940.3
2924.5
2918.7
2927.6
2928.1
2927.7
2927.6
2905.8
2925.9
2925.3
2932.4
2919.7
2954.2
2953.6
2928.4
2943.4
2951.3
2926.8
2935.5
2912.2
2922.2
2930.7
2931.0
2919.3
2918.9
2925.9
2942.4
2928.4
2928.0
2908.7
2955.7
2932.8
2944.7
2927.2
2927.2
2943.2
2931.8
2954.7
2934.5
2975.9
2964.2
2921.8
2954.7
2939.7
2950.9
2941.3
2953.4
2932.0
2952.6
2952.5
2928.9
2929.4
2944.3
2943.6
2932.0
2931.7
2923.9
2923.9
2913.9
2947.4
2931.6
2925.3
2930.9
2930.5
2961.5
2940.9
2940.5
2933.0
2958.6
2940.5
2934.5
2962.1
2940.3
2945.5
2945.1
2934.1
2934.6
2942.8
2942.8
2937.4
2944.3
2937.2
2936.9
2921.2
2946.5
2928.4
2933.6
2947.6
2946.9
2930.9
2930.6
2964.0
2953.6
2977.1
2950.9
2950.5
2936.6
2976.9
2950.9
2951.1
2944.7
2958.8
2951.1
2962.6
2937.2
2957.2
2957.4
2950.3
2949.7
2929.7
2929.6
2956.5
2937.4
2957.2
2957.2
2938.0
2958.2
2958.4
2971.7
2965.1
2978.4
2952.0
2981.1
2955.3
2988.8
2941.8
2941.5
2935.5
2943.4
2943.2
2943.4
2950.1
2960.9
2934.7
2927.4
2938.6
2946.1
2945.8
2952.0
2951.8
2937.8
2949.2
2948.8
2948.8
2948.5
2974.0
2974.5
2982.7
2962.1
2961.7
2961.5
2961.5
2974.2
2950.3
2960.3
2960.3
2945.1
2960.1
2950.3
2933.2
2960.5
2945.5
2974.2
2942.4
2950.7
2963.6
2985.2
2955.7
2977.5
2956.5
2977.1
2945.5
2984.6
2951.1
2984.0
2951.7
2983.6
2942.8
2983.2
2947.0
2959.9
2959.8
2948.8
2949.3
2965.7
2931.1
2943.6
2952.0
2945.5
2939.1
2939.2
2947.4
2947.1
2946.6
2938.6
2946.3
2934.5
2953.2
2953.4
2965.9
2957.8
2993.1
2966.7
2955.5
2961.5
2970.7
2955.3
2955.9
2938.6
2952.6
2952.4
2968.0
2967.3
2951.1
2936.1
2954.7
2935.7
2950.1
2939.1
2961.9
2942.2
2942.6
2963.0
2963.5
2954.0
2963.0
2990.6
2969.2
2990.0
2955.9
2955.6
2990.9
2965.3
2981.7
2960.3
2960.7
2949.7
2976.9
2952.0
2951.9
2964.8
2964.2
2939.1
2956.7
2956.5
2956.7
2935.5
2959.0
2942.0
2942.0
2948.4
2935.5
2934.9
2956.1
2964.2
2974.8
2943.2
2942.9
2973.6
2957.4
2968.8
2961.3
2961.0
2970.3
2944.3
2944.0
2954.7
2939.7
2925.3
2958.6
2948.6
2948.5
2938.6
2952.0
2952.4
2967.8
2952.2
2941.5
2963.0
2950.5
2950.5
2974.4
2969.0
2986.7
2968.0
2967.5
2988.1
2964.2
2978.2
2960.9
2970.9
2978.2
2968.2
2956.5
2970.3
2951.3
2944.7
2956.1
2942.2
2932.4
2932.5
2948.0
2948.1
2947.6
2947.6
2947.9
2948.0
2942.2
2961.1
2961.0
2980.0
2947.6
2998.3
2937.0
2949.5
2985.2
2944.3
2949.7
2969.8
2946.5
2946.3
2937.2
2955.9
2955.6
2942.2
2936.3
2962.6
2944.5
2958.2
2947.6
2955.9
2962.6
2943.2
2921.6
2952.6
2931.6
2931.9
2958.8
2968.6
2950.3
2943.4
2959.2
2984.2
2941.5
2985.0
2958.2
2975.7
2952.6
2958.6
2958.6
2946.3
2969.4
2968.9
2955.1
2955.6
2955.4
2969.0
2959.6
2959.9
2960.2
2960.3
2971.7
2949.9
2970.5
2970.5
2955.9
2985.4
2985.2
3004.0
2963.4
2990.9
2950.9
2987.9
2954.4
2961.7
2962.2
2961.8
2962.4
2955.5
2956.0
2946.7
2947.0
2954.4
2954.2
2943.6
2937.8
2968.0
2949.2
2949.8
2949.5
2957.4
2957.4
2957.4
2939.9
2968.2
2968.1
2961.5
2953.2
2953.2
2988.6
2948.4
2948.6
2968.8
2959.2
2970.0
2984.4
2984.1
2983.7
2967.3
2953.8
2975.3
2965.3
2955.5
2963.4
2949.7
2960.3
2959.8
2952.0
2952.4
2958.0
2951.1
2965.7
2965.0
2952.8
2952.3
2973.8
2974.1
2995.4
2958.6
2979.0
2965.5
2946.5
2997.7
2964.0
2963.5
2953.2
2959.9
2947.8
2954.7
2954.4
2969.0
2969.0
2962.6
2962.0
2961.7
2954.4
2965.7
2954.9
2966.9
2966.5
2966.7
2956.7
2965.3
2959.9
2996.5
2959.4
2959.4
2959.3
2991.7
2974.8
2953.6
2953.8
2953.6
2953.8
2953.5
2982.5
2982.9
2951.5
2964.4
2946.7
2940.1
2940.2
2940.7
2940.4
2945.9
2957.2
2957.6
2940.3
2940.5
2972.1
2964.6
2983.6
2966.9
2983.6
2969.4
2991.5
2966.1
2965.8
2952.8
2952.2
2959.0
2958.4
2958.1
2965.7
2951.5
2973.2
2981.3
2964.0
2963.3
2936.6
2967.3
2952.8
2960.9
2966.7
2958.6
2995.8
2962.6
2956.5
2974.0
2974.2
2962.6
2990.6
2961.7
2947.4
2955.9
2972.8
2950.1
2957.6
2957.7
2958.2
2958.6
2958.4
2974.4
2950.5
2950.7
2974.2
2985.9
2971.7
2956.5
2964.8
2964.9
2970.7
2981.7
2981.7
3004.2
2972.1
3017.1
2956.7
2973.2
3000.4
2955.7
2964.6
2959.2
2958.8
2959.3
2959.2
2964.6
2951.7
2972.8
2953.6
2971.9
2971.9
2971.9
2971.5
2959.2
2967.8
2949.0
2969.6
2969.0
2974.8
2987.3
2975.5
3000.0
