14.7
15.0
15.3
15.6
15.9
16.1
16.4
16.5
16.7
16.9
17.0
17.1
17.2
17.2
17.3
17.4
17.4
17.6
17.6
17.6
17.7
17.8
17.8
17.8
17.9
17.9
17.9
17.9
18.0
18.0
18.0
18.0
18.0
18.0
18.0
18.0
18.0
18.0
18.1
18.1
18.1
18.1
18.1
18.2
18.1
18.2
18.2
18.2
18.2
18.2
18.2
18.2
18.3
18.3
18.4
18.4
18.4
18.4
18.3
18.3
18.3
18.2
18.3
18.3
18.2
18.2
18.2
18.2
18.2
18.2
18.2
18.2
18.2
18.2
18.2
18.2
18.2
18.3
18.2
18.2
18.2
18.3
18.3
18.3
18.3
18.3
18.4
18.3
18.3
18.3
18.3
18.3
18.2
18.2
18.2
18.2
18.3
18.2
18.3
18.3
18.3
18.3
18.3
18.3
18.3
18.3
18.3
18.3
18.3
18.3
18.4
18.4
18.4
18.4
18.4
18.3
18.3
18.3
18.4
18.4
18.4
18.3
18.4
18.4
18.4
18.4
18.4
18.4
18.4
18.4
18.4
18.5
18.4
18.4
18.4
18.4
18.4
18.4
18.4
18.4
18.4
18.4
18.4
18.4
18.4
18.4
18.4
18.3
18.3
18.4
18.4
18.4
18.3
18.4
18.4
18.4
18.4
18.4
18.4
18.4
18.3
18.4
18.4
18.3
18.3
18.3
18.4
18.4
18.4
18.4
18.3
18.4
18.4
18.5
18.5
18.5
18.6
18.6
18.6
18.6
18.6
18.6
18.6
18.6
18.6
18.7
18.7
18.6
18.7
18.6
18.6
18.6
18.5
18.5
18.5
18.5
18.5
18.5
18.4
18.4
18.4
18.4
18.4
18.4
18.4
18.4
18.5
18.5
18.5
18.5
18.4
18.4
18.4
18.4
18.4
18.4
18.4
18.4
18.4
18.4
18.3
18.4
18.4
18.4
18.4
18.4
18.4
18.4
18.4
18.4
18.4
18.4
18.4
18.4
18.4
18.4
18.4
18.4
18.4
18.4
18.4
18.4
18.4
18.4
18.5
18.5
18.4
18.4
18.4
18.4
18.4
18.4
18.4
18.4
18.4
18.4
18.4
18.4
18.3
18.4
18.4
18.3
18.3
18.3
18.3
18.3
18.4
18.4
18.3
18.3
18.3
18.4
18.4
18.3
18.3
18.4
18.3
18.4
18.4
18.3
18.4
18.4
18.3
18.3
18.4
18.4
18.3
18.3
18.4
18.4
18.4
18.4
18.4
18.5
18.5
18.5
18.5
18.5
18.5
18.5
18.5
18.4
18.4
18.4
18.4
18.4
18.4
18.4
18.4
18.4
18.4
18.4
18.4
18.4
18.4
18.4
18.3
18.3
18.3
18.3
18.4
18.4
18.4
18.4
18.4
18.4
18.5
18.5
18.5
18.5
18.4
18.4
18.4
18.5
18.4
18.4
18.4
18.4
18.4
18.4
18.3
18.4
18.3
18.3
18.4
18.4
18.4
18.4
18.4
18.4
18.4
18.4
18.4
18.4
18.4
18.4
18.4
18.4
18.4
18.3
18.3
18.3
18.4
18.4
18.3
18.3
18.3
18.3
18.3
18.3
18.3
18.3
18.3
18.3
18.3
18.3
18.3
18.4
18.3
18.3
18.3
18.3
18.3
18.3
18.4
18.3
18.3
18.3
18.3
18.3
18.3
18.3
18.4
18.3
18.3
18.4
18.3
18.3
18.3
18.3
18.3
18.3
18.3
18.3
18.3
18.3
18.3
18.3
18.3
18.3
18.3
18.4
18.4
18.5
18.5
18.5
18.5
