6.0
14.1
14.1
14.2
14.2
14.3
14.3
14.3
14.4
14.4
14.5
14.5
14.7
14.8
14.8
14.9
15.0
15.1
15.1
15.1
15.2
15.2
15.3
15.3
15.3
15.3
15.4
15.4
15.4
15.4
15.5
15.5
15.5
15.5
15.5
15.5
15.5
15.5
15.5
15.5
15.5
15.5
15.5
15.5
15.5
15.6
15.6
15.6
15.6
15.6
15.6
15.6
15.6
15.5
15.5
15.6
15.5
15.5
15.6
15.6
15.6
15.6
15.5
15.5
15.6
15.6
15.6
15.7
15.6
15.6
15.6
15.7
15.6
15.6
15.6
15.7
15.6
15.7
15.6
15.6
15.6
15.7
15.7
15.7
15.7
15.7
15.7
15.8
15.8
15.8
15.8
15.8
15.7
15.8
15.7
15.7
15.8
15.7
15.7
15.8
15.8
15.8
15.8
15.8
15.7
15.7
15.7
15.7
15.7
15.7
15.7
15.7
15.7
15.7
15.8
15.7
15.7
15.7
15.7
15.8
15.8
15.8
15.7
15.8
15.8
15.8
15.8
15.8
15.8
15.8
15.7
15.7
15.8
15.8
15.8
15.8
15.8
15.8
15.8
15.8
15.7
15.7
15.8
15.8
15.7
15.8
15.8
15.8
15.7
15.7
15.7
15.7
15.7
15.7
15.7
15.7
15.7
15.8
15.7
15.7
15.7
15.8
15.8
15.7
15.8
15.8
15.8
15.8
15.8
15.8
15.8
15.8
15.8
15.8
15.8
15.8
15.8
15.8
15.8
15.8
15.8
15.8
15.8
15.8
15.8
15.8
15.8
15.8
15.9
15.8
15.8
15.8
15.8
15.8
15.8
15.8
15.8
15.8
15.8
15.8
15.8
15.8
15.8
15.8
15.8
15.8
15.8
15.8
15.8
15.8
15.8
15.8
15.8
15.8
15.8
15.8
15.8
15.8
15.8
15.8
15.8
15.7
15.8
15.8
15.7
15.8
15.7
15.7
15.8
15.8
15.8
15.7
15.7
15.7
15.7
15.7
15.7
15.7
15.8
15.8
15.8
15.8
15.8
15.8
15.8
15.8
15.8
15.8
15.8
15.8
15.8
15.7
15.7
15.7
15.7
15.7
15.7
15.8
15.7
15.8
15.8
15.8
15.7
15.8
15.8
15.8
15.8
15.8
15.8
15.7
15.8
15.7
15.8
15.8
15.8
15.8
15.9
15.9
15.9
15.9
15.9
15.8
15.8
15.9
15.9
15.8
15.8
15.9
15.8
15.8
15.8
15.8
15.8
15.8
15.8
15.8
15.8
15.8
15.8
15.9
15.9
15.9
15.9
15.8
15.8
15.9
15.9
15.9
15.9
15.9
15.8
15.8
