5.5
14.0
14.4
14.7
15.0
15.3
15.5
15.7
16.0
16.1
16.3
16.4
16.5
16.6
16.7
16.8
16.9
16.9
17.0
17.0
17.1
17.2
17.2
17.2
17.2
17.3
17.3
17.3
17.3
17.4
17.4
17.4
17.4
17.4
17.4
17.4
17.4
17.5
17.4
17.5
17.5
17.5
17.5
17.5
17.5
17.5
17.5
17.5
17.5
17.5
17.5
17.5
17.5
17.5
17.5
17.5
17.6
17.5
17.6
17.6
17.6
17.6
17.6
17.5
17.6
17.5
17.6
17.6
17.6
17.6
17.6
17.5
17.6
17.6
17.5
17.5
17.6
17.6
17.6
17.5
17.5
17.5
17.5
17.5
17.5
17.5
17.5
17.5
17.5
17.6
17.6
17.6
17.6
17.6
17.6
17.6
17.6
17.6
17.6
17.6
17.6
17.6
17.6
17.6
17.7
17.6
17.7
17.7
17.6
17.6
17.6
17.6
17.6
17.6
17.6
17.6
17.6
17.6
17.6
17.6
17.6
17.6
17.6
17.6
17.6
17.6
17.6
17.6
17.6
17.6
17.6
17.6
17.6
17.6
17.6
17.6
17.6
17.6
17.6
17.6
17.6
17.6
17.6
17.6
17.6
17.6
17.7
17.7
17.7
17.7
17.7
17.7
17.6
17.6
17.6
17.6
17.6
17.6
17.6
17.6
17.6
17.6
17.6
17.6
17.6
17.6
17.6
17.6
17.6
17.6
17.6
17.6
17.6
17.6
17.6
17.6
17.6
17.6
17.6
17.7
17.7
17.6
17.7
17.7
17.7
17.7
17.6
17.7
17.7
17.6
17.6
17.7
17.7
17.6
17.6
17.6
17.6
17.6
17.7
17.7
17.6
17.6
17.6
17.7
17.7
17.6
17.6
17.7
17.7
17.7
17.7
17.7
17.7
17.8
17.7
17.8
17.7
17.7
17.7
17.7
17.7
17.7
17.7
17.7
17.7
17.6
17.6
17.7
17.7
17.6
17.6
17.7
17.7
17.6
17.6
17.6
17.7
17.6
17.6
17.6
17.6
17.6
17.6
17.6
17.6
17.6
17.6
17.6
17.7
17.6
17.6
17.6
17.6
17.7
17.7
17.7
17.7
17.7
17.7
17.7
17.7
17.7
17.7
17.7
17.7
17.7
17.7
17.7
17.7
17.7
17.7
17.7
17.7
17.6
17.6
17.6
17.6
17.6
17.6
17.7
17.7
17.6
17.7
17.7
17.6
17.6
17.7
17.7
17.6
17.7
17.7
17.7
17.7
17.6
17.7
17.7
17.7
17.7
17.6
17.7
17.7
17.7
17.7
17.6
17.7
17.7
17.7
17.7
17.6
17.6
17.7
17.7
17.7
17.7
17.6
17.6
17.6
17.6
17.7
17.7
17.7
17.7
17.7
17.7
17.7
17.7
17.7
17.7
17.7
17.7
17.7
17.7
17.7
17.7
17.7
17.7
17.7
17.7
17.7
17.8
17.7
17.7
17.7
17.7
17.7
17.7
17.7
17.7
17.7
17.7
17.7
17.7
17.7
17.6
17.6
17.6
17.7
17.7
17.6
17.6
17.7
17.7
17.7
17.7
17.7
17.7
17.7
17.7
17.7
17.7
17.6
17.6
17.7
17.7
17.7
17.7
17.7
17.7
17.7
17.7
17.7
17.7
17.7
17.7
17.7
17.7
17.7
17.7
17.7
17.7
17.7
17.7
17.7
17.7
17.7
17.7
17.7
17.7
17.7
17.7
17.7
17.7
17.7
17.7
17.7
17.7
17.7
17.7
17.7
17.6
