44.5
60.9
61.0
61.0
61.0
61.0
61.4
61.3
61.3
61.3
61.2
61.2
61.2
61.2
61.1
61.1
61.1
61.1
61.1
61.1
61.1
61.2
61.2
61.2
61.1
61.1
61.1
61.2
61.1
61.1
61.1
61.3
61.3
61.2
61.2
61.2
61.2
61.2
61.2
61.2
61.2
61.1
61.2
61.2
61.5
61.4
61.4
61.4
61.3
61.3
61.6
61.5
61.5
61.4
61.4
61.3
61.3
61.3
61.3
61.3
61.3
61.6
62.2
62.1
62.0
61.9
61.8
61.7
62.0
61.9
61.8
61.7
61.7
61.7
61.6
61.6
62.0
61.9
61.9
61.9
61.8
61.8
62.1
62.0
61.9
61.9
62.2
62.0
62.1
62.0
61.9
62.2
62.1
62.0
61.9
61.9
61.8
61.8
61.7
61.7
61.7
62.0
62.1
62.0
62.0
61.9
61.8
61.8
61.7
61.7
61.6
61.6
62.2
62.1
61.9
61.9
61.8
61.8
62.1
62.0
61.9
61.8
61.8
62.1
62.1
61.9
61.8
61.8
62.1
62.0
61.9
61.8
61.7
61.6
61.6
61.6
61.6
61.9
62.4
62.5
62.4
62.2
62.1
62.5
62.4
62.3
62.2
62.1
62.1
62.0
61.9
61.8
61.7
61.7
61.6
61.6
61.6
61.5
