37.2
37.8
43.2
42.7
54.0
54.6
55.1
55.4
55.7
56.0
56.3
56.5
56.6
56.7
56.9
57.0
57.1
57.2
57.3
57.4
57.8
57.8
57.8
57.8
57.8
58.4
58.3
58.3
58.2
58.2
58.1
58.1
58.1
58.1
58.0
58.0
58.0
58.0
58.0
57.9
58.0
58.0
58.0
57.9
57.9
58.0
58.0
58.0
57.9
57.9
57.9
57.9
57.9
57.9
58.3
58.7
59.1
59.2
59.1
59.0
58.8
58.8
58.8
59.1
59.0
58.9
58.8
58.6
58.6
58.5
58.5
58.4
58.4
58.3
58.3
58.2
58.2
58.2
58.2
58.2
58.1
58.1
58.1
58.1
58.1
58.1
58.1
58.1
58.2
66.5
59.0
58.9
58.7
58.7
58.5
58.5
58.5
58.4
58.4
58.4
58.5
58.4
58.6
58.6
58.7
58.7
58.7
58.9
58.8
58.7
58.6
58.6
58.5
58.4
58.4
58.3
58.3
58.3
58.6
64.4
57.8
57.8
57.8
58.2
58.1
58.2
58.2
58.1
