58.6
64.9
64.4
64.2
64.0
63.7
63.4
63.2
63.7
63.4
63.2
63.0
62.8
62.6
62.5
62.3
62.2
62.1
62.1
62.0
69.4
61.7
61.6
61.6
61.6
61.6
61.6
61.6
61.5
61.5
61.5
61.7
61.6
61.7
61.6
61.6
61.6
61.6
61.6
61.6
61.6
61.6
61.6
61.5
61.5
61.5
61.8
61.8
61.7
61.7
61.7
61.6
61.6
61.6
61.6
61.6
61.5
61.5
61.5
61.5
61.5
61.5
61.5
61.5
61.5
61.5
61.5
61.6
61.6
61.6
61.6
61.6
61.7
61.8
61.8
61.7
61.7
61.7
61.7
61.6
61.6
61.6
61.6
61.8
69.4
61.5
61.5
61.5
61.6
61.6
61.6
61.6
61.5
61.6
61.6
61.6
61.6
61.6
61.6
61.6
61.6
61.6
61.6
61.6
61.6
61.6
61.7
61.7
70.7
61.9
67.8
61.5
61.5
61.6
61.6
61.6
61.6
61.5
61.6
61.6
61.5
61.6
61.5
61.6
61.6
61.6
61.6
61.6
61.6
61.8
61.8
61.8
61.8
61.7
61.7
61.8
61.8
61.7
61.7
61.8
61.7
61.7
61.7
61.7
61.7
62.3
69.6
61.7
61.7
61.7
61.8
61.8
61.7
61.8
61.8
61.8
61.8
61.8
61.8
61.7
61.8
61.8
61.7
61.7
61.7
61.7
61.7
61.7
61.7
61.7
61.7
61.9
70.7
61.5
61.6
61.7
61.6
61.6
61.7
61.7
62.1
62.1
62.0
61.9
62.0
62.0
61.9
61.9
61.9
61.8
61.9
61.9
61.9
61.8
61.8
61.8
61.8
61.8
61.8
61.8
61.8
61.7
61.7
61.7
61.7
61.7
61.7
61.7
61.7
61.7
61.7
61.7
61.7
61.7
61.7
61.7
61.7
61.7
61.7
