43.6
61.5
61.5
61.5
61.5
61.5
61.5
61.5
61.5
61.5
61.6
61.6
61.6
61.6
61.6
61.6
61.8
62.1
62.0
62.0
62.0
62.0
62.0
62.0
62.0
61.9
62.0
62.0
62.0
62.0
61.9
61.9
61.9
69.2
62.8
62.6
62.5
62.4
62.3
62.3
62.2
62.2
62.1
62.1
62.1
62.0
62.2
62.1
62.1
62.0
61.9
61.9
62.3
62.3
62.2
62.3
62.2
62.1
62.1
62.0
62.0
62.0
61.9
61.9
61.9
61.9
61.9
61.9
61.9
61.9
61.9
61.9
61.9
61.9
61.8
61.9
61.9
61.8
61.9
61.9
61.8
61.9
62.0
62.0
61.9
61.9
62.1
62.0
62.0
62.0
61.9
61.9
61.9
61.9
61.9
61.8
61.9
61.9
61.9
61.9
61.9
61.8
61.8
61.9
61.9
61.9
62.0
61.9
61.9
62.0
61.9
61.9
62.0
62.0
62.0
61.9
61.9
61.9
62.4
62.4
62.3
62.2
62.1
