43.9
61.2
61.4
61.4
61.4
61.4
61.5
61.5
61.5
61.5
61.5
61.6
61.6
61.7
61.7
61.6
61.6
61.6
61.6
61.6
61.6
61.6
61.7
61.7
61.7
61.7
61.7
61.7
61.7
61.7
61.7
61.7
61.7
61.7
61.7
61.7
61.7
61.6
61.7
61.6
61.6
61.6
61.6
61.6
61.6
61.6
61.6
61.7
61.7
61.7
61.7
61.7
61.7
61.9
61.8
61.8
61.8
61.7
61.7
61.7
61.7
61.8
61.8
61.8
61.7
62.0
61.9
61.9
61.8
61.8
61.8
61.8
61.7
61.7
61.7
61.6
61.6
61.8
61.7
61.7
61.7
61.8
61.7
61.7
61.7
61.7
61.7
61.7
61.7
61.7
61.6
61.6
61.8
61.8
61.8
61.8
61.7
61.7
61.7
61.7
61.7
61.7
61.7
61.7
68.2
61.5
61.5
68.2
61.5
61.5
61.5
61.5
61.5
61.5
61.5
61.6
61.5
61.6
61.6
61.6
61.6
61.6
61.6
61.6
61.6
61.6
61.6
61.5
61.5
71.5
61.7
61.7
61.6
61.7
61.7
61.7
61.7
61.7
61.7
61.7
61.7
61.7
61.7
61.7
61.6
61.6
61.7
61.7
61.6
61.7
61.7
61.6
61.6
61.7
61.7
61.7
61.7
61.7
61.7
61.7
61.6
61.7
61.6
61.6
61.6
61.7
61.7
61.7
61.6
61.6
61.6
61.7
61.7
61.7
61.7
61.7
61.7
61.7
61.7
61.7
61.7
61.7
61.7
61.8
61.7
61.7
61.7
61.7
61.7
61.7
61.7
61.7
61.7
61.7
61.7
61.7
61.7
61.7
61.7
61.7
61.7
61.7
61.7
61.7
61.7
61.7
61.7
61.7
61.9
61.9
61.9
61.8
61.8
61.8
61.8
61.8
61.8
61.8
61.7
61.7
61.7
61.8
61.7
61.7
61.7
61.7
61.7
61.9
61.9
61.9
61.9
61.9
61.9
61.9
61.9
61.8
61.8
62.0
61.9
61.9
61.9
61.8
61.8
61.8
61.8
61.8
61.8
69.2
61.7
61.7
61.6
61.6
61.7
61.7
61.7
61.7
61.7
61.8
61.8
61.8
61.9
61.9
61.9
61.9
61.8
61.9
61.9
61.9
61.9
61.9
61.8
61.9
61.8
61.8
61.8
61.8
61.8
61.8
61.8
61.8
61.8
61.8
61.8
61.8
61.9
61.9
61.8
61.8
61.8
61.8
61.8
61.8
61.8
