44.0
62.1
62.2
62.2
62.2
62.2
62.2
62.2
62.2
62.2
62.2
62.3
62.2
62.2
62.2
62.2
62.2
62.4
62.4
62.9
62.9
62.8
62.8
62.9
62.8
62.8
62.7
62.7
62.6
62.6
62.5
62.5
62.5
62.7
62.6
62.7
62.6
62.6
62.7
62.7
62.7
63.0
63.0
62.9
62.8
62.7
62.6
62.5
62.5
69.6
63.8
63.6
63.5
63.3
63.2
63.1
63.0
63.0
63.0
63.4
63.7
64.0
64.2
63.9
63.8
63.7
63.5
63.4
63.3
63.2
63.1
63.1
62.9
62.9
62.9
62.8
62.7
62.8
62.7
62.6
62.6
62.5
62.5
62.5
62.5
70.3
62.6
62.6
62.5
67.6
67.0
66.4
66.4
65.9
65.5
65.2
64.9
64.5
64.3
64.0
63.7
63.6
63.6
63.5
63.3
63.2
63.1
63.0
63.0
63.1
63.0
63.0
62.9
62.9
62.8
68.6
63.0
63.0
62.9
62.9
62.8
62.8
62.8
62.8
62.7
62.7
62.7
62.6
62.6
62.6
62.6
62.5
62.5
67.8
62.1
62.1
62.1
62.2
62.3
62.3
62.3
62.4
62.3
62.4
62.3
62.4
62.3
62.4
62.4
63.0
62.9
62.9
62.8
62.8
62.9
62.8
62.8
62.7
62.7
62.7
62.7
62.7
62.6
62.7
62.7
62.7
62.6
62.6
62.6
62.6
62.6
62.6
62.6
62.6
62.6
62.6
62.7
62.7
62.6
62.6
62.6
62.6
62.6
62.5
62.5
62.4
62.4
62.4
62.4
62.8
62.8
62.8
62.8
62.8
62.8
62.7
62.7
62.6
62.6
62.6
62.5
62.4
62.4
62.4
62.4
62.4
62.4
62.4
62.5
62.5
62.5
62.6
62.5
62.5
62.5
62.5
62.4
62.4
62.4
62.4
62.3
62.4
62.4
62.4
62.5
62.5
62.4
62.4
62.5
62.5
62.5
62.4
62.4
62.4
62.4
62.3
62.3
62.3
62.2
62.3
62.3
62.4
62.4
62.3
62.4
62.4
62.4
62.4
62.4
62.3
62.3
62.3
62.2
62.2
62.2
62.3
62.3
62.4
62.4
62.4
62.4
62.5
62.5
62.6
62.6
62.7
62.7
62.7
62.6
62.6
62.6
62.5
62.5
62.5
62.7
62.8
62.8
62.7
62.7
62.8
62.7
62.7
62.7
62.6
62.6
62.6
62.5
62.5
62.5
62.5
62.5
62.5
62.5
62.5
62.5
62.5
62.6
62.6
62.7
62.7
62.7
62.7
62.7
62.6
62.6
62.6
62.5
62.5
62.6
62.6
62.6
62.7
62.6
62.6
62.6
62.6
62.6
62.6
62.6
62.5
62.5
62.5
62.5
62.5
62.5
62.5
62.5
62.5
62.5
62.5
62.5
62.5
62.5
62.6
62.6
62.7
62.6
62.6
62.5
62.5
62.4
62.4
62.4
62.5
62.5
62.5
62.5
62.6
62.6
62.6
62.7
62.6
62.6
62.6
62.5
62.5
62.5
62.8
62.7
63.1
63.0
63.4
63.3
63.2
63.2
63.1
63.1
63.0
62.9
62.8
62.8
62.7
62.6
62.6
62.5
62.5
62.4
62.5
62.5
62.5
62.5
62.5
62.5
62.5
62.5
62.6
62.5
62.5
62.5
62.5
62.4
62.4
62.4
62.4
62.4
62.4
62.5
62.5
62.6
62.6
62.5
62.5
62.5
62.5
62.5
62.4
62.4
62.3
62.4
62.3
62.3
62.5
62.5
62.5
62.6
62.6
62.6
62.6
62.6
62.7
63.1
63.5
63.8
63.5
63.4
63.2
63.2
73.0
64.4
64.2
64.3
64.0
64.0
63.9
63.8
63.5
63.4
63.3
63.2
63.2
63.1
63.1
62.9
62.9
62.7
62.7
62.7
62.7
62.7
62.7
62.8
62.8
62.7
62.6
62.7
62.6
62.7
62.6
62.6
62.5
62.5
62.5
62.5
62.6
62.6
62.6
62.5
62.5
62.7
62.7
62.7
62.7
62.6
62.6
62.5
62.4
62.4
62.8
62.7
62.7
62.7
62.7
62.7
62.7
62.7
62.8
62.8
62.7
62.7
62.7
62.7
62.7
62.6
62.6
62.6
62.5
62.5
62.6
62.6
62.7
62.6
62.7
62.7
62.8
62.8
62.7
62.7
62.7
62.7
62.6
62.7
62.7
62.6
62.8
62.8
62.8
62.8
62.8
62.8
62.8
62.8
62.8
62.8
62.8
62.7
62.9
62.8
62.7
62.8
62.8
62.8
62.8
62.9
62.8
62.8
62.8
62.8
62.8
62.8
62.9
63.4
63.8
63.6
63.4
63.4
63.2
63.1
63.0
63.0
62.9
62.9
62.9
62.9
62.8
62.8
62.8
62.7
62.8
62.9
62.8
62.7
62.7
62.6
62.6
62.6
62.6
62.6
62.5
62.6
62.6
62.6
62.6
62.6
62.6
63.2
77.3
67.1
67.6
67.1
66.5
65.9
65.4
65.1
64.7
64.4
64.2
64.0
63.8
63.7
63.6
63.4
63.2
63.1
63.0
62.9
63.0
62.8
62.8
62.7
62.7
62.7
62.7
62.6
62.6
67.8
62.6
62.5
62.5
62.5
62.5
62.4
62.4
62.3
62.3
62.3
62.2
62.2
62.3
62.3
62.3
62.3
62.4
62.3
62.4
62.4
62.4
62.3
62.4
62.4
62.4
62.3
62.3
62.2
62.3
62.3
62.4
62.4
62.5
62.5
62.6
62.5
62.5
62.5
62.5
62.5
62.5
62.5
62.5
62.4
62.4
62.4
62.3
62.4
62.4
62.4
62.4
62.4
62.4
62.5
62.6
62.7
62.7
62.6
62.5
62.5
62.4
62.4
62.4
62.4
62.3
62.3
62.3
62.4
62.4
62.4
62.5
62.5
62.5
62.4
62.5
62.4
62.4
62.4
70.1
61.9
61.9
62.0
62.0
62.1
62.1
62.1
62.3
62.3
62.3
62.3
62.3
62.2
62.2
62.2
62.2
62.1
62.2
62.3
62.3
62.3
62.3
62.4
62.4
62.4
62.5
62.9
70.5
61.7
61.7
61.8
61.8
61.8
62.1
62.0
62.1
62.1
62.2
62.2
62.2
62.3
62.3
62.4
62.4
62.3
62.4
62.3
62.2
62.2
62.2
62.2
62.2
62.2
62.2
62.2
62.2
62.3
62.2
62.3
62.3
62.3
62.3
62.2
62.4
62.3
62.3
62.3
62.3
62.3
62.2
62.3
62.2
62.3
62.2
62.2
62.4
62.4
62.4
62.4
62.4
62.3
62.3
62.3
62.4
62.3
62.3
62.3
62.8
74.0
62.1
62.1
62.1
62.1
62.3
62.3
62.5
62.5
62.4
62.4
62.5
62.6
62.6
62.5
63.1
71.5
64.9
64.6
64.3
64.1
64.0
63.8
63.7
63.5
63.3
63.1
63.0
62.8
62.7
62.6
62.6
62.5
62.5
62.5
62.5
62.5
62.5
62.5
62.5
62.5
62.5
62.5
62.5
62.4
62.5
62.4
62.4
62.3
62.2
62.2
62.3
62.3
62.3
62.4
62.4
62.5
62.5
63.0
71.7
62.4
62.3
62.2
62.2
62.2
62.2
62.2
62.2
62.2
68.4
62.1
62.1
62.2
62.2
62.2
62.3
62.2
62.3
62.2
62.2
62.2
62.2
62.2
62.2
62.2
62.2
62.3
62.3
62.3
62.3
62.3
62.4
62.4
62.4
62.3
62.4
62.3
62.3
62.2
62.2
62.2
62.2
62.3
62.4
62.4
62.4
62.4
62.4
62.4
62.4
62.5
62.5
62.5
62.4
62.5
62.4
62.3
62.3
62.3
62.2
62.3
69.0
62.4
62.4
62.4
62.4
62.4
62.6
63.0
63.3
63.6
63.6
63.4
63.3
63.1
63.1
63.0
62.9
62.9
63.3
63.2
63.0
62.9
62.8
62.9
62.8
62.6
62.4
62.4
62.4
62.4
62.5
62.6
62.6
62.5
62.5
62.4
62.9
62.8
62.7
62.6
62.6
62.6
62.5
62.5
62.5
62.5
62.5
62.5
62.4
62.4
62.4
62.3
62.3
62.2
62.2
62.2
62.5
62.4
62.5
62.5
62.4
62.5
62.5
62.5
62.5
62.4
62.4
62.3
62.2
62.2
62.2
62.1
62.1
62.2
62.2
62.2
62.3
62.4
62.3
62.4
62.4
62.4
62.7
62.7
62.6
62.6
62.5
62.5
62.5
62.4
62.3
62.4
62.4
62.4
62.4
62.4
62.5
62.4
62.5
62.9
63.5
63.3
63.1
63.0
62.8
62.7
62.6
62.6
62.5
62.5
62.4
62.4
62.6
62.6
62.5
62.5
71.3
66.1
65.7
65.2
64.8
64.6
64.4
64.1
63.9
63.6
63.4
63.3
63.2
63.0
63.1
63.0
62.9
62.9
62.9
63.3
63.9
63.8
63.5
63.4
63.6
63.4
63.4
63.2
63.1
63.0
63.0
62.9
62.9
62.8
62.7
62.6
62.5
62.5
68.0
62.1
62.1
62.1
62.1
62.1
62.2
62.2
62.3
62.8
62.8
62.8
62.9
63.0
62.9
62.9
62.8
62.8
63.2
63.1
63.2
63.0
63.0
62.9
62.9
62.8
62.8
62.7
62.8
63.2
69.6
69.0
69.5
62.4
62.4
62.3
62.3
62.2
62.2
62.3
62.3
62.3
62.4
62.4
62.9
62.8
62.7
62.7
62.7
62.6
62.6
62.6
62.6
62.5
62.7
62.6
62.6
62.5
62.6
62.5
62.5
62.4
62.5
62.4
62.5
62.5
62.4
62.5
62.4
62.5
62.4
62.4
62.3
62.4
62.6
62.8
62.8
62.7
62.6
62.6
62.6
62.5
62.6
63.1
63.4
63.7
64.0
63.8
63.6
63.5
63.4
63.3
63.2
63.1
63.1
63.0
63.1
63.0
62.9
62.8
62.8
62.7
62.7
62.6
62.5
62.5
62.4
62.3
62.3
62.3
62.4
62.5
62.4
62.4
62.5
62.8
62.9
62.8
62.8
62.8
62.7
62.7
62.6
62.5
69.0
62.4
62.3
62.3
62.3
62.3
69.0
62.4
62.4
62.4
62.3
62.3
62.3
62.3
69.6
70.0
62.4
62.3
62.3
62.4
62.4
62.3
62.5
62.4
62.4
62.5
62.5
62.6
62.5
62.5
62.4
62.4
62.3
62.3
62.2
62.2
62.3
62.3
62.3
62.3
62.3
62.3
62.4
62.3
62.4
62.4
62.4
62.3
62.3
62.2
62.2
62.2
62.2
62.1
62.2
62.2
62.3
62.3
69.2
63.2
63.1
63.0
63.0
63.0
62.9
62.8
62.7
62.6
62.5
62.6
62.7
62.7
62.7
62.7
62.6
62.6
62.8
62.7
62.9
62.9
62.9
62.9
62.9
62.7
62.6
62.6
62.8
62.7
62.7
62.6
62.6
62.6
62.5
62.5
62.4
62.4
62.4
62.4
62.3
62.3
62.3
62.2
62.2
62.2
62.2
62.3
62.3
62.4
62.4
62.4
62.4
62.4
62.4
62.4
62.4
62.3
62.3
62.4
62.3
62.2
62.2
62.2
62.2
62.2
62.3
62.3
62.3
62.3
62.3
62.4
62.3
62.3
62.4
62.4
62.4
62.3
62.5
62.4
62.3
62.4
62.4
62.4
62.3
62.4
62.3
62.3
62.3
62.3
62.3
62.3
62.3
62.2
62.2
62.2
62.1
62.1
62.0
62.1
62.1
62.1
62.1
62.1
62.2
62.2
62.2
62.2
68.6
68.1
62.4
62.3
68.0
67.6
61.9
61.9
62.0
62.0
62.0
62.1
62.2
62.2
62.2
62.2
62.2
62.2
62.2
62.2
62.3
62.2
62.2
62.2
62.1
62.2
62.4
62.5
62.5
62.5
62.4
62.4
62.5
62.6
62.5
62.4
62.4
62.4
62.4
62.3
62.3
73.4
64.2
63.9
63.7
63.5
63.3
63.2
63.1
63.0
62.9
62.8
62.6
62.6
62.5
62.5
62.5
62.4
62.3
62.3
62.3
62.3
62.3
62.4
62.4
62.4
62.4
62.4
62.6
62.5
62.7
62.6
62.5
62.6
62.6
62.7
62.7
62.6
62.6
62.7
62.7
62.7
62.9
62.9
62.9
62.7
62.7
62.6
62.5
62.6
62.5
62.4
62.4
62.3
62.3
62.4
62.4
62.3
62.4
62.4
62.4
62.9
62.8
62.7
62.6
62.6
62.5
62.5
62.5
62.4
62.4
62.4
62.4
62.5
62.5
62.4
62.5
62.4
62.3
62.4
62.3
62.3
62.3
62.2
62.2
62.2
62.2
62.2
62.2
62.2
62.2
62.3
62.4
62.4
62.5
62.6
62.5
62.5
62.4
62.4
62.5
62.4
62.4
62.4
62.3
62.4
62.4
62.4
62.4
62.3
62.3
62.3
62.6
63.0
63.3
63.7
63.6
63.4
63.3
63.7
63.5
63.3
63.1
63.0
63.4
63.3
63.2
63.1
63.0
62.9
62.8
62.8
62.7
62.8
62.7
62.6
62.7
73.2
62.8
62.9
63.0
62.9
62.8
62.7
62.7
62.7
62.8
62.7
62.7
62.7
62.6
62.5
62.5
62.4
62.4
62.3
62.2
62.2
62.2
62.2
62.2
62.2
62.2
62.4
62.4
62.4
62.3
62.3
62.3
62.3
62.2
62.3
62.2
62.3
62.3
62.4
62.4
62.3
62.4
62.4
62.5
62.5
62.5
62.4
62.4
62.4
62.3
62.3
62.2
62.2
62.1
62.1
62.1
62.2
62.2
62.3
62.4
62.4
62.4
62.4
62.3
62.3
62.4
62.3
62.3
62.3
62.2
62.2
62.4
62.6
62.5
62.5
62.5
62.5
62.5
62.5
62.5
62.4
62.5
62.5
62.4
62.5
71.1
70.5
62.1
62.1
62.1
62.2
62.2
62.2
62.3
62.8
63.0
63.5
63.9
63.7
63.5
63.3
63.2
63.0
62.9
62.8
62.8
62.7
62.7
62.7
62.6
62.6
62.6
62.5
62.6
62.6
62.5
62.5
62.5
62.4
62.4
62.4
62.5
62.7
62.6
62.6
62.6
62.5
68.6
62.8
62.8
62.7
62.7
62.7
62.7
62.7
62.6
62.6
62.4
62.4
62.4
62.5
62.5
62.5
62.5
62.5
62.6
62.6
62.7
62.6
62.8
62.8
62.7
62.7
63.0
62.9
63.4
63.2
63.1
62.9
62.9
62.9
62.8
62.8
62.7
62.7
62.7
62.6
62.6
62.6
62.6
62.5
62.5
62.5
62.4
62.4
62.5
62.5
62.4
62.4
62.4
62.4
62.4
62.4
70.3
70.7
62.8
62.7
62.7
62.6
63.0
62.9
62.9
62.9
62.9
62.8
63.1
63.4
63.3
63.2
63.6
63.5
63.6
63.4
63.2
72.3
62.4
62.3
62.3
62.3
62.5
62.6
62.6
62.5
62.6
62.6
62.7
63.1
63.5
63.7
63.7
63.5
63.5
63.3
63.2
63.1
63.0
62.9
62.9
62.8
62.8
62.8
63.2
63.1
63.1
63.0
62.9
62.9
62.8
62.7
62.6
62.6
62.5
62.5
62.5
62.5
62.5
62.5
62.5
62.5
62.5
62.5
62.5
62.5
62.4
62.5
62.5
62.4
62.4
62.4
62.3
62.3
62.3
62.4
62.3
62.4
62.4
62.4
62.4
62.4
62.7
62.6
62.6
62.5
62.5
62.4
62.4
62.4
62.5
62.5
62.5
62.6
62.6
62.5
62.6
62.5
62.5
62.4
62.5
62.5
62.9
63.0
62.9
62.8
62.7
62.6
62.6
62.6
62.6
62.5
62.5
62.5
62.5
62.5
62.5
62.5
62.5
62.4
62.4
62.4
62.4
62.4
62.4
62.4
62.5
62.5
62.5
62.5
62.4
62.5
62.5
62.4
62.4
62.4
62.4
62.4
62.3
62.3
62.2
62.2
62.2
62.3
62.3
62.3
62.3
62.3
62.7
62.7
62.7
62.6
62.5
62.5
62.4
62.5
62.4
62.3
62.4
62.4
62.3
62.4
62.3
62.3
62.4
62.4
68.2
62.4
62.3
62.3
67.4
66.7
66.1
65.6
65.2
64.8
64.4
64.3
64.1
64.0
64.5
65.1
64.8
64.6
64.3
64.2
64.1
63.9
63.7
63.5
63.4
63.2
63.1
63.0
62.9
62.9
62.8
62.7
62.7
62.9
62.9
62.8
62.8
62.7
62.6
62.7
62.8
62.7
62.7
62.6
62.5
62.6
62.5
62.5
62.5
62.5
62.4
62.4
62.4
62.4
62.3
62.3
62.3
62.2
62.2
62.4
62.3
62.3
62.4
62.4
62.3
62.3
62.4
62.4
62.4
62.3
62.4
62.4
62.4
62.4
62.3
62.2
62.3
62.2
62.2
62.3
62.4
62.3
62.4
62.4
62.4
62.5
73.2
72.7
62.1
62.0
62.0
62.1
62.1
62.1
62.2
62.1
62.2
62.3
62.4
62.3
62.3
62.4
62.6
63.0
63.3
63.7
64.0
64.2
64.0
63.8
63.6
63.4
63.3
63.1
63.0
63.0
63.0
62.9
62.9
63.0
71.1
63.2
63.1
63.1
63.4
63.3
68.4
68.3
68.2
62.1
62.3
62.5
62.6
62.5
62.6
62.6
62.8
62.8
62.7
62.7
62.7
62.6
62.6
62.6
62.5
62.5
62.5
62.5
62.5
62.5
62.5
62.5
62.6
62.6
62.6
62.7
62.6
62.6
62.6
62.6
62.5
62.5
62.5
62.6
62.6
62.6
62.6
62.6
62.7
62.7
62.7
62.7
69.6
62.6
62.5
62.6
62.6
62.6
62.6
62.5
62.5
62.4
62.4
62.5
62.5
62.5
62.5
62.6
62.6
69.8
62.6
62.6
62.6
62.6
62.5
62.5
62.5
62.5
62.5
62.5
62.6
62.6
62.7
62.6
62.6
62.8
62.8
62.7
62.7
62.7
62.6
62.6
62.5
62.5
62.5
62.4
62.4
62.9
63.5
63.3
63.3
63.6
63.5
63.8
63.9
63.7
63.6
63.5
63.4
63.3
63.2
63.0
63.0
62.9
62.9
62.9
62.8
62.8
62.8
62.8
63.1
63.1
63.0
62.9
62.9
62.8
62.8
62.7
62.7
62.6
62.6
62.6
62.6
62.7
62.7
62.6
63.0
63.0
62.9
62.9
62.9
62.8
63.0
68.6
68.1
62.6
62.5
62.5
62.6
62.7
62.6
62.7
62.6
62.6
62.7
62.7
62.7
62.8
62.8
62.7
62.7
62.6
62.6
62.6
62.5
62.5
62.6
62.6
62.7
62.6
62.6
62.6
68.2
62.6
68.4
62.8
62.7
63.1
63.2
63.8
63.7
63.6
63.5
63.4
63.3
63.2
63.1
63.0
63.0
62.9
62.9
62.9
62.8
62.8
62.8
62.7
62.6
62.5
62.6
62.6
62.6
62.6
62.6
62.6
62.6
62.6
62.6
62.6
62.7
62.6
62.6
62.5
67.6
62.1
62.2
62.2
62.2
62.3
62.3
62.3
62.4
62.4
62.8
63.2
63.5
63.7
63.6
63.4
63.3
63.2
63.1
62.9
62.8
62.7
62.7
62.7
62.7
62.7
62.7
62.7
62.7
62.7
62.6
62.6
62.6
62.6
62.5
62.5
62.5
62.4
62.6
62.6
63.1
63.0
63.1
63.1
63.0
62.9
62.9
62.8
63.0
62.9
62.8
62.7
62.6
62.6
62.5
62.5
62.5
62.5
62.5
62.5
62.5
62.6
62.6
62.6
62.5
62.6
62.6
62.5
62.5
62.4
62.4
62.4
62.4
62.5
62.5
62.5
62.5
62.5
68.4
68.3
68.2
62.1
62.1
62.1
62.1
62.1
62.1
62.2
62.2
62.1
62.2
62.3
62.3
62.4
62.7
68.2
62.8
62.7
62.7
62.7
62.6
62.6
63.2
73.8
63.4
63.3
63.2
63.2
63.1
63.0
63.0
63.5
63.8
63.6
63.5
63.4
63.2
63.3
63.2
63.0
63.0
62.9
62.8
62.8
62.7
62.7
62.8
62.8
62.7
62.9
63.0
63.4
63.7
63.8
63.7
63.6
63.4
63.3
63.2
63.1
63.0
63.0
63.0
62.9
62.9
62.8
62.8
62.8
62.8
62.7
62.7
68.0
67.8
62.1
62.1
62.0
62.0
62.5
62.4
62.8
62.7
62.7
62.9
62.9
62.9
63.1
63.2
63.2
63.3
63.2
63.1
62.9
62.8
62.8
62.7
62.7
63.0
63.0
62.9
62.9
63.0
62.9
62.8
62.8
63.1
63.1
63.1
62.9
63.0
62.9
62.9
62.8
62.8
62.8
62.8
62.7
62.7
62.8
62.8
62.7
62.7
62.8
62.7
62.7
62.7
62.6
62.5
62.6
62.6
62.6
62.8
62.7
62.7
62.7
62.7
62.7
62.7
62.7
62.6
62.7
62.6
62.6
62.9
62.8
62.7
62.7
62.6
62.6
62.6
62.6
62.6
62.6
62.6
62.6
68.4
67.8
62.6
62.5
62.5
62.5
62.5
62.5
62.4
62.5
62.5
62.5
62.5
62.8
63.4
63.3
63.4
63.7
64.0
64.2
64.2
70.5
62.4
62.3
62.3
62.3
62.2
62.2
62.3
62.3
62.3
62.3
62.3
62.3
62.4
62.3
62.4
62.3
62.3
62.3
62.3
62.3
62.3
62.2
62.3
62.4
62.4
62.3
62.3
62.3
62.4
62.4
62.9
62.7
62.7
62.6
62.5
62.5
62.5
62.4
62.3
62.3
62.2
62.2
62.2
62.2
62.3
62.4
62.3
62.3
62.3
62.3
62.4
62.4
62.4
62.3
62.3
62.2
62.3
62.3
62.3
62.3
62.3
62.2
62.3
62.3
62.3
62.2
62.2
62.2
62.1
62.1
62.0
62.0
62.0
61.9
62.0
62.0
62.0
62.0
62.0
62.0
62.2
62.2
62.2
62.2
62.2
62.2
62.1
62.1
62.1
62.1
62.1
62.2
62.2
62.2
62.2
62.3
71.7
62.6
62.5
62.5
62.4
62.4
62.5
62.5
62.5
62.5
62.5
62.4
62.8
62.7
62.7
62.6
62.5
62.5
62.8
63.0
63.0
62.8
62.7
62.7
62.6
62.6
62.5
62.5
62.5
62.5
62.5
62.5
62.5
62.4
62.4
62.4
62.4
62.3
62.3
62.3
62.3
62.3
62.2
62.2
62.1
62.2
62.2
62.3
62.4
62.4
62.4
62.4
62.3
62.4
62.3
62.3
62.3
62.3
62.2
62.2
62.1
62.1
62.1
62.2
62.2
62.2
62.2
62.2
62.3
62.3
62.3
62.3
62.2
62.2
62.2
62.1
62.1
62.1
62.1
62.6
71.5
62.6
62.5
62.5
62.4
62.4
62.4
62.4
62.4
62.3
62.6
62.6
62.5
62.4
62.3
62.3
62.2
62.2
62.2
62.3
62.2
62.3
62.4
62.3
62.4
62.5
62.4
62.5
62.4
62.4
62.4
62.3
62.2
62.2
62.2
62.2
62.8
62.8
62.7
62.6
62.6
62.6
62.5
62.5
62.4
62.4
62.4
62.4
62.3
62.3
62.2
62.2
62.2
62.2
62.3
62.2
62.2
62.3
62.7
63.1
63.4
63.3
63.1
63.1
63.0
62.9
62.8
62.8
62.6
63.2
70.7
62.4
62.4
62.3
62.3
62.3
62.3
62.3
62.3
62.3
62.2
62.2
62.2
62.1
62.2
62.2
62.2
62.2
70.7
62.1
62.7
62.6
62.6
62.6
62.5
62.5
62.6
62.6
62.5
62.5
62.4
62.4
62.3
62.3
62.7
62.7
62.7
62.6
62.6
62.6
62.7
62.6
62.5
62.4
62.4
62.3
62.3
62.2
62.2
62.2
67.4
66.7
66.2
65.7
65.3
64.8
64.5
64.2
64.0
63.8
63.5
63.3
63.2
63.1
62.9
62.8
62.7
62.6
62.5
62.5
62.5
62.5
62.4
62.4
62.4
62.4
62.4
62.4
62.3
62.3
62.3
62.2
62.2
62.5
62.4
62.4
62.4
62.5
62.4
62.4
62.4
62.5
62.4
62.4
62.4
62.4
62.4
62.3
62.3
62.3
62.3
62.2
62.2
62.2
62.3
62.7
62.6
62.7
63.1
63.3
63.7
63.5
63.3
63.2
63.0
62.9
62.9
62.8
62.7
62.6
62.6
62.6
62.5
62.5
62.5
62.4
62.4
62.4
62.4
62.3
62.3
62.3
62.3
62.2
62.2
62.1
62.1
62.2
62.3
62.3
62.3
62.3
62.3
62.3
62.4
62.4
62.3
62.3
62.2
62.3
62.4
62.3
62.2
62.2
62.2
62.2
62.2
62.2
62.2
62.2
62.2
62.2
62.2
62.3
62.2
62.2
62.2
62.2
62.1
62.1
62.2
62.2
62.1
62.1
62.2
62.2
62.1
62.1
62.1
62.1
62.2
62.2
62.2
62.2
62.1
62.1
62.1
62.0
62.2
62.2
62.2
62.2
62.1
62.1
62.2
62.2
62.3
62.3
62.4
62.3
62.3
62.2
62.2
62.2
62.1
62.1
62.1
62.1
62.1
62.1
62.2
62.2
62.2
62.1
62.2
62.2
62.2
62.2
62.2
62.2
62.1
67.6
67.3
61.9
61.9
61.9
61.9
62.1
67.6
62.1
62.1
62.1
62.1
62.2
62.3
62.7
62.8
62.6
62.6
62.4
62.4
62.3
62.2
62.2
62.2
62.2
62.2
62.5
63.1
63.0
62.9
62.8
62.7
62.6
62.6
62.4
62.4
62.3
62.2
62.3
62.2
62.3
62.2
62.5
70.5
62.1
62.1
62.1
62.2
62.2
62.2
62.2
62.1
62.1
62.0
62.0
70.3
61.5
61.6
61.7
61.8
61.9
61.9
61.9
62.0
62.0
62.0
62.0
62.2
62.1
62.2
62.1
62.1
62.1
62.1
62.1
62.2
62.2
62.1
62.1
62.2
62.3
62.3
62.4
62.3
62.3
62.3
62.3
62.2
62.2
62.2
62.1
62.2
62.1
62.2
62.2
62.3
62.3
62.3
62.3
62.3
62.3
62.3
62.4
62.4
62.3
62.3
62.3
62.3
62.2
62.3
62.3
62.3
62.3
62.3
62.3
62.3
62.3
62.3
62.3
62.7
62.6
62.6
62.5
62.4
62.4
62.3
62.3
62.4
62.8
63.2
63.5
63.3
63.2
63.2
63.5
63.3
63.2
63.2
63.2
63.0
62.8
62.7
62.6
62.6
62.5
62.5
62.5
62.4
62.4
62.3
62.4
62.4
62.3
62.3
62.3
62.2
62.2
62.2
62.2
62.1
62.1
62.1
62.1
62.2
62.2
62.2
62.2
62.2
62.3
62.3
62.3
62.2
62.2
62.2
62.1
62.1
62.1
62.1
62.4
68.0
62.4
62.3
62.3
62.3
62.4
62.5
62.4
62.4
62.4
62.3
62.5
62.7
62.6
62.5
62.5
62.4
62.4
68.2
62.8
62.7
62.6
62.5
62.5
62.5
62.4
62.4
62.4
62.3
62.2
62.1
62.1
62.1
62.1
62.1
62.1
62.1
62.1
62.2
62.3
62.3
62.3
62.3
62.3
70.1
61.9
61.8
61.9
61.9
62.0
61.9
62.1
62.1
62.2
62.2
62.2
62.2
62.3
62.3
62.2
62.2
62.2
62.2
62.1
62.1
62.1
62.1
62.1
62.2
62.2
62.3
62.3
62.3
62.3
