59.0
59.1
59.4
59.5
59.5
59.5
59.6
59.6
59.6
59.7
59.7
59.8
59.8
68.4
60.1
60.0
60.0
60.0
60.0
60.0
60.0
60.1
60.4
60.3
60.3
60.2
60.2
60.2
60.2
60.2
60.2
60.2
60.2
65.7
65.9
60.1
60.0
60.2
60.2
60.1
60.1
60.1
60.1
60.0
60.0
60.0
60.0
60.0
59.9
60.0
59.9
60.0
60.0
60.2
60.2
60.2
60.2
60.1
60.1
60.5
60.5
60.4
60.3
60.3
60.3
60.4
60.4
60.4
60.3
60.3
60.3
60.3
60.4
60.5
60.5
60.4
60.5
60.4
60.4
60.4
60.5
60.5
60.4
60.4
60.4
60.3
60.3
60.2
60.2
60.1
60.1
60.1
60.1
60.1
60.3
60.2
60.2
60.2
60.2
69.2
60.1
60.1
60.0
60.0
60.0
60.0
59.9
59.9
59.9
59.9
59.9
59.9
59.9
59.9
59.8
59.9
59.8
59.9
59.9
59.9
59.9
60.0
59.9
59.9
60.0
60.0
60.0
60.1
60.1
60.1
60.1
60.1
60.1
60.1
60.1
60.1
60.1
60.2
60.1
60.1
60.2
60.1
60.3
60.2
60.2
60.2
60.2
60.1
60.1
60.1
60.1
60.2
60.1
60.1
60.1
60.2
60.1
60.3
60.3
60.2
60.3
60.3
60.3
60.3
60.3
60.3
60.3
60.2
60.2
60.2
60.4
67.4
60.5
60.5
60.4
60.5
60.5
60.4
60.4
60.4
60.4
60.3
60.5
68.8
60.7
60.6
60.6
60.6
60.5
60.4
60.4
60.3
60.3
60.3
60.3
60.3
60.3
60.2
60.3
60.2
60.2
60.2
60.2
60.2
60.2
60.3
60.2
60.3
60.6
60.5
60.5
60.5
60.5
60.4
60.4
60.4
60.4
60.4
60.4
60.4
60.4
60.3
60.3
60.3
60.3
