52.6
58.5
58.5
58.6
58.6
58.6
58.7
58.7
58.8
58.9
59.2
59.5
59.5
59.7
59.6
59.6
59.8
59.7
59.6
59.5
59.5
59.4
59.4
59.4
59.3
59.4
59.3
59.2
59.4
59.5
59.5
59.5
59.4
59.5
59.5
59.5
59.5
59.4
59.4
59.3
59.4
59.3
59.2
59.2
59.2
59.2
59.2
59.2
59.2
59.2
59.2
59.2
59.1
59.2
59.2
59.6
59.6
59.6
59.5
59.4
59.4
59.4
59.4
59.9
60.3
60.6
60.5
60.3
60.2
60.2
60.1
60.0
59.8
59.7
59.6
59.6
59.4
59.5
59.5
59.6
59.6
59.8
59.7
59.7
59.6
59.5
59.5
59.4
59.4
59.5
59.5
59.5
59.5
59.5
59.5
59.5
59.5
59.4
59.5
59.4
59.4
59.3
59.3
59.4
59.6
59.6
59.4
59.4
59.4
59.8
59.7
59.7
59.6
59.6
59.5
59.6
59.6
59.6
59.6
59.8
59.7
59.6
59.6
59.9
59.7
60.1
60.5
60.3
60.2
60.0
59.9
59.9
59.8
59.7
59.6
59.5
59.5
59.4
59.4
59.3
59.4
59.4
59.4
59.5
59.5
59.4
59.5
59.5
59.5
59.4
59.4
59.3
59.4
59.3
59.3
59.3
59.2
59.2
59.1
59.1
59.1
59.1
59.1
59.1
59.0
59.0
59.2
59.2
59.2
59.1
59.1
59.3
59.2
59.2
59.5
59.7
59.6
59.6
59.6
59.5
59.5
59.4
59.3
64.6
64.3
64.2
59.0
59.2
59.4
59.7
59.6
59.6
59.6
59.5
59.5
59.5
59.4
59.3
59.3
59.3
59.2
59.2
59.2
59.2
59.2
59.2
59.2
59.3
59.2
59.2
59.2
59.3
59.3
59.3
59.4
59.3
59.3
59.3
59.3
59.3
59.5
59.7
59.7
59.6
59.5
59.5
59.4
59.4
59.3
59.3
59.9
59.8
59.7
59.9
60.3
60.2
60.3
60.1
60.0
59.9
59.8
59.7
59.7
59.8
59.6
59.5
59.6
59.5
59.5
59.6
59.6
59.5
59.5
59.4
59.4
59.3
59.3
59.3
59.3
59.2
59.2
59.2
59.2
59.2
59.1
59.2
59.1
59.3
59.4
59.4
59.6
59.8
59.8
60.1
59.9
59.8
59.7
59.6
59.6
59.5
59.5
59.5
59.8
59.8
59.7
59.6
59.6
59.5
59.5
59.4
59.4
59.4
59.7
59.7
60.0
60.1
60.0
59.9
59.8
59.7
59.6
59.6
59.5
59.6
59.5
59.5
59.4
59.4
59.4
59.4
59.7
59.6
59.6
59.5
59.5
59.6
59.5
59.5
59.5
59.5
59.5
59.5
59.4
59.3
59.4
59.3
59.3
59.2
59.2
59.2
59.3
59.2
59.2
59.2
59.2
59.2
59.3
59.2
59.2
59.3
59.3
59.3
59.3
59.3
59.2
59.7
59.7
59.6
59.6
59.5
59.5
59.5
59.5
59.6
59.5
59.5
59.4
59.4
59.4
59.4
59.6
59.5
59.5
59.4
59.4
59.3
59.3
59.4
59.5
59.8
59.8
59.7
59.6
59.5
59.4
59.4
59.4
59.3
59.3
59.2
59.2
59.1
59.1
59.0
59.0
59.0
59.6
59.5
59.5
59.4
59.5
59.5
59.5
59.5
59.5
59.4
59.7
60.0
59.9
59.8
59.7
59.6
59.5
59.5
59.5
59.5
59.5
59.4
59.4
59.3
59.3
59.3
59.3
59.4
59.7
59.6
59.6
59.6
59.5
59.7
60.2
60.3
60.2
60.6
60.9
61.2
61.0
60.8
60.8
60.7
60.5
60.4
60.3
60.2
60.1
60.1
59.9
59.8
59.8
59.7
59.5
59.5
59.4
59.4
59.3
59.3
59.3
59.3
59.2
59.2
59.2
59.2
59.2
59.3
59.2
59.2
59.2
59.1
59.1
59.1
59.1
59.3
59.3
59.3
59.3
59.3
59.2
59.2
59.2
59.1
59.1
59.1
59.1
59.1
59.1
59.1
59.1
59.1
59.1
59.1
59.1
59.1
59.2
59.2
59.2
59.2
59.3
59.3
59.3
59.3
59.3
59.2
59.2
59.1
59.2
59.2
59.2
59.1
59.1
59.2
59.1
59.1
59.2
59.2
59.3
59.2
59.1
59.1
59.1
59.1
59.3
59.5
59.5
59.5
59.5
59.5
59.4
59.4
59.4
59.4
59.3
59.3
59.4
59.5
59.4
59.5
59.4
59.3
59.5
59.4
59.4
59.4
59.3
59.3
59.3
59.4
59.4
59.4
59.4
59.4
59.4
59.4
59.4
59.5
59.5
59.4
59.4
59.4
59.4
59.4
59.4
59.4
59.5
59.5
59.5
59.5
59.4
59.4
59.3
59.4
59.3
59.3
59.2
59.2
59.3
59.4
59.4
59.4
59.3
59.3
59.4
59.5
59.5
59.5
59.5
59.5
59.5
59.5
59.5
59.6
59.6
59.5
59.6
59.5
59.5
59.5
59.7
59.6
59.7
59.7
60.1
60.4
60.4
60.2
60.1
60.0
59.9
59.8
59.7
59.6
59.6
59.5
59.7
59.6
59.6
59.5
59.5
59.4
59.4
59.4
59.3
59.3
59.5
59.6
59.5
59.7
59.7
59.6
59.6
59.5
59.5
59.4
59.4
59.5
59.4
59.4
59.3
59.4
59.3
59.3
59.4
59.3
59.3
59.6
59.6
59.5
59.7
65.7
59.2
59.8
59.7
59.6
59.6
59.6
59.5
59.5
59.5
59.5
59.5
59.5
59.4
59.4
59.4
59.4
59.3
59.3
59.3
59.3
59.5
59.6
59.9
60.1
60.1
60.0
60.3
60.3
60.1
60.0
60.0
60.1
60.1
60.0
59.9
59.8
59.7
59.7
59.6
59.5
59.5
59.5
59.5
59.4
59.4
59.4
59.4
59.4
59.4
59.4
59.7
59.6
59.5
60.1
60.1
60.0
59.9
59.8
59.7
59.7
59.6
59.6
59.5
59.9
59.8
59.9
59.8
59.8
59.7
59.6
59.5
59.5
59.4
59.4
65.1
64.8
59.4
59.4
59.4
59.4
59.3
59.3
59.3
59.3
59.3
59.3
59.4
59.4
59.4
59.3
59.3
59.3
59.4
59.4
59.3
59.3
59.3
59.3
59.7
59.7
59.7
59.6
59.5
59.5
59.4
59.4
59.4
59.4
59.4
59.4
59.4
59.4
59.3
59.3
59.3
59.4
59.3
59.3
59.3
59.5
59.5
59.7
60.0
60.1
59.9
59.9
59.8
59.7
59.6
59.6
59.5
59.6
59.9
59.8
59.8
59.8
59.8
59.8
59.7
59.6
59.6
59.6
59.5
59.5
59.4
59.5
59.5
59.5
59.5
59.4
59.4
59.4
59.4
59.3
59.4
59.5
59.5
59.5
59.7
59.5
59.5
59.5
59.4
59.6
59.6
59.6
59.5
59.5
59.9
59.9
59.9
59.8
59.7
59.7
59.6
59.6
59.5
59.5
59.4
59.4
59.4
59.4
59.3
59.3
59.3
59.3
59.3
59.3
59.3
59.3
59.3
59.3
59.6
60.0
60.0
59.9
59.8
59.7
59.7
59.7
59.7
59.6
59.5
59.5
59.4
59.4
59.4
59.4
59.3
59.4
59.3
59.3
59.3
59.3
59.3
59.4
59.4
59.4
59.9
59.9
59.8
59.9
59.7
60.3
60.1
60.0
60.0
59.9
59.9
59.7
59.7
59.6
59.6
59.5
59.6
59.5
59.5
59.4
59.4
59.3
59.3
59.4
59.9
59.7
59.7
59.6
59.6
59.5
59.5
59.5
59.4
59.4
59.4
59.6
59.5
59.5
59.4
59.4
59.4
59.4
59.4
59.4
59.4
59.4
59.4
59.9
60.4
60.6
60.5
60.4
60.3
60.1
60.0
59.9
59.8
59.7
59.6
59.6
59.6
59.5
59.5
59.5
59.5
59.4
59.4
59.3
59.4
59.3
59.8
59.8
60.1
60.0
59.9
59.9
59.9
59.8
59.7
59.6
59.5
59.6
59.5
59.5
59.4
59.4
59.4
59.3
59.3
59.3
59.2
59.3
59.3
59.3
59.2
59.2
59.2
59.2
59.2
59.3
59.3
59.3
59.3
59.3
59.5
59.4
59.4
59.4
59.3
59.3
59.3
59.3
59.3
59.3
59.3
59.3
59.3
59.3
59.7
59.6
59.6
59.5
59.9
59.9
60.3
60.1
59.9
59.8
59.7
59.7
59.6
59.5
59.4
59.3
59.4
59.7
59.7
59.6
59.6
59.7
59.6
60.0
59.9
60.2
60.1
60.0
60.1
60.0
59.8
59.7
59.7
59.6
59.5
59.5
59.4
59.4
59.4
59.4
59.3
59.4
59.4
59.3
59.4
59.3
59.3
59.3
59.3
59.7
60.2
60.5
60.4
60.4
60.2
60.0
60.0
59.9
59.8
59.7
59.7
59.6
59.6
59.5
59.4
59.4
59.3
59.3
59.3
59.2
59.2
59.2
59.2
59.2
59.2
59.2
59.1
59.2
59.2
59.1
59.1
59.1
59.1
59.1
59.5
59.4
59.4
59.3
59.3
59.4
59.4
59.4
59.5
59.5
60.0
59.9
59.8
59.7
59.6
59.6
59.5
59.4
59.4
59.4
59.4
59.3
59.4
59.4
59.4
59.5
59.4
59.4
59.3
59.2
59.3
59.2
59.2
59.2
59.2
59.1
59.1
59.1
59.1
59.1
59.1
59.1
59.1
59.1
59.1
59.2
59.2
59.2
59.1
59.1
59.1
59.1
59.1
59.1
59.1
59.2
59.1
59.7
60.1
59.9
59.9
59.8
59.7
59.6
59.5
59.4
59.4
59.4
59.4
59.3
59.4
59.3
59.3
59.3
59.2
59.2
59.2
59.1
59.1
59.1
59.3
59.3
59.3
59.3
59.3
59.4
59.4
59.3
59.3
59.2
59.4
59.3
59.4
59.8
59.6
59.6
59.6
59.5
59.9
59.9
60.2
60.1
59.9
59.7
59.6
59.6
59.5
59.4
59.5
59.6
59.5
59.5
59.8
59.7
59.7
59.6
59.5
59.4
59.3
59.2
59.2
59.3
59.2
59.2
59.2
59.3
59.3
59.3
59.2
59.2
59.2
59.2
59.2
59.2
59.2
59.3
59.3
59.2
59.2
59.2
59.7
59.7
59.6
59.6
59.8
59.7
59.6
59.5
59.4
59.3
59.3
59.5
59.3
59.4
59.4
59.3
59.3
59.3
59.3
59.3
59.2
59.2
59.2
59.2
59.2
59.2
59.1
59.1
59.1
59.1
59.0
59.0
59.0
59.0
59.2
59.2
59.1
59.1
59.0
59.0
59.1
59.0
59.1
59.1
59.0
59.0
59.0
59.0
59.0
59.0
59.0
59.1
59.0
59.1
59.5
59.5
59.4
59.6
59.5
59.4
59.3
59.4
59.4
59.4
59.3
59.8
60.2
60.5
60.5
60.4
60.3
60.1
59.9
59.8
59.6
60.1
60.0
59.9
59.8
59.7
59.6
59.5
59.4
59.4
59.3
59.3
59.2
59.2
59.2
59.2
59.4
59.6
65.5
59.4
59.3
59.3
59.3
59.3
59.3
59.3
59.3
59.2
59.4
59.3
59.3
59.3
59.7
59.6
59.5
59.6
59.5
59.4
59.5
59.4
59.4
59.4
59.3
59.3
59.2
59.2
59.2
59.2
59.2
59.2
59.2
59.2
59.3
59.4
59.4
59.4
59.3
59.3
59.5
59.4
59.4
59.3
59.3
59.3
59.3
59.3
59.3
59.3
59.2
59.2
59.2
59.2
59.1
59.1
59.1
59.1
59.1
59.1
59.1
59.2
59.2
59.2
59.1
59.1
59.2
59.2
59.2
59.2
59.3
59.3
59.8
59.7
59.6
59.5
59.4
59.4
59.3
59.3
59.2
59.7
59.6
59.5
59.5
59.5
59.4
59.4
59.4
59.3
59.3
59.3
59.3
59.5
59.4
59.4
59.4
59.3
59.3
59.2
59.2
59.2
59.6
59.5
59.5
59.4
59.5
59.5
59.6
60.1
60.0
59.9
59.8
59.7
59.6
59.5
59.6
59.5
59.5
59.7
59.6
59.5
59.5
59.4
59.4
59.5
59.4
59.3
59.3
59.2
59.2
59.2
59.1
59.3
59.4
59.7
59.7
59.8
59.7
59.6
59.5
59.4
59.3
59.3
59.4
59.4
59.3
59.3
59.2
59.2
59.4
59.4
59.7
59.6
59.6
59.5
59.9
59.8
59.7
59.6
60.0
60.0
59.9
59.8
59.7
59.6
59.6
59.5
59.4
59.3
59.3
59.3
59.1
59.2
59.2
59.2
59.2
59.1
59.1
59.0
59.0
59.0
59.0
59.1
59.1
59.0
59.5
59.4
59.3
59.3
59.2
59.2
59.1
59.1
59.1
59.1
59.0
59.1
59.1
59.3
59.2
59.5
59.4
59.4
59.3
59.2
59.2
59.4
59.4
59.5
59.4
59.4
59.4
59.3
59.3
59.3
59.3
59.2
59.3
59.2
59.2
59.1
59.1
59.1
59.1
59.0
59.0
59.0
59.1
59.0
59.2
59.2
59.7
59.6
59.5
59.5
59.4
59.3
59.3
59.3
59.2
59.2
59.4
59.3
59.3
59.2
59.3
59.2
59.3
59.3
59.3
59.3
59.2
59.2
59.3
59.3
59.2
59.1
59.2
59.1
59.1
59.1
59.0
59.1
59.1
59.0
59.0
59.0
59.0
59.0
59.2
59.2
59.1
59.2
59.2
59.2
59.1
59.0
59.0
59.0
59.2
59.2
59.1
59.1
59.1
59.3
59.2
59.1
59.1
59.1
59.1
59.1
59.1
