41.8
56.7
57.1
57.4
57.7
57.9
58.2
58.3
58.5
58.7
58.8
59.0
59.1
59.3
59.4
59.4
60.0
66.5
60.5
60.4
60.3
60.3
60.3
60.3
60.3
60.2
60.2
60.1
60.1
60.1
60.0
60.0
60.0
60.0
60.0
60.0
60.0
60.0
60.0
60.0
59.9
60.0
59.9
59.9
59.9
59.9
59.8
60.2
60.1
60.1
60.0
60.0
59.9
59.8
59.7
59.7
59.7
59.7
59.6
59.6
59.6
59.6
59.6
59.6
59.5
59.5
59.5
59.5
59.6
59.5
59.5
59.5
59.6
59.6
59.6
59.6
59.6
59.6
59.6
59.7
59.7
59.7
59.6
59.6
59.6
59.5
59.6
59.6
59.6
59.6
59.6
59.8
60.3
60.2
60.1
60.0
60.0
59.9
59.9
59.9
59.8
59.8
59.8
59.7
59.7
59.7
59.8
59.8
59.7
59.7
59.7
59.7
59.7
59.7
59.7
59.7
59.7
59.6
59.6
59.7
59.7
59.7
59.6
59.6
59.6
59.6
59.6
59.6
59.7
59.6
59.7
59.7
59.6
59.9
59.9
59.9
59.9
59.8
59.8
59.7
59.8
59.9
59.8
59.8
59.8
59.7
59.8
59.8
60.3
69.6
59.7
59.7
59.6
59.6
59.6
59.6
59.6
59.6
59.6
59.6
59.5
59.6
59.6
59.6
59.7
59.7
59.7
59.7
60.1
60.5
60.8
60.7
60.6
60.5
60.4
60.3
60.2
60.1
60.1
60.0
60.0
60.0
60.0
59.9
59.9
59.8
59.8
59.8
59.8
59.7
59.7
59.7
59.6
59.9
59.9
59.9
59.8
59.8
59.8
59.7
59.8
59.8
59.8
59.8
59.8
59.8
59.8
59.7
59.8
59.7
59.7
59.7
59.7
65.7
59.7
59.7
59.6
59.7
59.7
59.7
59.6
59.6
59.6
59.6
59.6
59.6
59.6
59.6
59.6
59.6
59.6
59.6
59.7
59.7
59.7
59.7
59.7
59.7
59.6
59.7
59.7
59.6
59.6
59.6
59.5
59.5
59.5
59.7
59.7
59.7
59.7
59.7
59.7
59.6
59.6
59.6
59.7
59.7
59.8
59.7
59.7
59.7
59.6
66.5
59.4
59.3
59.3
59.6
59.7
59.7
59.7
59.7
59.8
59.7
59.7
59.7
59.7
59.7
59.7
59.8
59.8
59.7
59.7
59.7
59.7
59.9
59.9
60.1
60.4
60.8
60.9
60.8
60.7
60.6
60.5
60.3
60.2
60.2
60.1
60.1
60.0
60.0
60.0
59.9
59.9
59.8
59.8
59.7
59.7
59.7
59.6
59.7
59.6
59.6
59.7
59.7
59.8
59.7
59.7
59.7
59.8
60.2
60.1
60.0
60.0
60.0
59.9
59.9
59.8
59.8
59.8
59.7
59.7
65.7
59.4
59.4
59.4
59.6
59.6
59.6
59.6
59.7
59.7
59.7
59.7
59.7
59.8
59.7
59.7
59.7
59.8
59.8
59.7
59.7
59.7
59.6
59.7
59.6
59.6
59.6
59.7
59.7
59.6
59.6
59.6
59.7
60.1
60.7
60.6
60.5
60.3
60.2
60.1
60.0
60.0
59.9
59.9
59.9
59.8
59.8
59.8
59.7
59.8
59.8
59.8
59.7
59.8
59.8
59.8
60.3
60.1
60.1
60.0
60.0
60.0
59.9
59.9
59.9
59.9
59.8
59.8
59.8
59.8
59.8
59.8
59.7
59.8
59.8
59.7
59.7
59.8
59.8
59.8
60.4
60.3
60.3
60.2
60.1
60.0
60.0
60.0
59.9
59.9
59.9
59.8
59.8
59.9
59.9
59.9
59.8
59.8
59.8
59.8
59.8
59.7
59.8
59.8
59.8
59.8
59.8
59.8
59.7
59.7
59.7
59.8
59.7
59.7
59.7
59.7
59.7
59.7
60.1
60.5
60.4
60.3
60.2
60.1
60.0
60.0
60.1
60.1
60.0
65.9
59.9
59.8
59.8
59.8
59.8
59.9
65.3
59.9
59.9
59.9
59.8
59.8
59.8
59.8
59.7
59.8
59.8
59.7
59.8
59.7
59.7
59.7
59.7
59.7
59.8
60.2
60.4
60.2
60.2
60.1
60.1
60.3
60.4
60.3
60.2
60.2
60.1
60.2
65.3
59.7
59.6
59.7
59.7
59.7
59.7
59.7
59.7
59.8
59.7
59.7
59.7
59.7
66.1
59.7
59.7
59.6
59.7
60.2
60.1
60.1
60.0
60.1
60.1
60.1
60.6
61.1
61.3
61.1
61.0
60.9
60.9
60.8
60.6
60.5
60.5
60.4
60.3
60.2
60.1
60.1
60.1
60.0
60.0
59.9
59.9
59.9
60.5
60.3
60.3
60.2
60.2
60.1
60.0
60.0
60.0
60.0
60.0
59.9
60.4
60.3
60.2
65.5
65.3
59.7
59.7
59.7
59.7
59.7
59.8
59.7
59.7
59.8
59.8
59.8
59.8
59.8
59.8
59.8
59.8
59.8
59.9
59.9
60.0
59.9
59.9
59.9
59.8
60.1
60.6
60.4
60.4
60.3
60.2
60.1
60.2
60.1
60.1
60.0
60.0
60.0
59.9
60.4
66.7
59.7
59.7
59.8
59.9
59.8
59.8
59.8
59.8
59.7
59.8
59.8
59.8
59.8
59.8
59.8
59.8
59.8
59.8
59.8
59.8
59.9
71.3
65.5
59.7
59.7
59.7
59.7
66.1
68.4
