59.2
59.5
60.0
60.2
60.4
60.6
60.8
60.9
61.2
61.3
61.4
61.5
61.5
61.6
61.6
61.7
61.8
61.8
61.8
61.9
62.3
62.6
62.5
62.5
62.5
62.5
62.6
62.5
62.6
62.5
62.8
62.7
62.7
62.6
62.6
62.5
62.5
62.5
62.6
62.5
62.5
62.5
62.4
62.4
68.4
68.2
67.9
62.1
62.1
62.1
62.1
62.6
62.6
62.7
62.7
62.7
69.0
62.1
62.1
62.1
62.1
62.1
62.2
62.2
62.2
62.6
63.0
63.4
63.3
63.2
63.2
63.1
63.0
62.9
62.8
62.8
62.7
62.8
62.7
62.6
62.6
62.6
62.5
62.5
62.5
62.5
62.5
62.5
62.5
62.5
62.4
62.4
62.5
62.6
62.6
62.6
62.6
62.5
62.5
62.5
62.5
62.6
62.6
62.5
62.5
62.5
62.4
62.5
62.5
62.4
62.4
62.4
62.4
62.4
62.4
62.5
62.5
62.6
62.7
62.8
62.8
62.7
62.7
62.7
62.7
62.7
62.6
62.5
62.6
62.6
62.5
62.6
62.5
62.5
62.5
62.5
62.5
62.5
62.5
62.5
62.5
62.5
68.6
62.6
62.5
62.5
62.5
62.5
62.6
62.6
69.8
63.4
64.0
63.9
63.7
63.6
63.4
63.3
63.3
63.1
63.2
63.1
63.0
63.0
62.9
62.8
62.8
62.8
62.8
62.7
62.7
62.6
62.6
62.6
62.7
62.8
63.2
63.1
63.0
63.0
62.9
62.9
62.8
62.8
62.7
62.8
63.2
63.5
63.9
63.9
63.7
63.6
63.5
63.4
63.3
63.2
63.1
63.1
63.2
63.1
63.1
63.0
63.0
62.9
62.9
62.8
62.8
62.8
62.7
62.7
62.7
62.7
62.7
62.6
62.6
62.6
62.6
62.6
62.8
63.0
63.0
