42.0
61.0
61.0
61.0
61.1
61.1
61.1
61.1
61.2
61.3
61.3
61.4
61.4
61.4
61.4
61.4
61.6
61.6
61.6
61.6
61.6
61.6
61.6
61.6
61.6
61.6
61.6
61.6
61.6
61.6
61.6
61.6
61.7
61.6
61.6
61.6
61.6
61.6
61.6
61.6
61.5
61.5
61.5
61.5
61.5
61.5
61.5
61.5
61.5
61.5
61.5
61.5
61.5
61.5
61.4
61.5
61.5
61.7
61.7
61.8
61.7
61.7
61.7
61.7
61.6
61.6
61.6
61.6
61.8
62.2
62.1
62.0
61.9
61.9
61.8
61.7
61.6
61.6
61.5
61.5
61.4
61.4
70.9
61.3
61.2
61.2
61.2
61.2
61.2
61.2
61.2
61.2
61.2
61.2
61.2
61.2
61.3
61.3
61.3
61.3
61.3
61.3
61.3
61.3
61.3
61.3
61.3
61.3
61.3
61.3
61.5
61.5
61.5
61.5
61.5
61.5
61.5
61.5
61.4
61.4
61.4
61.4
61.4
61.4
61.3
61.3
61.3
61.3
61.3
61.3
61.2
61.3
61.3
61.2
61.2
61.3
66.7
66.1
65.4
64.9
64.5
64.0
63.7
63.4
63.1
62.8
62.7
62.5
62.3
62.2
62.1
61.9
61.9
61.8
61.7
61.7
61.7
61.6
61.6
61.7
61.6
61.7
61.6
61.6
61.6
61.5
61.5
66.9
61.3
61.3
61.3
61.3
61.2
61.3
61.2
61.3
61.3
61.4
61.4
61.3
61.4
61.3
61.3
61.3
61.3
61.5
61.4
61.4
61.6
61.5
61.5
61.5
61.4
61.4
61.4
61.4
61.4
61.3
61.3
61.4
61.4
61.3
61.3
61.3
61.5
61.5
61.5
61.4
61.4
61.4
61.4
61.9
61.9
68.2
61.3
61.3
69.2
68.7
61.5
61.4
61.4
61.4
61.4
61.4
61.4
61.4
61.3
61.3
61.4
61.4
61.4
61.3
61.3
61.3
61.3
61.3
61.3
61.3
61.3
61.4
61.3
61.3
61.4
61.4
61.4
61.4
61.4
61.4
61.4
61.5
61.6
61.6
61.5
61.5
61.5
61.7
61.9
61.8
61.7
61.7
61.7
61.6
61.5
61.5
61.5
61.4
61.4
61.4
61.4
61.4
61.4
61.3
61.3
61.3
61.3
61.8
61.8
61.7
61.7
61.6
61.5
61.5
61.5
61.5
61.4
61.4
61.4
61.4
61.4
61.4
61.4
61.3
61.3
61.4
61.4
61.8
61.7
61.7
61.7
61.6
61.6
61.6
61.5
61.5
61.5
61.5
62.1
62.1
62.0
62.0
67.8
62.6
62.4
62.3
62.2
62.1
62.0
62.0
61.9
61.8
61.8
62.0
61.9
61.9
61.8
61.8
61.7
61.7
61.6
61.6
61.6
61.6
61.5
61.5
61.5
61.6
61.5
61.5
61.5
61.5
61.4
61.5
61.4
61.4
61.4
61.4
61.4
61.5
61.5
61.4
61.4
61.4
61.4
61.5
68.2
61.7
61.6
61.6
62.2
62.3
62.2
62.0
62.0
61.9
61.8
61.8
61.8
61.9
72.8
65.9
65.8
65.3
64.8
64.4
64.0
63.7
63.4
63.2
63.1
62.9
62.7
62.6
62.8
62.7
63.0
62.8
62.7
62.5
62.4
62.2
62.2
62.1
62.0
62.2
62.1
62.0
62.0
61.9
61.9
61.9
61.8
61.8
61.8
61.7
61.7
61.7
61.6
61.7
61.7
61.6
61.6
61.6
61.5
61.5
61.5
61.5
61.5
61.5
61.4
61.5
61.5
61.5
61.5
61.5
61.5
61.5
61.5
61.5
61.4
61.5
61.5
61.5
61.5
61.4
61.5
61.5
61.4
61.4
61.5
61.7
62.1
62.5
62.9
62.7
62.8
62.6
62.5
62.3
62.2
62.1
62.0
61.9
61.9
61.8
61.7
61.7
61.6
61.6
61.6
61.6
61.5
61.5
61.5
61.5
61.5
61.5
61.5
61.5
61.6
61.6
61.5
61.5
61.5
61.4
61.4
61.4
61.4
61.5
61.4
61.4
61.4
61.4
61.5
61.5
61.4
61.4
62.0
62.1
62.0
61.9
61.8
61.7
61.7
61.7
61.6
61.6
61.6
61.6
61.6
61.5
61.5
61.5
61.5
61.5
61.5
61.5
61.5
61.5
61.5
61.4
61.7
61.6
61.6
61.6
61.6
61.5
61.5
61.5
61.5
61.6
61.5
61.5
61.5
61.5
61.5
61.5
61.5
61.5
62.1
62.5
62.4
62.2
62.2
62.1
62.0
62.0
61.9
61.9
61.8
61.8
61.8
61.7
61.7
61.7
61.7
61.6
61.6
61.6
61.6
61.7
61.6
61.6
61.6
61.6
61.6
61.6
62.0
62.0
61.9
61.9
62.3
62.2
62.1
62.6
62.6
62.5
62.3
62.2
62.1
62.0
62.0
61.9
61.8
61.8
61.7
61.7
61.7
61.6
61.6
61.5
61.5
61.5
61.5
61.4
61.5
61.5
61.4
61.4
61.5
61.5
62.1
62.4
62.3
62.2
62.2
62.1
62.0
62.0
61.9
61.9
61.9
61.8
61.8
61.7
61.7
61.6
61.6
61.6
67.4
61.9
62.0
62.0
61.9
61.9
68.4
62.1
62.0
61.9
61.8
61.8
61.7
61.7
61.7
61.6
61.6
61.6
61.6
61.5
61.5
61.5
61.5
61.5
67.8
61.5
61.5
61.4
61.4
61.4
61.4
61.6
61.6
61.6
61.6
61.5
61.5
61.5
61.5
61.5
61.6
61.5
61.5
61.5
61.5
61.5
61.5
61.5
62.1
62.4
62.3
62.2
62.1
62.0
61.9
61.9
61.8
61.8
61.7
62.0
62.2
62.2
62.1
62.0
61.9
61.9
61.8
61.8
61.7
61.7
61.7
61.7
62.2
62.6
62.9
62.7
62.8
62.6
62.5
62.4
62.3
62.2
62.1
62.0
62.0
61.9
61.8
61.7
61.7
61.7
61.6
61.6
61.6
61.5
61.5
61.5
61.5
61.5
61.5
61.5
61.5
61.5
68.2
61.5
61.4
61.4
61.4
61.4
61.4
61.4
61.5
61.4
61.4
61.5
61.5
61.4
61.4
61.4
61.4
61.4
61.4
61.5
61.7
61.6
61.6
61.6
61.5
61.5
61.5
61.5
61.9
61.9
61.8
61.8
61.7
61.7
61.6
61.6
61.6
61.7
61.7
61.7
61.6
61.6
61.5
61.5
61.5
61.5
61.5
61.4
61.4
61.4
61.4
61.4
68.4
61.5
61.5
61.4
61.4
61.5
61.5
61.5
61.5
61.4
61.4
61.4
61.5
61.5
61.5
61.5
68.8
63.0
62.8
62.6
63.1
73.0
62.1
62.0
61.9
61.8
61.8
61.7
61.7
61.7
61.6
61.6
61.6
61.6
61.6
61.6
61.5
61.7
62.1
62.5
62.9
62.7
62.6
62.4
62.3
62.2
62.1
62.1
62.0
61.9
61.9
61.9
62.0
61.9
61.9
61.8
61.8
61.7
61.7
61.7
61.7
61.6
61.6
61.6
61.6
61.7
61.7
61.7
61.7
61.6
61.6
61.6
61.6
61.6
61.5
61.6
61.5
61.5
61.6
61.6
61.5
61.5
61.5
61.5
61.8
61.8
61.7
61.7
61.8
61.8
61.7
61.7
61.7
61.6
61.8
61.8
61.7
61.7
61.6
61.6
61.6
61.6
61.6
61.5
61.5
61.5
61.5
61.5
61.5
61.5
61.5
61.5
61.5
61.4
61.4
61.4
61.4
61.4
61.4
61.4
61.4
61.4
61.4
61.4
61.4
66.5
65.8
65.3
64.8
64.4
64.1
63.7
63.4
63.3
63.1
62.9
62.7
62.6
62.5
62.3
62.3
62.2
62.1
62.0
61.9
61.9
61.8
61.8
61.8
61.7
61.7
61.7
61.6
61.6
61.6
61.6
61.6
61.6
61.6
61.6
61.6
61.6
61.5
61.5
61.5
61.5
61.5
61.5
61.5
61.5
61.5
61.5
61.5
61.5
61.5
61.5
61.5
61.5
61.5
61.5
61.5
61.5
61.5
61.5
61.5
61.5
61.5
61.6
61.5
61.5
61.5
61.5
61.5
61.6
61.6
61.5
61.6
61.5
61.5
61.6
61.6
61.6
61.6
61.6
61.6
61.6
61.6
61.6
61.6
61.6
61.6
61.6
61.6
61.6
61.6
61.6
61.6
61.8
61.8
61.8
61.9
61.9
61.8
61.8
61.8
61.8
61.7
61.7
61.7
61.7
61.7
61.7
61.6
61.6
61.6
61.6
61.6
61.6
61.6
61.6
61.6
61.6
69.6
61.3
61.6
61.7
61.7
61.7
61.6
61.6
61.7
61.7
61.6
61.6
61.6
61.6
61.6
61.6
61.6
61.6
61.5
61.5
61.5
61.5
61.5
61.5
61.5
61.5
61.5
61.5
61.5
61.5
61.5
61.5
61.5
61.5
61.5
61.6
61.6
61.5
61.5
61.5
61.6
61.6
61.6
61.6
61.5
61.5
61.5
61.6
61.6
61.5
61.5
61.5
61.5
61.6
61.6
61.6
61.6
61.5
61.6
61.6
61.6
61.6
61.5
61.6
61.6
61.6
62.2
62.1
62.0
62.0
62.0
62.0
61.9
61.9
61.9
61.8
61.8
62.0
61.9
61.8
61.8
61.7
61.7
61.7
61.6
61.8
61.8
61.7
61.7
61.7
61.6
61.6
61.6
61.6
61.6
61.6
61.5
61.5
61.5
61.5
61.5
61.5
61.5
61.5
61.5
61.5
61.5
61.5
61.5
61.5
61.5
61.5
61.5
61.5
61.5
61.7
61.7
61.7
61.6
61.6
61.6
61.6
61.6
61.6
61.6
61.6
61.6
61.5
61.6
61.6
61.6
61.6
61.6
61.6
61.6
61.5
61.5
61.6
61.5
61.5
61.5
61.5
61.5
61.5
61.5
61.5
61.6
61.6
61.5
61.6
61.6
61.6
61.6
61.5
61.5
61.7
62.2
62.5
62.9
62.8
62.8
62.7
62.5
62.4
62.3
62.2
62.1
62.1
62.0
61.9
62.0
61.9
61.9
61.8
61.8
61.8
61.7
61.7
61.7
61.7
61.6
61.6
61.6
61.6
61.6
61.6
69.2
61.5
61.5
61.5
61.5
61.5
61.5
61.5
61.5
61.5
61.5
61.5
61.5
61.5
69.0
61.5
61.4
61.4
61.4
61.6
61.5
61.5
61.5
61.5
61.6
61.6
61.6
61.6
61.5
61.6
61.5
61.6
61.6
61.6
61.6
61.6
61.6
61.6
61.5
61.5
61.5
61.5
61.5
61.5
61.5
61.5
61.5
61.5
61.5
61.5
61.5
61.8
61.8
61.8
61.7
61.7
61.7
61.7
61.8
61.8
61.8
61.7
61.7
61.7
61.7
61.7
61.7
61.6
61.6
61.6
61.6
61.6
61.6
61.5
61.5
61.5
61.5
61.6
61.6
61.5
61.5
61.5
61.5
61.5
61.5
61.5
61.5
61.5
61.5
61.9
62.1
62.5
62.8
62.7
62.6
62.5
62.3
62.2
62.2
62.1
62.1
62.0
62.0
62.2
62.1
62.0
61.9
62.0
62.2
62.1
62.0
61.9
61.9
61.8
61.8
61.8
61.8
61.7
61.7
61.7
61.7
61.6
61.6
61.6
61.6
61.6
61.5
61.5
61.5
61.5
61.5
61.5
61.6
61.6
61.6
61.5
61.6
61.6
61.5
61.5
61.5
61.5
61.5
61.5
61.5
61.5
61.5
61.5
61.5
61.5
61.5
61.5
61.5
61.5
61.5
61.5
61.5
61.5
61.5
61.5
61.5
61.4
61.5
61.5
61.5
61.5
61.5
61.5
61.6
61.6
61.6
61.6
61.6
61.6
67.1
61.5
61.4
61.5
61.4
61.5
61.5
61.5
61.5
61.5
61.5
61.5
61.5
61.5
68.6
61.5
61.5
61.4
61.4
61.5
61.4
61.4
61.5
61.5
61.5
61.5
61.5
61.5
61.4
61.4
61.6
61.5
61.5
61.5
61.5
61.8
62.3
62.7
62.8
62.7
62.5
62.4
62.3
62.1
62.1
62.0
62.0
61.9
61.9
61.8
62.3
62.2
62.1
62.1
62.0
61.9
61.9
61.8
61.8
61.8
61.7
61.7
61.7
61.6
61.8
61.8
61.7
61.7
61.7
61.7
61.7
61.6
61.6
61.6
61.6
61.6
61.6
61.6
61.6
61.6
61.6
61.6
61.6
61.6
61.6
61.5
61.5
61.6
61.6
61.6
61.6
61.6
61.8
61.8
61.7
61.7
61.7
61.6
61.6
61.6
61.6
61.6
61.6
61.5
61.5
61.5
61.5
61.5
61.5
61.5
61.4
61.4
61.4
61.4
61.4
61.4
61.4
61.4
61.4
61.4
61.4
61.4
61.4
61.5
61.5
61.5
61.5
61.5
61.5
61.6
61.5
61.6
61.6
61.5
61.5
61.5
61.5
61.5
61.5
61.5
61.5
61.6
61.5
61.5
61.5
61.6
61.5
61.5
61.5
61.5
61.6
61.6
61.5
61.6
61.5
61.6
61.6
61.6
61.6
61.6
61.6
61.6
61.5
61.5
61.5
61.5
61.5
61.5
61.5
61.5
61.5
61.5
61.5
61.6
61.5
61.5
61.5
61.5
61.5
61.5
61.6
61.5
61.6
61.6
61.6
61.6
61.8
61.7
61.7
61.7
61.7
61.7
61.8
61.7
61.7
61.7
61.7
61.7
61.6
61.6
61.6
61.6
68.8
62.1
62.0
61.9
61.8
61.8
61.7
61.7
61.7
61.7
61.6
61.7
61.6
61.6
61.6
61.6
61.6
61.5
61.5
61.5
61.5
61.5
61.5
61.5
61.7
61.7
61.7
61.7
61.7
61.6
61.6
61.6
61.6
61.7
61.7
61.7
61.7
61.6
61.7
61.7
61.6
61.6
61.6
61.6
61.6
61.6
61.6
61.6
61.6
61.6
61.6
61.6
61.6
61.5
61.5
61.6
61.6
61.5
61.5
61.6
61.5
61.5
61.5
61.5
61.5
61.5
61.5
61.5
61.5
61.5
61.5
61.5
61.5
61.6
61.6
61.6
61.5
61.7
61.8
61.8
61.8
61.8
61.7
61.7
61.7
61.7
61.6
61.6
61.6
61.6
61.6
61.6
61.6
61.6
61.8
61.8
61.8
61.7
61.7
61.6
61.7
61.7
61.7
61.7
61.7
61.7
61.6
61.6
61.6
61.6
61.6
61.6
61.6
61.6
61.6
61.6
61.6
61.6
61.6
61.6
61.6
61.6
61.5
61.7
61.6
61.7
61.7
61.7
61.6
61.6
61.6
61.8
61.8
61.8
61.7
61.7
61.6
61.7
61.6
61.6
61.6
61.6
61.6
61.6
61.5
61.6
61.5
61.5
61.6
66.9
61.3
61.3
61.3
61.3
61.3
61.4
61.4
61.4
61.4
61.4
61.4
61.5
61.6
61.6
61.6
61.7
61.6
61.7
61.7
61.7
61.6
61.7
61.7
61.6
61.6
61.6
61.6
61.6
61.6
61.6
61.6
61.6
61.6
61.5
61.5
61.5
61.5
61.5
61.5
61.5
61.5
61.5
61.5
61.7
61.7
61.7
61.6
61.6
61.6
61.6
61.6
61.6
61.6
61.6
61.6
61.6
61.6
61.5
61.5
61.5
61.5
61.5
61.5
61.5
67.1
61.5
61.5
61.5
61.5
61.5
61.5
61.5
61.5
61.5
61.4
61.4
61.4
61.5
61.5
61.5
61.5
61.5
61.5
61.5
61.5
61.5
61.5
61.5
62.0
61.9
61.9
61.8
61.8
61.8
61.7
61.7
61.7
61.6
61.6
61.6
61.5
61.8
61.6
