59.4
69.4
60.5
60.4
60.3
60.3
60.2
60.2
60.2
60.1
60.1
60.1
60.1
60.0
60.0
60.0
60.0
60.0
59.9
59.9
59.9
59.9
59.9
59.9
59.9
59.9
59.9
59.9
59.9
60.0
59.9
59.9
60.0
59.9
60.0
60.0
60.0
60.0
60.1
60.0
60.0
60.0
60.0
60.0
60.0
59.9
60.0
59.9
59.9
59.9
59.9
59.9
60.0
60.0
59.9
60.0
60.0
59.9
59.9
59.9
59.9
59.9
59.9
59.9
59.9
59.9
59.9
59.9
59.9
60.5
60.9
61.4
61.2
61.2
61.1
61.0
60.9
60.8
60.8
60.6
60.6
60.5
60.4
60.4
60.3
60.3
60.3
60.2
60.3
60.2
60.2
60.2
60.2
60.1
60.1
60.7
60.6
60.5
60.4
60.4
60.3
60.3
60.2
60.2
60.2
60.2
60.1
60.1
60.1
60.1
60.1
60.1
60.5
60.9
68.0
60.1
60.1
60.1
60.1
60.2
60.1
60.1
60.1
60.1
60.2
60.2
60.1
60.1
60.1
60.2
60.2
60.1
60.2
60.3
60.2
60.2
60.2
66.7
60.1
60.0
60.0
60.0
60.0
60.0
60.0
60.0
60.0
60.0
60.0
60.1
60.0
60.0
60.4
60.6
60.5
60.4
60.4
60.4
60.3
60.3
60.3
60.2
60.2
60.2
60.2
60.4
60.4
60.3
60.2
60.2
60.2
60.2
60.2
60.1
60.1
60.1
66.5
59.9
60.0
60.0
60.0
60.5
60.5
60.4
60.3
60.3
60.3
60.5
60.5
60.5
60.5
60.5
60.4
60.4
60.4
60.4
60.3
60.3
60.2
60.2
60.2
60.3
60.3
60.2
60.2
60.1
60.1
60.1
60.1
60.1
60.0
60.0
60.0
60.0
60.0
60.0
60.0
60.0
60.0
60.0
60.0
60.1
60.0
60.0
60.0
60.0
60.0
60.0
60.0
60.0
60.0
60.0
60.0
60.0
60.0
59.9
60.0
59.9
60.0
60.0
60.4
60.3
60.3
60.2
60.2
60.2
60.2
60.1
60.1
60.1
60.1
60.1
60.0
60.0
60.0
60.0
60.0
60.0
60.0
60.0
60.0
59.9
60.0
60.0
59.9
60.0
60.0
60.0
60.0
60.0
60.0
60.0
60.0
59.9
60.0
60.0
60.0
60.0
60.0
60.0
60.0
60.0
60.0
60.0
60.0
60.0
60.0
60.2
60.1
60.2
60.1
60.1
60.1
60.1
60.1
60.1
60.1
60.1
60.1
60.1
60.1
60.1
60.1
60.1
60.0
60.0
60.1
60.0
60.0
60.1
60.1
60.1
60.1
60.1
60.0
60.0
60.1
60.0
60.0
60.0
60.0
60.0
60.0
60.0
60.0
66.9
59.9
59.9
59.9
68.8
60.7
60.7
60.6
60.5
60.4
60.4
60.3
60.3
60.3
60.3
60.3
60.2
60.2
60.2
60.2
60.2
60.2
60.1
60.1
60.1
60.1
60.1
60.1
60.1
60.1
60.1
60.1
60.0
60.1
60.1
60.1
60.1
60.1
60.0
60.0
60.1
60.0
60.1
60.1
60.1
60.1
60.1
60.1
60.1
60.1
60.1
60.1
60.1
60.0
60.1
60.1
60.3
60.2
60.2
60.2
60.2
60.2
60.1
60.1
60.1
60.1
60.1
60.1
60.0
60.0
60.0
60.0
60.2
60.3
60.2
60.3
60.3
60.3
60.2
60.3
60.2
60.2
60.3
60.3
60.3
60.2
60.2
60.2
60.2
60.2
60.2
60.2
60.2
60.2
60.3
60.2
60.2
60.2
60.2
60.2
60.2
60.1
60.1
60.2
60.3
60.2
60.5
60.5
60.4
60.4
60.7
60.6
60.6
60.5
60.4
60.4
60.3
60.3
60.3
60.2
60.3
60.3
60.2
60.2
60.2
60.2
60.2
60.1
60.1
60.1
60.2
60.2
60.2
60.3
60.2
60.2
60.2
60.1
60.2
60.2
60.2
60.2
60.2
60.1
60.1
60.1
60.1
60.1
60.1
60.1
60.0
60.0
60.0
60.0
60.2
60.2
60.2
60.2
60.2
60.2
60.8
60.7
60.8
60.7
69.2
62.8
62.4
62.1
62.5
62.2
61.9
61.6
61.5
61.3
61.1
60.9
60.8
60.7
60.6
60.5
60.4
60.4
60.3
60.2
60.3
60.3
60.2
60.2
60.2
60.2
60.1
60.1
60.1
60.1
60.1
60.1
60.1
67.8
59.9
59.9
59.9
59.9
59.9
59.9
60.0
59.9
60.0
60.0
60.0
60.0
60.0
60.0
60.0
60.0
60.0
60.0
60.0
60.0
60.0
60.0
60.1
60.1
60.1
60.0
60.1
60.1
60.3
60.2
60.2
60.3
60.3
60.2
60.2
60.2
60.1
60.3
60.3
60.2
60.2
60.2
60.2
60.2
60.2
60.1
60.1
60.2
60.2
60.2
60.2
60.2
60.2
60.2
60.2
60.1
60.1
60.1
60.0
60.0
60.0
60.0
60.0
60.0
60.2
60.2
60.2
60.2
60.1
60.1
60.1
60.1
60.1
60.1
60.1
60.1
60.3
60.2
60.2
60.1
60.1
60.1
60.2
60.2
69.6
60.3
60.2
60.2
60.2
60.2
60.2
60.1
60.1
60.1
60.1
60.1
60.1
60.0
60.0
60.0
60.0
60.0
60.0
60.0
60.0
60.0
60.1
60.0
60.0
60.0
60.0
60.0
60.0
60.0
60.0
60.1
60.0
60.1
60.1
60.0
60.0
60.1
60.1
60.0
60.1
60.0
60.0
60.6
69.8
60.5
61.0
60.9
60.7
60.6
60.5
60.5
60.8
60.7
60.5
60.8
60.7
60.6
60.5
60.4
60.4
60.5
60.4
60.4
60.4
60.4
60.3
60.3
60.2
60.2
60.2
60.1
60.1
60.1
60.1
60.1
60.1
60.1
60.1
60.1
60.0
60.0
60.0
60.0
60.0
60.0
60.1
60.1
60.2
60.1
60.1
60.1
60.1
60.0
60.1
60.1
60.0
60.0
60.0
60.0
60.0
60.0
60.0
60.0
60.0
60.0
60.0
59.9
59.9
59.9
59.9
60.0
60.0
60.0
60.0
60.0
60.0
60.0
60.0
60.0
60.0
60.1
60.2
60.2
60.2
60.1
60.1
60.1
60.2
60.2
60.2
60.2
60.2
60.1
60.1
60.1
60.1
60.1
60.1
60.0
60.1
60.1
60.1
60.1
60.1
60.0
60.0
60.0
60.1
60.1
60.1
60.1
60.2
60.2
60.2
60.2
60.2
60.2
60.2
60.2
60.2
60.2
60.1
60.1
60.1
60.1
60.1
60.1
60.1
60.1
60.1
60.1
69.8
60.1
60.0
60.0
60.0
60.0
60.0
60.0
60.0
60.0
60.1
60.1
60.2
60.1
60.1
60.2
60.2
60.1
60.4
60.3
60.2
60.2
60.2
60.2
60.2
60.2
60.1
60.1
60.1
60.1
60.0
60.1
60.1
60.0
60.0
60.0
60.0
60.1
60.0
60.1
60.8
60.7
60.6
60.5
60.4
60.5
60.4
60.4
60.3
60.3
60.3
60.3
60.2
60.2
60.2
60.2
60.1
60.1
60.1
60.1
60.1
60.7
70.9
70.4
59.9
59.9
59.9
59.9
59.9
60.0
59.9
60.4
60.3
60.3
60.2
60.2
60.2
60.2
60.2
60.1
60.1
60.1
60.1
60.1
60.3
60.3
60.2
60.2
60.2
60.1
60.1
60.1
60.1
60.1
60.1
60.1
60.1
60.1
60.0
60.1
60.1
60.0
60.0
60.1
60.0
60.0
60.2
60.2
60.2
60.5
60.4
60.4
60.3
60.4
60.8
60.7
60.7
60.6
60.5
60.6
60.5
60.5
60.4
60.4
60.3
60.3
60.3
60.3
60.2
60.3
60.3
60.3
60.3
60.3
60.3
60.3
60.4
60.3
60.3
60.3
60.3
60.3
60.2
60.2
60.2
60.3
60.3
60.2
60.2
60.2
60.2
60.2
60.2
60.1
60.1
60.1
60.1
60.1
60.1
60.2
60.2
60.2
60.1
60.1
60.1
60.2
60.2
60.1
60.1
60.1
60.5
60.4
60.3
60.3
60.2
60.2
60.2
60.1
60.2
60.2
60.1
60.1
60.1
60.0
60.0
60.1
60.1
60.0
60.0
60.0
60.0
60.1
60.1
60.1
60.0
60.0
60.0
60.1
60.1
60.1
66.3
59.7
59.7
59.7
59.7
59.8
59.9
59.9
60.1
60.0
60.2
60.1
60.1
60.1
60.1
60.0
60.0
60.0
60.0
60.0
60.0
60.0
60.0
60.0
60.0
60.0
60.0
60.0
60.0
60.0
60.0
60.0
60.0
59.9
59.9
60.0
60.0
59.9
60.4
60.3
60.3
60.3
60.3
60.2
60.2
60.2
60.1
60.1
60.1
60.1
60.1
60.1
60.1
60.1
60.3
60.3
60.3
60.3
60.2
60.2
60.1
60.1
60.1
60.1
60.2
60.2
60.2
60.1
60.1
60.1
60.0
60.0
60.0
60.0
60.0
60.0
60.2
60.2
60.3
