54.9
63.0
63.0
62.9
62.9
62.8
62.9
62.8
62.9
63.0
63.1
63.1
63.2
63.1
63.0
63.1
63.0
63.0
63.1
63.1
69.4
69.3
69.0
68.6
68.1
62.6
62.6
62.7
62.8
62.9
62.9
63.4
63.7
64.2
64.5
64.4
64.3
64.2
64.1
64.0
63.8
63.7
63.6
63.5
63.4
63.4
63.4
63.3
63.3
63.2
63.2
63.2
63.2
63.1
63.1
63.2
63.2
63.2
63.1
63.1
63.0
62.9
63.0
63.0
63.0
63.0
63.1
63.1
63.0
63.0
63.0
62.9
63.4
63.4
63.8
64.0
63.8
63.7
63.6
63.5
63.4
63.9
64.1
64.0
63.9
63.7
63.7
72.3
66.1
65.7
65.3
65.1
64.9
64.7
64.4
64.3
64.1
64.3
64.4
64.3
64.2
64.1
64.1
63.9
63.8
63.6
63.7
63.6
63.5
63.5
63.8
63.7
63.5
63.5
63.4
72.3
71.9
63.4
63.4
63.4
63.3
63.2
63.2
63.2
63.2
63.2
63.2
63.2
63.3
63.3
63.2
63.2
63.2
63.2
63.2
63.4
63.4
63.9
74.2
64.6
64.4
64.2
64.0
64.0
63.9
63.8
63.7
63.7
63.5
63.5
63.4
63.4
63.3
63.4
63.4
63.4
63.3
63.3
63.5
63.4
63.3
63.3
63.3
63.3
63.3
63.3
63.2
63.2
63.1
63.1
63.1
63.2
63.3
63.3
63.2
63.4
63.3
63.6
63.5
63.5
63.5
63.6
63.5
63.4
63.3
63.3
63.2
63.3
63.3
63.2
63.3
63.6
63.7
63.6
63.5
63.4
63.3
63.4
63.4
63.4
63.3
63.3
63.2
63.7
63.5
63.5
63.5
63.4
63.5
63.5
63.3
63.2
63.2
63.2
63.1
63.2
63.2
63.2
63.2
63.1
63.1
63.0
63.1
63.1
63.4
63.3
63.3
63.3
63.2
63.1
63.2
63.2
63.1
63.1
63.2
63.2
63.3
63.1
63.2
63.2
63.1
