43.6
67.6
67.6
67.7
67.7
67.8
67.9
68.0
68.1
68.0
67.9
67.9
67.8
67.7
67.7
67.6
67.6
67.6
67.6
67.6
67.5
67.5
67.5
67.5
67.4
67.6
67.6
67.6
67.5
67.5
67.5
67.5
67.4
67.5
67.5
67.5
67.5
67.5
67.5
73.4
67.1
67.2
67.2
67.2
67.3
67.2
67.3
67.3
67.3
67.3
67.7
67.7
67.7
67.6
67.6
67.6
67.5
67.5
67.5
67.5
67.4
67.4
67.4
67.4
67.4
67.4
67.4
67.4
67.4
67.4
67.5
67.5
67.5
67.5
67.4
67.4
67.5
67.5
67.4
67.4
67.5
67.4
67.4
67.4
67.4
67.4
67.5
67.5
67.4
67.4
67.4
67.4
67.4
67.4
67.4
67.9
68.4
68.3
68.2
68.1
68.0
67.9
67.9
67.8
67.8
67.7
67.7
67.7
67.6
67.6
67.6
67.6
67.6
67.6
67.6
67.5
67.5
67.5
67.5
67.6
67.5
67.5
67.5
67.6
67.5
67.5
67.5
67.6
67.5
67.6
67.6
67.6
67.5
67.6
67.6
67.5
67.5
67.6
67.6
67.6
67.6
67.5
67.5
67.6
67.5
67.5
67.5
67.5
67.5
67.4
67.4
67.4
67.4
67.4
67.4
67.4
67.4
67.4
67.7
67.7
67.7
67.7
67.6
67.6
67.6
67.6
67.6
67.5
67.5
67.6
67.5
67.5
67.6
67.6
67.5
67.5
67.5
67.5
67.5
67.5
67.5
67.5
67.5
67.4
67.4
67.5
67.5
73.0
72.7
67.6
67.6
67.5
67.5
67.5
67.6
67.5
67.5
67.5
67.5
72.8
72.3
71.7
71.2
70.7
70.3
70.0
69.7
69.3
69.2
69.0
68.8
68.6
68.5
68.3
68.3
68.3
68.7
69.0
69.2
69.0
68.8
68.6
68.5
68.3
68.2
68.1
67.9
67.9
67.7
67.7
67.8
67.8
67.7
67.6
67.6
67.5
67.5
67.4
67.4
67.4
67.4
67.4
67.3
67.3
67.4
67.4
67.4
67.4
67.4
67.3
67.3
67.4
67.4
67.3
67.3
67.3
67.4
67.3
67.3
67.3
67.3
67.3
67.3
67.3
67.4
67.3
67.3
67.3
67.3
67.3
67.3
67.3
67.3
67.3
67.3
67.3
67.3
67.3
67.2
67.3
67.3
67.3
67.2
67.2
67.3
67.3
67.2
67.3
67.2
67.3
67.3
67.4
67.4
67.4
67.4
67.3
67.4
67.4
67.4
67.4
67.4
67.4
67.4
67.3
67.4
67.4
67.4
67.3
67.4
67.4
67.4
67.3
67.4
67.4
67.4
67.4
67.3
67.4
67.3
67.4
67.4
67.4
67.5
67.4
67.4
67.4
67.4
67.4
67.4
67.4
67.4
67.4
67.4
67.4
67.5
68.0
74.0
73.7
73.1
67.8
67.7
67.8
67.7
67.7
67.6
67.6
67.6
67.6
67.6
67.6
67.5
67.5
67.5
67.5
67.5
67.5
67.6
67.5
67.5
67.5
67.5
67.4
67.5
67.4
67.5
67.4
67.4
67.4
67.4
67.4
67.5
67.6
67.6
67.5
67.5
67.6
67.6
67.6
67.5
67.5
67.6
67.6
67.6
67.6
67.5
67.6
67.5
67.6
67.6
67.6
67.5
67.8
67.9
67.9
67.8
67.8
67.7
67.7
67.7
67.6
67.7
68.1
68.0
67.9
67.8
67.8
67.7
67.8
67.8
67.7
67.7
67.7
67.7
67.7
67.6
68.0
68.0
67.8
67.8
67.8
67.7
67.6
67.6
67.6
67.6
67.6
67.5
67.5
67.5
67.9
67.9
67.8
67.8
67.8
67.7
67.7
67.6
67.7
67.6
67.6
67.6
67.6
67.5
67.5
67.5
67.4
67.5
67.4
67.5
67.4
67.4
67.4
67.6
67.6
67.6
68.0
68.4
68.8
68.8
68.6
68.6
68.4
68.3
68.2
68.2
68.0
67.9
67.9
67.8
67.7
67.7
67.7
67.6
67.7
67.6
67.6
67.5
67.5
67.5
67.5
67.5
67.5
67.4
67.4
67.5
67.5
67.4
67.4
67.4
67.4
67.3
67.4
67.4
67.4
67.4
67.4
67.4
67.4
67.4
67.4
67.5
67.4
67.4
67.4
67.4
67.6
67.5
67.5
67.5
67.5
67.5
67.4
67.5
67.4
67.5
67.6
67.6
67.6
67.6
67.5
67.6
67.5
67.5
67.5
67.4
67.4
67.4
67.4
67.4
67.4
67.4
67.4
67.4
67.4
67.4
67.4
67.4
67.4
67.4
67.6
67.5
67.5
67.5
67.5
67.5
67.4
67.5
67.4
67.4
67.4
67.5
67.5
67.5
67.4
67.5
67.4
67.4
67.4
67.4
67.4
67.5
67.4
72.6
72.4
71.9
72.1
71.5
71.0
70.5
70.1
69.8
69.5
69.2
69.0
68.8
69.2
69.4
69.7
69.4
69.2
69.0
68.8
68.7
68.5
68.4
68.3
68.2
68.4
68.3
68.2
68.1
68.0
67.9
67.9
67.8
67.7
67.7
67.7
67.6
67.6
67.8
67.8
67.7
67.8
67.9
67.8
67.8
67.7
67.7
67.7
67.6
67.6
67.6
67.6
67.6
67.6
67.6
67.6
67.6
67.5
67.5
67.5
67.5
67.5
67.4
67.4
67.4
67.4
67.4
67.4
67.4
67.4
67.4
67.4
67.3
67.3
67.4
67.4
67.4
67.4
67.4
67.4
67.4
73.6
67.1
67.1
67.2
67.2
67.2
67.3
67.3
67.5
67.4
67.5
67.5
67.5
67.5
67.5
67.5
67.5
67.5
67.4
67.4
67.5
67.5
67.5
67.5
67.5
67.7
67.6
67.6
67.6
67.6
67.5
67.8
78.8
70.5
70.0
69.7
69.4
69.2
68.9
68.7
68.6
68.5
68.4
68.2
68.1
68.0
68.0
67.9
67.9
67.9
67.9
67.8
67.8
67.8
67.7
67.6
67.6
67.6
67.6
67.7
67.7
67.6
67.6
67.6
67.5
67.5
67.5
68.0
67.9
67.8
67.8
67.7
67.7
67.6
67.7
67.7
67.6
67.6
67.5
67.5
67.5
67.5
67.5
67.5
67.5
67.5
67.5
67.5
67.5
67.4
67.5
67.5
67.5
67.4
67.4
67.4
67.5
67.4
67.4
67.4
67.4
67.4
67.4
67.5
67.5
67.4
67.4
67.4
67.4
67.4
67.5
67.5
67.4
67.4
67.4
67.4
67.4
67.4
67.4
68.0
68.0
68.0
67.9
67.8
67.9
67.8
67.7
67.7
67.7
67.7
67.6
67.7
67.6
67.8
73.4
67.8
67.7
67.7
67.6
67.6
67.6
67.6
67.6
67.5
67.5
67.5
67.5
67.5
67.5
67.5
67.5
67.4
67.4
67.5
67.4
67.4
67.4
67.5
67.4
67.4
67.4
67.5
67.5
67.5
67.5
67.4
67.5
67.4
67.4
67.4
67.7
67.8
68.1
68.1
68.0
68.0
67.9
67.9
67.8
67.8
67.7
67.7
67.7
67.6
67.6
67.6
67.6
67.6
67.6
67.9
68.3
68.1
68.0
67.9
67.9
67.9
67.8
67.8
67.7
67.7
67.8
67.7
67.7
67.7
67.7
67.6
67.6
67.6
67.6
67.6
67.6
67.6
67.6
67.6
67.5
67.5
67.5
67.5
67.5
67.5
67.5
67.5
67.4
67.5
67.5
67.5
67.4
67.4
67.4
67.4
67.4
67.5
67.4
67.6
67.5
67.5
67.5
67.6
67.6
67.6
67.5
67.6
67.5
67.5
67.5
67.5
67.5
67.4
67.5
67.5
67.5
67.4
67.6
67.6
67.6
67.5
67.5
67.5
67.5
67.5
67.5
67.5
67.5
67.4
67.4
67.6
67.6
67.6
67.5
67.6
67.5
67.6
67.5
67.5
67.5
67.5
67.5
67.5
67.5
67.5
67.5
67.5
67.4
67.5
67.4
67.4
67.4
67.5
67.4
67.4
67.4
67.4
67.8
68.3
68.6
68.6
68.5
68.4
68.4
68.3
68.2
68.0
68.0
67.9
67.9
67.8
67.7
67.7
67.7
67.6
67.6
67.5
67.6
67.5
67.5
67.5
67.5
67.5
67.4
67.4
67.4
67.4
67.4
67.4
67.4
67.4
67.4
67.4
67.4
67.4
67.4
67.4
67.4
67.4
67.3
67.4
67.3
67.3
67.3
67.3
67.3
67.3
67.5
67.5
67.6
67.5
67.5
67.5
67.5
67.6
67.6
67.5
67.5
67.5
67.7
67.5
75.3
67.1
67.1
67.1
67.2
67.2
67.2
67.1
67.1
67.2
67.2
67.2
67.2
74.2
74.3
66.9
66.9
67.2
67.3
67.3
67.2
67.3
67.3
67.2
67.3
67.3
67.3
67.3
67.3
67.3
67.4
67.4
67.4
67.4
67.4
67.4
67.3
67.4
67.5
67.5
67.4
67.4
67.4
67.4
67.4
67.4
67.3
67.4
67.3
67.3
67.3
67.3
67.3
67.3
67.3
67.4
67.9
68.3
68.7
68.6
68.4
68.3
68.2
68.2
68.7
68.5
68.3
68.2
68.1
67.9
67.9
67.5
