43.7
61.6
61.7
61.8
61.9
61.9
61.9
61.9
62.0
62.1
62.5
62.4
62.5
62.8
62.6
62.5
62.5
62.4
62.3
62.3
62.3
62.2
62.2
62.2
62.2
62.2
62.3
62.5
67.8
61.7
61.7
61.7
61.7
61.7
61.9
61.9
61.9
62.0
62.0
62.0
61.9
61.9
62.0
62.2
62.1
62.3
62.2
62.2
62.1
62.1
62.1
62.2
62.1
62.1
62.1
62.1
62.1
62.1
62.1
62.1
62.1
62.1
62.1
62.1
62.1
62.0
62.0
62.0
62.1
62.1
62.1
62.1
62.1
62.1
62.0
62.1
62.3
62.3
62.3
62.2
62.2
62.2
62.8
62.7
62.6
62.8
62.7
62.6
62.6
62.4
62.4
62.4
62.4
62.4
62.6
63.0
63.3
63.4
63.3
63.2
63.4
63.3
63.2
63.2
63.5
63.3
63.2
63.1
63.0
63.0
62.9
62.9
62.9
62.9
62.8
63.0
62.9
62.8
62.8
62.8
63.1
63.0
62.9
62.9
62.9
63.0
