42.7
60.8
60.8
60.9
60.8
61.0
61.0
67.8
68.0
67.8
61.1
61.1
61.1
61.1
61.1
61.0
61.0
61.0
61.2
61.2
61.1
61.1
61.1
61.1
61.1
61.6
61.8
61.6
61.6
61.7
61.6
61.5
61.5
61.5
61.3
61.3
61.3
61.4
61.4
61.5
61.5
61.4
61.4
61.4
61.3
61.3
61.3
61.3
61.2
61.3
61.3
61.2
61.3
61.2
61.2
61.2
61.1
61.1
61.2
61.2
61.1
61.1
61.2
61.1
61.2
61.1
61.1
61.1
61.1
61.1
61.1
61.1
61.4
61.3
61.4
61.3
61.3
61.3
61.2
66.9
61.1
61.0
61.0
61.5
61.5
61.4
61.4
61.3
61.3
61.3
61.2
61.2
61.2
61.1
61.1
69.2
60.9
60.9
60.9
61.0
60.9
61.0
61.1
61.1
61.2
61.1
61.1
61.1
61.1
61.5
61.4
61.3
61.3
61.4
61.3
61.3
61.2
61.3
61.3
61.3
61.3
61.3
61.2
61.2
61.2
61.2
61.1
61.1
61.2
61.1
61.2
61.1
61.1
61.1
61.1
61.6
61.5
61.5
61.4
61.9
61.9
61.8
61.7
61.8
61.8
62.2
62.1
62.0
62.0
61.9
61.8
61.7
61.6
61.6
61.5
61.9
61.8
61.7
61.6
61.6
61.7
61.6
61.6
61.5
61.4
61.4
61.4
61.3
61.4
61.4
61.3
61.3
61.4
61.3
61.3
61.3
61.3
61.3
61.3
61.2
61.3
61.2
61.2
61.2
61.2
61.2
61.2
61.2
61.1
61.2
61.2
61.2
61.3
61.4
61.4
61.3
61.3
61.3
61.3
61.4
61.3
61.3
61.3
61.3
61.3
61.3
61.3
61.3
61.3
61.3
61.2
61.3
61.2
61.2
61.2
61.1
61.3
61.2
61.2
61.4
61.4
61.3
61.4
61.4
61.3
61.3
61.2
61.2
61.2
61.2
61.2
61.2
61.3
61.3
61.3
61.2
61.2
61.3
61.3
61.3
61.3
61.3
61.3
61.9
