58.0
58.0
58.2
58.6
83.4
83.9
84.3
84.8
85.1
85.4
85.7
86.0
86.2
86.4
86.6
86.6
86.7
86.7
86.8
86.9
86.9
87.0
87.0
87.1
87.1
87.1
87.1
87.2
87.2
87.2
87.3
87.3
87.3
87.3
87.3
87.3
95.4
87.3
87.3
87.3
87.4
87.3
87.4
87.4
87.4
87.4
87.4
87.4
87.4
87.4
87.5
87.5
87.5
87.5
87.5
87.5
87.5
87.5
87.5
87.5
87.5
87.6
87.6
87.5
87.8
87.7
87.7
87.7
87.7
87.7
87.6
87.7
87.7
87.7
87.7
87.6
87.6
87.6
87.6
87.6
87.6
87.6
87.6
87.7
87.7
87.6
87.7
87.6
87.6
87.7
87.7
87.7
87.6
87.7
87.6
87.6
87.7
87.6
87.7
87.7
87.7
87.7
87.7
87.7
87.6
87.6
87.7
87.7
87.7
87.8
87.9
87.8
87.8
87.8
87.9
87.9
87.9
87.9
87.9
88.0
87.9
88.0
88.0
88.0
88.0
88.0
88.1
88.1
88.1
88.1
88.1
88.1
88.1
88.1
88.1
88.1
88.1
88.0
88.1
88.1
88.1
88.2
88.1
88.1
88.2
88.2
88.2
88.1
88.2
88.2
88.2
88.2
88.1
88.2
88.2
88.2
88.2
88.2
88.3
88.3
88.3
88.2
88.3
88.3
88.2
88.3
88.2
88.2
88.2
88.3
88.3
88.2
88.2
88.2
88.2
88.3
88.3
88.3
88.2
88.3
88.2
88.2
88.3
88.2
88.3
88.3
88.2
88.3
88.2
88.3
88.2
88.3
88.3
88.3
88.3
88.3
88.3
88.3
88.3
88.4
88.3
88.3
88.3
88.3
88.4
88.3
88.3
88.3
88.3
88.3
88.3
88.3
88.3
88.3
88.3
88.3
88.3
88.3
88.3
88.3
88.3
88.4
88.3
88.3
88.3
88.3
88.3
88.3
88.3
88.3
88.4
88.3
88.3
88.3
88.3
88.3
88.3
88.3
88.3
88.3
88.3
88.2
88.3
88.3
88.3
88.3
88.2
88.6
88.5
88.5
95.0
88.4
88.4
88.3
88.3
88.3
88.3
88.3
88.3
88.3
88.2
88.3
88.3
88.3
88.3
88.2
88.3
88.2
88.3
88.3
88.2
88.3
88.2
88.3
88.3
88.2
88.5
88.4
88.4
88.4
88.4
88.4
88.4
98.1
91.1
90.7
90.4
90.2
89.9
89.7
89.5
89.3
89.2
89.1
89.0
88.9
88.8
88.8
88.7
88.6
88.6
88.6
88.6
88.5
88.5
88.5
88.4
88.5
88.4
88.5
88.5
88.4
88.4
88.9
88.8
88.8
88.7
88.7
88.6
88.6
88.6
88.6
88.6
88.5
88.5
88.5
88.4
88.4
88.4
88.4
88.4
88.4
88.4
88.4
88.4
88.5
88.5
88.4
88.4
88.4
88.4
88.4
88.4
88.4
88.3
88.4
88.3
88.4
88.4
88.3
88.3
88.4
88.4
88.4
88.4
88.4
88.3
88.3
88.4
88.4
88.3
88.3
88.3
88.4
88.3
88.3
88.4
88.3
88.3
88.4
88.4
88.4
88.4
88.3
88.4
88.3
88.3
88.4
88.3
88.3
88.3
88.3
88.3
88.3
88.3
88.3
88.3
88.3
88.3
88.3
88.3
88.3
88.3
88.3
88.3
88.4
88.4
88.4
88.3
88.3
88.3
88.4
88.4
88.4
88.4
88.4
88.4
88.4
88.4
88.3
88.4
88.4
88.4
88.4
88.4
88.4
88.3
88.4
88.3
88.4
88.4
88.3
88.4
88.4
88.4
88.4
88.3
88.4
88.3
88.3
88.4
88.3
88.4
88.3
88.4
88.3
88.3
88.4
88.4
88.4
88.3
88.4
88.4
88.4
88.4
88.4
88.4
88.4
