10.5
10.6
10.8
10.9
11.0
11.0
11.1
11.2
11.3
11.3
11.4
11.4
11.4
11.4
11.5
11.5
11.5
11.5
11.5
11.5
11.5
11.5
11.6
11.6
11.6
11.6
11.6
11.7
11.6
11.6
11.6
11.6
11.7
11.7
11.6
11.6
11.6
11.6
11.6
11.6
11.6
11.6
11.6
11.6
11.6
11.6
11.6
11.6
11.6
11.6
11.6
11.6
11.6
11.7
11.7
11.7
11.7
11.6
11.6
11.6
11.6
11.6
11.6
11.6
11.6
11.6
11.6
11.5
11.5
11.5
11.5
11.5
11.5
11.5
11.5
11.5
11.5
11.5
11.5
11.5
11.5
11.6
11.6
11.6
11.6
11.5
11.5
11.5
11.5
11.5
11.5
11.5
11.5
11.5
11.5
11.5
11.5
11.5
11.4
11.5
11.4
11.4
11.4
11.4
11.4
11.5
11.5
11.4
11.4
11.4
11.4
11.4
11.4
11.4
11.4
11.4
11.4
11.4
11.4
11.4
11.4
11.4
11.4
11.4
11.4
11.4
11.4
11.4
11.4
11.4
11.4
11.4
11.3
11.4
11.4
11.3
11.3
11.3
11.3
11.4
11.3
11.4
11.3
11.4
11.4
11.4
11.4
11.4
11.3
11.3
11.3
11.4
11.3
11.4
11.3
11.3
11.3
11.3
11.3
11.3
11.3
11.3
11.3
11.3
11.3
11.3
11.3
11.3
11.3
11.3
11.3
11.4
11.3
11.3
11.3
11.3
11.3
11.3
11.3
11.3
11.3
11.3
11.3
11.3
11.3
11.3
11.3
11.3
11.2
11.2
11.3
11.2
11.3
11.2
11.2
11.2
11.2
11.2
11.2
11.2
11.2
11.2
11.2
11.2
11.2
11.2
11.2
11.2
11.2
11.2
11.2
11.2
11.2
11.2
11.3
11.3
11.2
11.2
11.2
11.3
11.3
11.2
11.3
11.2
11.2
11.2
11.2
11.2
11.2
11.2
11.2
11.2
11.2
11.1
11.1
11.2
11.2
11.1
11.1
11.1
11.1
11.1
11.2
11.2
11.2
11.2
11.2
11.1
11.2
11.1
11.1
11.1
11.1
11.1
11.1
11.1
11.1
11.1
11.1
11.1
11.1
11.1
11.0
11.1
11.1
11.1
11.2
11.2
11.2
11.1
11.1
11.1
11.1
11.1
11.1
11.1
11.0
11.0
11.0
11.0
11.0
11.0
11.0
11.0
11.0
11.0
11.0
11.0
11.0
11.0
11.1
11.1
11.1
11.1
11.2
11.2
11.2
11.2
11.2
11.2
11.2
11.2
11.2
11.2
11.3
11.3
11.2
11.2
11.2
11.3
11.3
11.2
11.3
11.2
11.3
11.2
11.2
11.2
11.2
11.2
11.3
11.2
11.3
11.2
11.2
11.2
11.1
11.1
11.1
11.1
11.0
11.0
11.0
11.0
11.0
11.0
11.0
11.0
10.9
11.0
11.0
10.9
10.9
10.9
10.9
10.9
10.9
10.9
10.9
10.9
10.9
11.0
10.9
10.9
11.0
10.9
10.9
10.9
10.9
10.9
10.9
10.9
10.9
10.9
10.8
10.9
10.9
10.9
10.9
10.8
10.8
10.8
10.8
10.8
10.8
10.8
10.8
10.8
10.8
10.8
10.8
10.8
10.8
10.9
10.9
10.9
10.8
10.9
10.8
10.9
10.8
10.8
10.8
10.8
10.8
10.8
10.8
10.8
10.8
10.8
10.8
10.8
10.8
10.8
10.8
10.8
10.8
10.8
10.8
10.8
10.9
10.9
10.9
10.8
10.8
10.8
10.8
10.8
10.8
10.8
10.7
10.8
10.7
10.7
10.7
10.7
10.7
10.7
10.7
10.7
10.8
10.7
10.7
10.8
10.7
10.7
10.7
10.7
10.7
10.7
10.7
10.7
10.7
10.7
10.7
10.7
10.7
10.7
10.7
10.7
10.7
10.7
10.7
10.7
10.7
10.6
10.7
10.6
10.6
10.6
10.6
10.7
10.7
10.7
10.7
10.7
10.6
10.6
10.6
10.6
10.7
10.6
10.6
10.6
10.6
10.6
10.6
10.6
10.6
10.6
10.6
10.6
10.7
10.6
10.6
10.6
10.6
10.6
10.6
10.6
10.6
10.6
10.6
10.6
10.6
10.6
10.6
10.6
10.6
10.6
10.6
10.5
10.5
10.5
10.6
10.6
10.6
10.6
10.6
10.6
10.5
10.5
10.5
10.6
10.5
10.5
10.5
10.6
10.5
10.5
10.5
10.5
10.5
10.5
10.5
10.5
10.5
10.5
10.5
10.5
10.6
10.6
10.6
10.6
10.5
10.5
10.6
10.5
10.5
10.5
10.5
10.5
10.5
10.5
10.5
10.5
10.4
10.5
10.4
10.5
10.4
10.4
10.5
10.4
10.4
10.4
10.4
10.4
10.4
10.4
10.4
10.4
10.4
10.4
10.4
10.4
10.4
10.4
10.4
10.4
10.4
10.4
10.4
10.4
10.3
10.3
10.3
10.4
10.3
10.3
10.3
10.3
10.3
10.3
10.3
10.3
10.3
10.3
10.3
10.3
10.3
10.3
10.3
10.3
10.3
10.3
10.4
10.4
10.4
10.4
10.4
10.4
10.3
10.3
10.3
10.3
10.3
10.4
10.3
10.3
10.3
10.3
10.3
10.3
10.3
10.3
10.3
10.3
10.3
10.2
10.3
10.2
10.3
10.3
10.3
10.4
10.4
10.4
10.3
10.3
10.3
10.3
10.3
10.3
10.3
10.3
10.3
10.2
10.3
10.2
10.2
10.2
10.2
10.2
10.2
10.2
10.2
10.2
10.2
10.3
10.3
10.3
10.4
10.4
10.4
10.3
10.3
10.3
10.3
10.3
10.3
10.2
10.2
10.2
10.2
10.2
10.2
10.2
10.2
10.2
10.2
10.2
10.2
10.2
10.2
10.1
10.1
10.1
10.2
10.2
10.1
10.1
10.2
10.2
10.2
10.1
10.1
10.2
10.2
10.2
10.1
10.1
10.1
10.1
10.1
10.1
10.1
10.1
10.1
10.1
10.1
10.1
10.1
10.1
10.1
10.1
10.1
10.1
10.1
10.1
10.1
10.1
10.1
10.1
10.1
10.1
10.1
10.1
10.1
10.1
10.0
10.1
10.0
10.1
10.1
10.0
10.1
10.1
10.1
10.1
10.0
10.0
10.1
10.0
10.0
10.0
10.0
10.1
10.1
10.1
10.0
10.0
10.0
10.1
10.0
10.0
10.0
10.0
10.0
10.0
10.0
10.0
10.0
10.1
10.1
10.0
10.0
10.0
10.0
10.0
10.0
10.0
10.0
10.0
10.0
10.0
10.0
10.0
10.0
10.0
10.1
10.1
10.1
10.1
10.0
10.0
10.0
10.0
10.0
10.0
10.0
10.0
10.0
10.0
10.0
10.0
10.0
10.0
10.0
10.0
10.0
10.0
10.0
10.0
10.0
10.0
10.0
9.9
10.0
10.0
9.9
9.9
9.9
10.0
10.0
10.0
10.0
10.0
10.0
9.9
9.9
9.9
9.9
9.9
10.0
10.0
10.0
10.0
10.1
10.0
10.0
10.0
10.0
10.0
10.0
9.9
9.9
9.9
9.9
9.9
9.9
9.9
9.9
9.9
9.9
9.9
9.9
9.9
9.9
9.9
9.9
9.9
9.9
9.9
9.9
10.0
9.9
9.9
9.9
9.9
9.9
9.9
9.9
9.9
9.9
9.9
9.9
9.9
9.9
9.9
9.9
9.8
9.8
9.9
9.9
9.9
9.9
9.9
9.9
9.9
9.9
9.8
9.8
9.8
9.8
9.8
9.8
9.8
9.8
9.8
9.8
9.8
9.8
9.8
9.8
9.8
9.8
9.8
9.8
9.8
9.9
9.9
9.9
9.9
9.9
9.9
9.9
9.9
9.9
9.8
9.9
9.8
9.8
9.8
9.8
9.8
9.8
9.8
9.8
9.8
9.8
9.8
9.7
9.8
9.8
9.7
9.7
9.7
9.7
9.8
9.8
9.7
9.7
9.8
9.8
9.8
9.8
9.8
9.8
9.8
9.8
9.8
9.8
9.8
9.8
9.8
9.8
9.7
9.7
9.7
9.7
9.7
9.7
9.7
9.7
9.7
9.7
9.7
9.7
9.7
9.7
9.7
9.7
9.7
9.7
9.7
9.7
9.7
9.7
9.7
9.7
9.7
9.6
9.6
9.6
9.7
9.7
9.7
9.7
9.6
9.6
9.6
9.6
9.7
9.7
9.6
9.6
9.7
9.6
9.6
9.6
9.6
9.7
9.6
9.6
9.6
9.6
9.7
9.6
9.6
9.7
9.6
9.6
9.6
9.6
9.6
9.6
9.6
9.6
9.6
9.6
9.6
9.6
9.7
9.6
9.6
9.6
9.6
9.6
9.6
9.7
9.7
9.7
9.7
9.7
9.6
9.6
9.6
9.6
9.6
9.6
9.6
9.6
9.6
9.6
9.6
9.6
9.6
9.6
9.6
9.6
9.5
9.5
9.6
9.5
9.5
9.5
9.6
9.6
9.5
9.5
9.5
9.5
9.6
9.6
9.6
9.6
9.6
9.6
9.6
9.6
9.6
9.6
9.6
9.6
9.5
9.5
9.5
9.5
9.6
9.5
9.5
9.5
9.5
9.5
9.5
9.5
9.5
9.5
9.5
9.5
9.5
9.5
9.5
9.5
9.5
9.5
9.5
9.5
9.5
9.5
9.5
9.5
9.5
9.6
9.5
9.5
9.5
9.5
9.5
9.5
9.5
9.5
9.5
9.5
9.5
9.5
9.5
9.5
9.5
9.5
9.5
9.5
9.5
9.5
9.6
9.6
9.6
9.6
9.5
9.5
9.5
9.5
9.5
9.5
9.5
9.5
9.5
9.4
9.5
9.5
9.4
9.4
9.4
9.4
9.5
9.5
9.4
9.4
9.5
9.5
9.5
9.5
9.9
9.8
9.8
9.7
9.7
9.7
9.6
9.6
9.5
9.5
9.6
9.6
9.6
9.6
9.5
9.5
9.5
9.5
9.5
9.5
9.4
9.5
9.4
9.4
9.4
9.4
9.4
9.4
9.4
9.4
9.4
9.4
9.5
9.5
9.5
9.5
9.5
9.5
9.5
9.4
9.4
9.4
9.4
9.4
9.4
9.4
9.4
9.4
9.4
9.4
9.4
9.4
9.4
9.4
9.4
9.3
9.4
9.3
9.3
9.3
9.3
9.4
9.3
9.4
9.3
9.4
9.4
9.3
9.4
9.3
9.4
9.3
9.3
9.4
9.4
9.3
9.3
9.3
9.4
9.3
9.3
9.3
9.3
9.3
9.3
9.3
9.3
9.3
9.4
9.3
9.4
9.4
9.4
9.4
9.5
9.4
9.4
9.4
9.4
9.4
9.4
9.3
9.3
9.3
9.3
9.3
9.3
9.3
9.3
9.3
9.3
9.3
9.3
9.3
9.3
9.4
9.4
9.4
9.4
9.4
9.8
9.8
9.7
9.7
9.8
15.8
16.3
16.9
17.3
17.6
17.9
18.1
18.1
10.8
10.6
10.5
10.4
10.3
10.2
10.1
10.1
10.0
9.9
9.8
9.8
9.8
9.7
9.7
9.7
9.6
9.6
9.7
9.6
9.6
9.6
9.6
9.6
9.6
9.6
9.6
9.6
9.6
9.6
9.6
9.7
9.6
9.6
9.6
9.6
9.5
9.6
9.6
9.6
9.5
9.5
9.5
9.5
9.5
9.5
9.5
9.4
9.5
9.4
9.4
9.5
9.4
9.4
9.4
9.4
9.4
9.4
9.5
9.5
9.4
9.4
9.4
9.4
9.3
9.3
9.3
9.3
9.2
9.2
9.2
9.2
9.2
9.2
9.2
9.2
9.2
9.2
9.2
9.2
9.3
9.3
9.2
9.2
9.2
9.2
9.2
9.2
9.2
9.2
9.2
9.2
9.2
9.2
9.2
9.1
9.1
9.1
9.1
9.1
9.1
9.1
9.1
9.1
9.3
9.2
9.2
9.2
9.2
9.2
9.2
9.1
9.1
9.1
9.1
9.1
9.2
9.1
9.2
9.2
9.2
9.2
9.2
9.2
9.2
9.1
9.1
9.1
9.1
9.1
9.1
9.1
9.1
9.1
9.1
9.1
9.1
9.1
9.1
9.1
9.1
9.2
9.2
9.1
9.1
9.1
9.1
9.1
9.2
9.2
9.1
9.1
9.2
9.2
9.2
9.1
9.1
9.1
9.1
9.1
9.1
9.1
9.1
9.1
9.0
9.0
9.1
9.1
9.0
9.0
9.0
9.0
9.0
9.0
9.1
9.0
9.0
9.0
9.0
9.0
9.0
9.0
9.0
9.0
9.0
9.0
9.0
9.0
9.0
9.0
9.0
9.0
9.0
9.0
9.0
9.0
9.0
9.0
9.0
9.0
9.0
9.1
9.0
9.0
9.0
9.0
9.0
9.0
9.0
9.0
9.0
9.0
9.0
9.0
9.0
9.0
9.0
8.9
9.0
9.0
8.9
8.9
8.9
9.0
9.1
9.1
9.0
9.0
9.0
9.0
9.0
9.0
9.0
9.0
9.0
9.0
9.0
8.9
8.9
8.9
8.9
9.0
8.9
9.0
8.9
8.9
8.9
8.9
8.9
8.9
8.9
8.9
9.0
9.0
9.0
8.9
9.0
9.0
9.0
9.0
9.0
9.0
9.0
9.0
9.0
8.9
9.0
8.9
8.9
8.9
8.9
8.9
8.9
8.9
8.9
8.9
8.9
8.9
8.9
8.9
8.9
8.9
8.9
8.9
8.9
8.9
8.9
8.9
8.9
8.9
8.9
8.9
8.9
8.9
8.9
8.8
8.8
8.9
8.9
8.9
8.8
8.8
8.8
8.8
8.8
8.8
8.8
8.8
8.8
8.8
8.8
8.9
8.8
8.9
8.8
8.8
8.8
8.9
8.9
8.9
9.0
9.0
9.0
9.0
8.9
8.9
8.9
8.9
8.9
8.9
8.9
8.8
8.9
8.9
8.9
8.9
8.8
8.6
8.3
7.9
7.7
7.4
7.2
7.1
7.0
6.8
6.7
6.5
6.5
6.3
6.3
6.2
6.1
6.1
6.0
6.0
6.0
5.9
5.9
5.9
5.9
5.8
5.8
5.8
5.8
5.8
5.8
5.7
5.8
5.7
5.7
5.7
5.7
5.7
5.7
5.7
5.8
5.8
5.8
5.8
5.8
5.8
5.8
5.8
5.8
5.8
5.8
5.7
5.8
5.7
5.7
5.7
5.7
5.7
5.7
5.7
5.7
5.7
5.7
5.7
5.7
5.7
5.7
5.7
5.7
5.7
5.7
5.7
5.7
5.7
5.7
5.7
5.7
5.7
5.7
5.7
5.7
5.7
5.7
5.7
5.7
5.7
5.7
5.7
5.7
5.7
5.7
5.7
5.7
5.7
5.7
5.7
5.7
5.7
5.7
5.7
5.7
5.7
5.7
5.8
5.8
5.8
5.8
5.8
5.8
5.8
5.8
5.7
5.8
5.7
5.8
5.7
5.7
5.7
5.7
5.7
5.7
5.7
5.7
5.7
5.7
5.7
5.7
5.8
5.8
5.8
5.8
5.8
5.8
5.8
5.8
5.8
5.7
5.7
5.7
5.7
5.7
5.7
5.7
5.7
5.7
5.7
5.7
5.7
5.7
5.7
5.7
5.7
5.7
5.7
5.7
5.7
5.7
5.7
5.7
5.7
5.7
5.7
5.7
5.7
5.7
5.7
5.7
5.7
5.7
5.7
5.7
5.7
5.7
5.6
5.7
5.7
5.7
5.7
5.7
5.7
5.6
5.7
5.7
5.7
5.7
5.7
5.7
5.7
5.7
5.7
5.7
5.7
5.7
5.7
5.7
5.7
5.7
5.7
5.7
5.7
5.7
5.7
5.7
5.6
5.7
5.7
5.7
5.7
5.7
5.7
5.6
5.7
5.6
5.7
5.6
5.7
5.7
5.6
5.7
5.7
5.7
5.7
5.7
5.7
5.7
5.8
5.7
5.7
5.7
5.7
5.7
5.7
5.7
5.7
5.7
5.7
5.7
5.7
5.7
5.7
5.7
5.7
5.7
5.7
5.7
5.7
5.7
5.7
5.8
5.8
5.9
5.8
5.8
5.8
5.8
5.8
5.8
5.8
5.7
5.8
5.7
5.7
5.7
5.7
5.7
5.7
5.7
5.7
5.7
5.7
5.7
5.7
5.7
5.7
5.7
5.7
5.7
5.7
5.7
5.7
5.7
5.7
5.7
5.7
5.7
5.7
5.7
5.7
5.7
5.7
5.7
5.7
5.7
5.7
5.7
5.7
5.7
5.7
5.7
5.7
5.7
5.7
5.7
5.6
5.6
5.7
5.6
5.7
5.6
5.7
5.7
5.7
5.7
5.7
5.7
5.7
5.7
5.7
5.7
5.7
5.7
5.7
5.7
5.7
5.7
5.7
5.7
5.7
5.7
5.7
5.7
5.7
5.7
5.7
5.7
5.7
5.7
5.6
5.7
5.6
5.7
5.7
5.7
5.7
5.8
5.7
5.7
5.7
5.7
5.7
5.7
5.7
5.7
5.7
5.7
5.7
5.7
5.7
5.7
5.7
5.7
5.7
5.7
5.7
5.7
5.7
5.7
5.7
5.7
5.7
5.7
5.7
5.7
5.7
5.7
5.7
5.7
5.7
5.7
5.7
5.7
5.7
5.7
5.7
5.7
5.7
5.7
5.7
5.7
5.7
5.7
5.7
5.7
5.7
5.6
5.7
5.7
5.7
5.7
5.7
5.7
5.7
5.7
5.8
5.8
5.8
5.8
5.8
5.8
5.8
5.8
5.8
5.8
5.8
5.8
5.8
5.8
5.8
5.8
5.8
5.8
5.8
5.8
5.7
5.7
5.7
5.7
5.7
5.7
5.7
5.7
5.7
5.7
5.7
5.7
5.7
5.7
5.7
5.7
5.7
5.7
5.7
5.8
5.8
5.8
5.8
5.7
5.7
5.7
5.7
5.7
5.7
5.7
5.7
5.7
5.7
5.7
5.7
5.7
5.7
5.7
5.7
5.7
5.7
5.7
5.7
5.7
5.7
5.7
5.7
5.7
5.7
5.7
5.7
5.7
5.7
5.7
5.6
5.7
5.7
5.7
5.7
5.6
5.7
5.7
5.7
5.7
5.7
5.8
5.8
5.8
5.7
5.7
5.7
5.7
5.8
5.7
5.7
5.7
5.7
5.7
5.7
5.7
5.7
5.7
5.7
5.7
5.7
5.7
5.7
5.7
5.7
5.7
5.7
5.7
5.7
5.7
5.7
5.7
5.7
5.7
5.7
5.7
5.7
5.7
5.7
5.7
5.7
5.7
5.7
5.7
5.7
5.7
5.7
5.7
5.7
5.7
5.7
5.7
5.7
5.7
5.7
5.7
5.7
5.7
5.6
5.6
5.7
5.7
5.7
5.7
5.7
5.7
5.6
5.7
5.7
5.7
5.7
5.7
5.7
5.7
5.7
5.7
5.7
5.7
5.7
5.7
5.7
5.7
5.7
5.7
5.7
5.7
5.7
5.6
5.7
5.7
5.7
5.7
5.6
5.7
5.7
5.7
5.7
5.7
5.7
5.7
5.7
5.7
5.7
5.7
5.7
5.7
5.7
5.7
5.7
5.7
5.7
5.7
5.7
5.7
5.7
5.7
5.7
5.7
5.7
5.7
5.8
5.9
5.8
5.8
5.8
5.8
5.8
5.8
5.8
5.8
5.8
5.7
5.7
5.7
5.7
5.7
5.7
5.7
5.7
5.7
5.7
5.7
5.7
5.7
5.7
5.7
5.7
5.7
5.7
5.7
5.7
5.7
5.7
5.7
5.7
5.7
5.7
5.7
5.7
5.7
5.8
5.7
5.7
5.7
5.7
5.7
5.7
5.8
5.7
5.8
5.7
5.8
5.7
5.7
5.7
5.7
5.7
5.7
5.7
5.7
5.7
5.7
5.7
5.7
5.7
5.7
5.7
5.7
5.7
5.7
5.7
5.7
5.7
5.7
5.7
5.7
5.7
5.7
5.7
5.7
5.7
5.7
5.8
5.7
5.7
5.7
5.7
5.7
5.7
5.8
5.8
5.8
5.7
5.7
5.8
5.7
5.7
5.8
5.8
5.8
5.7
5.7
5.7
5.7
5.7
5.7
5.7
5.7
5.7
5.7
5.7
5.7
5.7
5.7
5.7
5.7
5.7
5.7
5.7
5.7
5.7
5.8
5.8
5.8
5.8
5.7
5.8
5.8
5.7
5.7
5.7
5.7
5.7
5.7
5.7
5.7
5.7
5.7
5.7
5.7
5.7
5.7
5.7
5.7
5.7
5.7
5.7
5.7
5.7
5.7
5.7
5.7
5.7
5.7
5.7
5.7
5.7
5.7
5.7
5.7
5.7
5.7
5.7
5.7
5.7
5.7
5.7
5.7
5.7
5.7
5.7
5.7
5.7
5.7
5.7
5.7
5.7
5.7
5.7
5.7
5.7
5.7
5.7
5.7
5.7
5.7
5.7
5.7
5.7
5.7
5.7
5.7
5.7
5.7
5.7
5.7
5.7
5.7
5.7
5.7
5.7
5.7
5.7
5.7
5.7
5.7
5.7
5.7
5.7
5.7
5.7
5.7
5.7
5.7
5.7
5.7
5.7
5.7
5.8
5.7
5.7
5.7
5.7
5.7
5.7
5.7
5.7
5.7
5.7
5.7
5.7
5.7
5.7
5.7
5.7
5.7
5.7
5.7
5.7
5.7
5.7
5.8
5.8
5.8
5.8
5.8
5.8
5.8
5.8
5.7
5.7
5.8
5.8
5.8
5.7
5.7
5.7
5.7
5.7
5.7
5.7
5.8
5.7
5.8
5.7
5.7
5.7
5.7
5.7
5.7
5.8
5.7
5.7
5.7
5.8
5.8
5.7
5.8
5.7
5.7
5.7
5.7
5.7
5.7
5.7
5.7
5.7
5.7
5.7
5.7
5.7
5.7
5.7
5.7
5.7
5.7
5.7
5.7
5.7
5.7
5.7
5.7
5.7
5.7
5.7
5.7
5.7
5.7
5.7
5.7
5.7
5.7
5.7
5.7
5.7
5.7
5.7
5.6
5.6
5.7
5.7
5.7
5.7
5.7
5.7
5.6
5.7
5.7
5.7
5.7
5.7
5.7
5.7
5.7
5.7
5.7
5.7
5.7
5.7
5.7
5.7
5.7
5.7
5.7
5.7
5.7
5.7
5.7
5.7
5.7
5.7
5.7
5.7
5.7
5.7
5.7
5.6
5.6
5.7
5.7
5.8
5.8
5.8
5.7
5.7
5.7
5.7
5.7
5.7
5.7
5.7
5.7
5.7
5.7
5.7
5.7
5.7
5.7
5.7
5.7
5.7
5.7
5.7
5.7
5.7
5.7
5.7
5.7
5.7
5.7
5.7
5.6
5.6
5.7
5.7
5.6
5.7
5.7
5.7
5.7
5.7
5.7
5.7
5.7
5.8
5.7
5.8
5.7
5.7
5.8
5.8
5.8
5.8
5.8
5.7
5.7
5.7
5.7
5.7
5.7
5.7
5.7
5.7
5.7
5.7
5.7
5.7
5.7
5.7
5.7
5.7
5.7
5.7
5.6
5.6
5.7
5.7
5.8
5.8
5.7
5.8
5.7
5.7
5.7
5.7
5.7
5.7
5.7
5.7
5.7
5.7
5.7
5.7
5.7
5.7
5.8
5.7
5.8
5.7
5.8
5.7
5.7
5.7
5.7
5.7
5.7
5.7
5.7
5.7
5.7
5.7
5.7
5.7
5.7
5.7
5.7
5.7
5.7
5.7
5.7
5.7
5.7
5.7
5.7
5.7
5.7
5.8
5.8
5.8
5.8
5.8
5.8
5.8
5.8
5.8
5.7
5.7
5.7
5.7
5.7
5.7
5.8
5.8
5.8
5.8
5.7
5.7
5.7
5.7
5.7
5.7
5.7
5.7
5.7
5.7
5.7
5.7
5.7
5.7
5.8
5.7
5.7
5.9
5.9
5.9
5.9
5.9
5.8
5.8
5.8
5.8
5.8
5.8
5.7
5.7
5.7
5.7
5.7
5.7
5.7
5.7
5.7
5.7
5.7
5.7
5.7
5.7
5.7
5.7
5.7
5.7
5.7
5.7
5.7
5.7
5.7
5.7
5.6
5.7
5.7
5.6
5.6
5.7
5.7
5.7
5.7
5.6
5.7
5.6
5.7
5.6
5.7
5.7
5.6
5.7
5.7
5.7
5.7
5.7
5.7
5.7
5.7
5.7
5.7
5.7
5.7
5.7
5.7
5.7
5.7
5.7
5.7
5.7
5.7
5.7
5.7
5.7
5.7
5.7
5.7
5.7
5.8
5.7
5.7
5.7
5.7
5.7
5.7
5.7
5.7
5.7
5.7
5.7
5.7
5.7
5.7
5.7
5.7
5.7
5.7
