4.9
5.5
5.9
6.3
6.7
7.0
7.2
7.5
7.7
7.8
8.0
8.1
8.3
8.4
8.4
8.5
8.6
8.6
8.7
8.9
8.9
8.9
8.9
8.9
9.0
9.0
9.0
9.0
9.0
9.0
9.0
9.0
9.0
9.1
9.1
9.1
9.0
9.0
9.0
9.0
9.1
9.1
9.0
9.0
9.1
9.0
9.0
9.1
9.1
9.0
9.1
9.0
9.0
9.0
9.1
9.1
9.2
9.2
9.3
9.3
9.3
9.3
9.3
9.2
9.3
9.3
9.2
9.2
9.2
9.2
9.2
9.2
9.1
9.1
9.1
9.1
9.1
9.1
9.1
9.1
9.1
9.1
9.1
9.1
9.1
9.1
9.1
9.1
9.1
9.1
9.1
9.1
9.1
9.1
9.1
9.1
9.1
9.1
9.0
9.1
9.1
9.1
9.1
9.0
9.0
9.1
9.0
9.1
9.1
9.1
9.1
9.1
9.1
9.1
9.1
9.1
9.2
9.2
9.2
9.2
9.2
9.3
9.3
9.3
9.3
9.3
9.3
9.3
9.3
9.3
9.2
9.2
9.2
9.2
9.2
9.2
9.2
9.1
9.2
9.3
9.3
9.2
9.2
9.2
9.2
9.2
9.2
9.2
9.1
9.1
9.1
9.2
9.2
9.2
9.2
9.1
9.1
9.1
9.1
9.2
9.3
9.3
9.3
9.3
9.3
9.3
9.4
9.3
9.3
9.3
9.3
9.4
9.4
9.5
9.5
9.5
9.6
9.6
9.5
9.5
9.5
9.6
9.6
9.5
9.5
9.5
9.5
9.4
9.4
9.4
9.4
9.4
9.4
9.4
9.4
9.3
9.3
9.4
9.4
9.4
9.4
9.4
9.4
9.4
9.4
9.4
9.4
9.4
9.3
9.4
9.3
9.3
9.4
9.3
9.4
9.3
9.3
9.3
9.3
9.3
9.3
9.4
9.4
9.3
9.3
9.3
9.3
9.3
9.3
9.3
9.4
9.4
9.4
9.3
9.4
9.4
9.5
9.5
9.5
9.5
9.5
9.5
9.5
9.6
9.5
9.5
