4.8
9.9
9.8
9.8
9.8
9.8
9.9
9.9
9.9
9.9
10.0
9.9
9.9
9.9
10.1
10.1
10.1
10.1
10.1
10.1
10.0
10.2
10.1
10.1
10.1
10.1
10.1
10.1
10.1
10.1
10.0
10.0
10.0
10.0
10.0
10.0
10.0
10.0
9.9
10.0
10.0
10.0
10.0
10.0
10.0
9.9
9.9
10.0
10.0
9.9
10.0
10.0
9.9
10.0
10.0
10.0
10.0
10.0
9.9
10.0
9.9
10.0
10.0
9.9
9.9
9.9
10.0
10.0
10.1
10.1
10.1
10.2
10.2
10.2
10.2
10.2
10.2
10.2
10.2
10.2
10.2
10.2
10.2
10.2
10.3
10.3
10.3
10.2
10.2
10.1
10.2
10.3
10.2
10.2
10.2
10.1
10.1
10.1
10.1
10.1
10.1
10.1
10.0
10.0
10.0
10.0
10.0
10.0
10.0
10.0
10.1
10.0
10.0
10.1
10.1
10.2
10.2
10.2
10.2
10.2
10.2
10.2
10.2
10.2
10.2
10.2
10.3
10.3
10.4
10.4
10.4
10.5
10.5
10.5
10.5
10.5
10.4
10.5
10.4
10.4
10.4
10.4
10.3
10.3
10.3
10.3
10.3
10.3
10.3
10.3
10.3
10.3
10.2
10.2
10.2
10.2
10.2
10.2
10.2
10.2
10.2
10.2
10.3
10.3
10.2
10.2
10.2
10.3
10.3
10.3
10.3
10.3
10.2
10.3
10.2
10.3
10.2
10.3
10.3
10.3
10.3
10.3
10.3
10.3
10.2
10.3
10.3
10.4
10.4
10.4
10.5
10.5
10.5
10.5
10.5
10.4
10.4
10.4
10.4
10.4
10.3
10.3
10.3
10.3
10.4
10.3
10.4
10.3
10.3
10.3
10.4
10.4
