43.6
61.3
61.3
61.3
61.3
61.4
61.3
61.3
61.3
61.4
61.4
61.4
61.4
61.4
61.4
61.3
61.4
61.4
61.4
61.4
61.4
61.5
61.5
61.5
61.4
61.5
61.4
61.5
61.5
61.7
61.6
61.7
61.7
61.7
61.7
61.6
61.6
61.6
61.6
61.6
61.6
61.6
61.6
61.6
61.5
61.5
61.6
61.6
61.5
61.6
61.7
61.7
61.6
70.9
70.4
70.0
62.8
62.6
62.5
62.3
62.2
62.1
62.1
62.0
62.0
62.0
61.9
61.9
62.0
61.9
61.9
61.9
61.8
61.8
62.0
62.1
62.0
62.0
62.0
61.9
61.9
61.9
62.3
62.4
62.3
62.2
62.2
62.1
62.1
62.0
62.0
62.0
61.9
61.9
61.9
61.9
61.9
61.8
61.9
61.8
62.2
62.4
62.3
62.3
62.2
62.1
62.1
62.0
62.0
62.0
62.0
61.9
61.9
61.9
61.8
61.8
61.8
61.8
61.8
61.8
61.8
61.8
61.8
61.8
61.7
61.8
61.7
61.7
61.8
61.8
61.7
61.7
61.7
61.7
61.7
61.7
61.7
61.7
61.7
61.8
61.8
61.8
61.8
61.7
61.7
61.7
61.7
61.9
67.1
61.7
61.6
61.6
61.7
61.7
61.7
61.8
61.8
70.7
70.1
61.9
61.8
61.8
61.8
61.7
61.8
61.8
61.8
61.9
62.2
62.2
62.3
62.2
62.1
62.7
70.9
61.5
61.5
61.8
61.8
61.9
61.8
61.8
61.8
61.8
61.8
61.9
61.9
61.8
61.8
61.8
61.7
61.7
61.7
61.7
61.7
61.7
61.7
61.7
61.7
61.6
61.9
61.9
61.9
62.0
62.0
61.9
61.9
61.9
61.8
61.8
61.8
61.8
61.8
61.7
61.7
61.9
61.9
61.8
61.8
61.8
61.8
61.9
61.9
61.8
61.8
61.8
61.8
61.8
61.8
61.7
61.7
61.7
61.7
61.7
61.6
61.7
61.6
61.7
61.7
61.6
61.6
61.6
61.7
61.6
61.6
61.7
61.8
61.8
61.9
61.9
61.8
61.9
61.8
61.8
61.8
61.8
61.8
61.8
61.7
61.7
61.8
61.7
61.7
61.7
62.2
62.1
62.1
62.0
62.0
61.9
61.9
61.8
61.8
61.8
61.8
61.8
61.8
61.8
61.9
61.8
61.8
61.8
61.8
61.8
61.7
61.7
61.7
61.7
61.7
61.7
61.9
61.8
61.8
61.8
61.8
61.8
61.8
61.8
61.8
61.9
61.8
62.0
61.9
61.9
61.9
61.9
61.8
62.0
61.9
61.9
61.8
61.8
61.8
61.7
61.8
61.7
61.7
61.7
61.9
61.9
62.0
61.9
62.0
62.0
62.0
61.9
61.9
61.8
61.9
61.8
61.8
61.7
62.0
62.1
62.0
62.1
62.0
62.0
62.1
62.0
61.9
62.2
62.1
62.0
61.9
61.9
61.9
61.8
61.8
61.8
61.8
61.8
61.7
61.7
61.7
61.7
61.8
61.8
61.7
61.7
61.7
61.7
61.8
61.7
61.7
61.7
61.7
61.7
61.7
61.7
61.7
61.7
61.7
61.6
61.7
61.7
61.7
61.7
61.7
61.7
61.7
61.8
62.0
62.5
62.4
62.3
62.4
62.3
62.2
62.2
62.1
62.0
62.0
62.0
61.9
61.9
61.9
61.9
61.9
61.8
61.8
61.8
61.9
61.9
61.8
61.8
62.4
62.3
62.2
62.2
62.2
62.1
62.0
62.2
62.1
62.2
62.4
