43.6
61.1
61.1
61.2
61.2
61.2
61.3
61.3
61.3
61.3
61.3
61.3
61.3
61.4
67.4
67.2
61.5
61.5
61.5
61.4
61.5
61.6
61.6
61.6
61.5
61.5
61.6
61.6
61.6
61.7
61.6
61.6
61.8
61.8
61.7
61.7
61.6
61.6
61.7
61.6
61.6
61.6
61.6
61.5
61.5
61.5
61.5
61.5
61.5
68.4
62.4
62.2
62.2
62.2
62.1
62.0
62.0
61.9
61.9
61.8
61.8
61.7
61.7
61.7
61.6
61.7
61.8
61.8
61.7
61.7
61.7
61.8
61.8
61.7
61.7
61.7
61.7
61.7
61.7
61.6
61.7
61.7
61.6
61.6
61.6
61.6
61.6
61.6
61.7
61.7
61.7
61.7
61.8
61.7
61.7
61.8
61.9
61.8
61.8
61.8
61.7
61.7
61.7
61.7
61.7
61.7
61.6
61.6
61.5
61.5
61.5
61.6
61.6
61.6
61.6
61.5
61.5
61.5
61.4
61.5
61.4
61.7
61.7
61.6
61.6
61.7
61.9
61.8
61.7
61.7
61.6
61.6
61.5
61.5
61.5
61.8
61.8
61.7
61.7
61.6
61.6
61.5
61.5
61.5
61.5
61.5
61.4
61.4
61.4
61.4
61.4
61.4
61.4
61.5
61.4
66.7
66.5
65.9
65.3
64.8
64.4
64.7
64.5
64.1
63.7
63.4
63.2
62.9
62.7
62.5
62.4
62.3
62.1
62.1
62.0
61.9
61.9
61.8
61.8
61.7
61.7
61.6
61.6
61.5
61.5
61.5
61.5
61.5
61.5
61.5
61.4
61.4
61.4
71.3
62.8
62.6
62.5
62.4
62.2
62.2
62.1
62.1
62.0
61.9
61.9
61.8
61.8
61.7
61.6
61.7
61.6
61.5
61.5
61.5
61.5
61.5
61.5
61.4
61.4
61.4
61.4
61.4
61.5
61.9
61.9
61.8
61.7
61.7
61.7
66.9
66.5
61.3
61.3
61.3
61.2
61.2
61.3
61.3
61.3
61.3
61.3
61.3
61.4
61.4
61.4
61.4
61.4
61.4
61.4
61.4
61.4
61.4
61.4
61.6
61.7
61.7
61.7
61.7
61.6
61.6
61.6
61.6
61.6
61.6
61.6
61.5
61.5
61.5
61.5
61.6
61.5
61.5
61.5
61.5
61.6
61.5
62.0
62.0
61.9
61.8
61.8
61.7
61.7
61.6
61.6
61.6
61.6
67.8
61.5
61.5
61.5
61.5
61.5
61.5
61.5
61.5
61.4
61.4
61.5
61.4
61.4
61.5
61.5
61.5
61.5
61.5
61.5
61.5
61.5
61.5
61.5
61.6
61.6
61.6
61.7
61.7
61.6
61.6
61.6
61.6
61.7
61.6
61.6
61.6
61.6
61.6
61.6
61.5
61.5
61.7
61.6
61.6
61.9
61.8
61.8
66.9
66.7
61.3
61.3
61.3
61.3
61.3
61.3
61.5
61.5
61.5
61.5
61.5
61.5
61.5
61.5
61.5
61.5
61.5
61.5
61.5
61.5
61.5
61.5
61.6
61.7
61.7
61.7
61.7
62.0
62.1
62.0
61.9
61.9
61.8
61.8
61.7
61.7
61.7
61.8
61.8
61.8
61.8
61.7
61.7
61.8
61.7
61.7
61.7
61.6
61.6
61.6
61.6
61.6
61.6
61.6
66.9
66.3
65.6
65.1
64.7
64.7
64.3
64.0
63.8
63.5
63.3
63.1
62.9
62.7
62.5
62.4
62.3
62.2
62.1
62.1
62.1
62.0
61.9
61.9
61.8
61.9
61.8
61.8
67.1
66.9
61.5
61.5
61.6
61.6
61.6
61.6
61.6
61.6
61.5
61.5
61.5
61.5
61.5
61.6
61.6
61.6
67.1
61.3
61.3
61.3
61.3
61.4
61.4
61.4
61.4
61.4
61.3
61.4
61.4
61.4
61.4
61.4
61.5
61.5
61.5
61.4
61.4
61.5
61.5
61.4
61.5
61.5
61.5
61.5
61.5
61.5
61.5
61.5
61.6
61.6
61.5
61.6
61.6
61.5
61.6
61.5
61.6
61.6
61.7
61.7
61.7
62.2
62.2
62.1
62.0
62.0
61.9
61.9
62.0
61.9
61.9
61.8
61.8
61.8
61.8
61.8
61.8
61.9
61.9
61.9
62.2
62.1
62.0
62.0
62.6
62.4
62.4
62.3
62.2
62.1
62.0
62.4
62.4
62.2
62.2
62.0
62.0
61.9
61.8
61.8
61.7
61.7
61.9
61.8
61.8
61.8
61.7
61.7
61.6
61.6
61.6
61.6
62.2
62.2
62.0
62.0
68.6
68.0
61.5
61.5
61.5
61.5
61.5
61.5
61.4
61.6
61.6
61.6
61.6
61.6
61.6
61.6
61.6
61.6
61.6
61.6
61.5
61.5
61.7
61.8
61.8
61.7
62.3
62.4
62.3
62.2
62.2
62.1
62.0
62.0
61.9
61.8
61.8
61.8
61.7
61.7
61.7
61.7
61.7
61.6
61.6
61.6
61.6
61.6
61.6
61.6
61.5
61.5
61.5
61.5
61.7
61.8
61.8
61.7
61.7
61.6
61.7
61.6
61.6
61.6
61.6
61.6
61.6
61.6
61.6
61.6
61.6
61.6
61.5
61.5
61.5
61.5
61.5
61.5
61.5
61.5
61.5
61.5
61.5
61.5
61.5
61.5
61.5
61.5
61.5
61.5
61.5
61.5
61.5
61.5
61.5
61.5
61.5
61.5
61.4
61.6
61.9
61.9
61.9
61.8
62.4
67.8
62.1
62.0
61.9
61.8
61.8
61.8
61.7
61.7
61.7
61.6
61.6
61.6
61.6
61.6
62.1
62.1
62.0
61.9
61.9
61.8
61.7
61.7
61.7
61.7
61.6
61.6
61.6
61.6
61.6
61.6
61.5
61.5
62.2
62.5
62.4
62.3
62.2
62.1
62.0
62.0
61.9
62.0
61.9
61.8
61.8
61.8
62.0
61.9
61.9
61.8
61.8
61.7
61.8
61.8
68.2
62.1
62.0
61.9
61.8
61.8
61.8
61.8
66.9
66.4
61.3
61.3
61.3
61.3
61.4
61.4
61.4
61.4
61.4
61.5
61.9
61.9
61.9
61.8
61.8
61.7
61.7
61.7
62.2
68.8
61.3
61.3
61.4
61.4
61.4
61.4
61.4
61.4
61.4
61.4
61.5
61.5
61.5
61.5
61.5
61.6
61.6
61.5
61.5
61.5
61.5
61.7
61.7
61.6
61.6
61.6
61.6
61.5
61.5
61.5
61.6
61.5
61.5
61.5
61.6
61.6
61.5
61.5
61.6
61.6
61.5
61.5
61.5
61.5
61.5
61.5
61.5
61.5
61.5
61.5
61.5
61.5
61.5
61.5
61.5
61.5
61.5
61.5
61.5
61.5
61.5
61.5
61.5
61.5
61.5
61.5
61.5
61.5
61.5
61.5
61.5
61.6
61.7
61.9
61.9
62.0
62.0
62.0
62.0
67.6
61.5
61.5
61.5
61.6
61.6
61.6
61.6
61.5
61.5
61.5
61.5
61.5
61.5
61.5
62.0
62.3
62.2
62.1
72.3
65.5
65.0
64.5
64.1
63.8
63.5
63.3
63.1
62.9
62.7
62.5
67.8
61.5
61.5
61.5
61.5
61.4
61.5
61.4
61.4
61.4
62.0
62.2
62.1
62.1
62.0
61.9
61.8
61.9
62.0
61.9
61.9
61.9
62.0
61.9
61.9
61.8
61.8
61.8
61.8
61.7
61.7
61.9
61.8
61.8
61.7
61.7
61.7
61.7
61.7
61.6
61.6
61.6
61.6
61.7
61.7
61.7
61.6
61.6
61.7
61.7
61.6
61.7
61.7
61.7
61.7
61.7
61.7
61.7
62.2
62.8
62.6
62.5
62.4
62.3
62.3
62.2
62.1
62.0
62.0
61.9
61.9
61.8
61.8
61.8
61.8
61.7
61.7
61.7
61.7
61.7
61.6
61.6
61.7
61.6
61.6
61.6
61.6
61.6
61.6
61.6
70.7
70.1
61.5
61.5
62.0
62.5
62.4
62.3
62.2
62.1
62.1
62.0
62.0
61.9
61.9
61.9
61.9
61.9
61.9
61.9
61.8
61.8
61.8
61.7
61.7
61.7
69.4
68.9
61.7
61.7
61.6
61.6
61.6
61.6
61.6
61.6
61.6
61.6
61.6
61.6
61.6
61.6
61.6
61.6
61.6
61.9
61.8
61.9
61.9
61.8
61.9
61.9
61.8
61.8
61.8
61.9
61.8
61.8
61.8
61.8
62.2
62.2
62.1
62.1
62.0
62.3
62.2
62.1
62.1
62.0
62.0
61.9
61.9
61.9
61.8
61.8
61.8
61.8
61.8
61.8
61.7
61.7
61.7
61.7
61.7
61.7
61.7
61.7
61.7
61.6
62.2
62.4
62.3
62.2
62.2
62.1
62.1
62.2
62.1
62.2
62.1
62.1
62.0
62.1
62.0
62.0
62.0
62.0
62.0
62.0
61.9
61.9
61.8
61.8
61.8
61.7
61.7
61.7
62.3
62.2
62.1
62.1
62.0
62.0
61.9
61.9
61.8
61.8
62.3
62.8
62.8
62.6
62.7
62.5
62.4
62.3
62.2
62.1
62.1
62.1
62.0
62.0
61.9
62.0
62.0
61.9
61.8
61.9
61.8
61.8
61.8
61.7
61.7
61.7
61.7
61.6
61.7
61.7
61.6
61.6
61.6
61.6
61.6
62.1
62.0
62.0
61.9
62.1
62.0
62.0
61.9
61.9
61.8
61.8
61.8
61.7
61.7
61.7
61.7
61.7
61.6
61.6
61.6
61.6
61.6
61.6
61.6
61.6
61.8
62.0
61.9
61.9
61.8
61.8
67.8
67.3
61.5
61.5
61.5
61.5
61.4
62.0
62.1
62.0
62.0
61.9
67.1
61.5
61.4
69.6
62.4
62.2
62.1
62.0
61.9
61.9
62.0
72.1
61.3
61.2
61.2
61.3
61.3
61.3
61.3
61.3
61.3
61.4
61.4
61.4
61.4
61.4
61.4
61.5
61.5
62.1
62.2
62.1
62.0
61.9
61.8
61.8
61.7
61.7
61.7
61.7
61.6
61.6
61.6
61.5
61.5
61.6
61.6
61.6
61.6
61.6
61.6
61.5
61.8
62.3
62.7
62.6
62.5
62.4
62.3
68.2
67.7
61.7
61.6
61.6
61.6
61.6
61.6
61.5
61.5
61.5
61.5
61.7
61.7
61.8
61.7
61.7
61.6
61.6
61.6
61.6
61.6
61.7
61.7
62.3
62.4
62.3
62.2
62.1
62.0
61.9
61.9
61.9
61.9
61.8
61.8
61.7
61.7
61.7
61.6
61.6
61.6
61.6
61.5
61.5
61.5
61.5
61.5
61.5
61.5
61.5
61.5
61.4
61.5
61.5
61.5
61.5
61.5
61.4
61.4
61.5
61.4
61.4
61.4
61.4
61.5
61.5
61.5
61.5
61.5
61.5
61.5
61.5
61.5
61.5
61.5
61.5
61.5
61.5
61.5
61.7
61.6
61.6
61.6
61.6
61.6
61.6
61.6
61.6
61.5
61.5
61.5
61.5
61.5
61.5
61.5
61.5
61.5
61.5
61.6
61.6
61.6
61.6
61.6
61.6
61.6
61.5
61.5
61.5
61.5
68.4
61.9
61.8
61.8
67.4
67.0
61.5
61.5
61.5
61.5
61.5
61.5
61.5
61.5
61.4
61.5
61.4
61.5
61.5
61.5
61.4
61.5
61.4
61.5
61.5
61.5
61.5
61.5
61.5
61.5
61.5
61.5
61.5
61.5
61.5
61.5
61.5
61.5
61.5
61.5
61.5
61.5
61.6
61.5
61.5
61.5
61.5
61.5
61.5
61.8
61.7
61.7
61.7
61.7
61.7
61.6
61.8
61.7
61.7
61.7
61.7
61.7
61.7
61.7
61.8
61.8
61.7
61.7
61.7
61.7
61.6
61.6
61.6
61.6
61.6
61.6
61.6
61.6
61.6
61.6
61.5
61.6
61.6
61.6
62.1
62.3
62.2
62.1
62.0
61.9
61.9
61.9
61.8
61.8
61.8
61.8
61.8
61.8
61.7
61.7
61.7
61.7
61.6
61.7
61.6
61.7
61.7
62.3
62.2
62.2
62.0
62.0
62.0
61.9
61.9
61.8
61.8
61.7
61.7
61.7
61.7
61.7
61.7
61.6
61.6
61.6
61.6
61.6
61.6
61.6
61.6
61.6
61.6
61.6
61.6
61.6
61.6
61.6
61.6
62.1
62.6
62.9
62.8
62.6
62.5
62.4
62.3
62.2
62.1
62.0
62.0
62.0
61.9
61.9
61.9
61.8
61.8
61.8
61.8
61.7
61.7
61.7
62.2
62.1
62.0
62.0
61.9
61.8
61.8
61.8
61.7
61.7
61.7
61.7
61.9
61.8
61.8
61.8
61.7
61.7
61.7
61.6
61.6
61.6
61.6
61.6
61.5
61.5
61.5
61.5
61.6
61.6
61.5
61.5
61.5
61.5
61.5
61.5
61.5
61.5
61.5
61.5
61.5
61.7
61.6
61.6
61.6
61.6
61.6
61.6
62.2
62.3
62.2
62.1
62.0
62.0
61.9
62.0
61.9
61.8
61.8
61.8
61.8
61.7
61.7
61.6
61.6
61.6
61.6
61.6
61.6
61.5
61.5
61.5
61.5
61.5
61.5
61.5
61.5
61.5
61.5
61.5
61.6
61.6
61.7
61.7
61.6
61.8
61.9
61.9
62.5
62.4
62.2
62.2
62.1
62.0
62.0
61.9
61.8
61.8
61.8
61.7
61.7
61.7
61.8
61.8
61.7
61.7
61.7
61.6
61.6
61.7
61.7
61.7
61.7
61.7
61.6
61.7
61.6
61.6
61.6
61.6
61.6
61.6
61.6
61.7
62.2
62.1
62.0
62.0
62.2
62.1
62.0
62.1
62.0
62.0
61.9
61.9
62.5
63.1
62.9
62.7
62.5
62.4
62.3
62.2
62.1
62.1
62.0
61.9
61.9
61.9
61.8
61.8
61.7
61.7
61.7
61.7
61.6
61.6
61.6
61.6
61.6
61.6
61.5
61.5
61.5
61.5
61.5
61.7
61.8
61.8
61.8
61.7
61.7
61.7
61.7
61.6
61.7
61.7
62.3
62.3
62.2
62.2
62.1
62.0
61.9
61.9
61.8
61.8
61.8
61.7
61.7
61.7
61.7
61.6
61.7
61.6
61.6
61.6
61.6
61.6
61.6
61.6
61.7
61.6
61.6
61.6
61.6
61.8
61.7
61.7
61.7
61.7
61.6
61.6
61.6
61.6
61.6
61.5
61.6
61.5
61.6
61.5
61.5
61.6
61.6
61.6
61.6
61.6
61.6
61.7
61.8
61.8
61.8
61.8
61.9
61.8
61.8
61.8
61.7
61.7
61.7
61.6
61.6
61.6
61.6
61.6
61.6
61.6
61.7
61.6
61.6
61.6
62.0
61.9
61.9
61.9
62.0
61.9
67.4
61.5
61.5
61.4
61.4
61.6
61.6
61.6
61.5
61.5
61.5
61.5
61.5
61.5
61.5
61.5
61.5
61.5
61.5
61.5
61.5
61.5
61.5
61.5
61.4
61.4
61.4
61.4
61.4
61.4
61.5
61.5
61.5
61.5
61.5
61.5
73.2
65.5
64.9
64.5
64.1
63.8
63.5
63.2
63.0
62.8
62.7
62.5
62.4
62.3
62.2
62.1
62.0
62.0
61.9
61.9
61.8
61.8
61.7
61.7
61.7
61.7
61.7
61.6
61.8
61.7
61.7
61.7
61.6
61.7
61.6
61.6
61.6
61.6
61.6
61.5
61.5
61.6
61.6
61.7
61.7
61.6
61.6
61.6
61.6
61.6
61.6
61.6
61.6
61.6
61.6
61.6
61.5
61.5
61.5
61.5
61.5
61.5
61.5
61.5
61.6
61.6
61.6
61.6
61.6
61.6
61.6
61.6
61.6
61.6
61.6
61.6
61.6
61.6
61.6
61.6
61.6
61.6
61.6
61.6
61.6
61.5
61.5
61.5
61.6
61.5
61.5
61.5
61.5
61.6
61.6
61.6
61.6
61.5
61.6
61.6
61.6
61.6
61.5
61.6
61.6
61.5
61.6
61.6
61.5
61.6
61.6
61.6
62.2
62.7
62.6
62.5
62.4
62.2
62.2
62.1
62.0
61.9
61.9
61.8
61.8
61.8
61.8
61.8
62.1
62.0
62.1
62.0
61.9
61.9
61.8
61.8
61.7
61.7
61.7
61.6
61.6
61.6
