55.9
61.3
61.2
61.2
61.2
61.2
61.1
61.2
61.1
61.1
61.1
61.1
61.1
61.1
61.1
61.2
61.2
61.1
61.3
61.6
61.6
61.5
61.5
61.4
61.4
61.4
61.3
61.3
61.3
61.4
61.4
61.3
61.6
62.1
62.7
62.4
62.3
62.2
62.0
61.9
61.8
61.7
61.7
61.6
61.6
61.5
61.5
61.4
61.4
61.4
62.0
62.3
62.6
62.8
63.0
63.3
63.1
62.9
68.8
61.5
61.4
61.4
61.4
61.4
61.4
61.4
61.4
61.3
61.4
61.4
61.4
61.4
61.4
61.5
61.4
61.4
61.4
70.7
61.9
61.7
61.7
61.6
61.6
61.6
61.5
61.5
61.5
66.9
61.1
61.1
61.1
61.2
61.2
61.2
61.2
61.3
61.3
61.4
61.3
61.4
61.4
61.4
61.4
61.5
61.5
61.4
61.4
61.4
61.4
61.4
61.4
61.4
61.4
61.4
61.4
61.4
61.4
61.5
61.5
61.6
61.5
61.5
61.5
61.5
61.5
61.4
61.5
61.5
61.5
61.5
61.5
61.5
61.4
61.4
61.5
61.5
61.5
61.5
61.4
61.4
61.5
61.5
61.4
61.4
61.4
61.4
61.5
61.4
61.4
61.4
61.4
61.4
61.4
61.4
61.4
61.4
61.6
62.1
62.4
62.7
63.0
63.3
63.1
63.0
62.8
62.6
62.5
62.4
62.2
62.1
62.0
62.1
62.0
62.2
62.1
62.0
62.0
61.9
61.9
61.8
61.8
61.7
61.7
61.7
61.7
61.7
61.9
61.8
61.8
61.7
61.7
61.7
61.7
61.6
61.6
61.6
61.6
61.5
61.5
61.5
61.5
61.5
62.0
71.3
61.5
61.5
61.4
61.6
61.6
61.6
61.6
61.6
61.5
61.5
61.5
69.0
61.7
61.7
61.6
61.6
61.6
61.6
61.6
62.1
62.0
69.6
61.5
61.5
61.5
61.6
61.5
61.6
61.6
61.5
61.5
61.5
61.5
61.5
61.5
61.5
61.5
61.5
61.5
61.5
61.5
61.5
61.5
61.5
61.5
61.5
61.4
61.5
61.5
61.5
61.5
61.5
61.5
61.5
61.4
69.8
61.3
61.3
61.4
61.4
61.4
61.4
61.4
61.5
61.5
61.5
61.6
61.6
61.5
61.5
61.5
61.5
61.5
61.5
62.0
62.4
62.7
62.6
62.5
62.4
62.3
62.2
62.1
62.0
61.9
61.8
61.8
61.8
61.7
61.7
61.7
61.7
61.7
61.6
61.6
61.6
61.5
61.5
61.5
61.5
61.5
61.4
61.5
