ackermann-function:  57,840 102,628.8 101,131.2 82,062.2 337,122 1,302,370,456.2 10,800 77,424,912.7 3,779,715,994.4 380,451,041,950.5 246,552,704.5 337,996.8 94,075.2 10,372,442.4
array-concatenation:  1,223,942.4 11,215 22,050 875,062.5 7,412,271.2 38,821,217,831.1 3,694,280,129.2 147,226,252.6 274,920,978.4 10,155,350,116.8 187,397,629.2 2,333,700 7,937,434,572 821,097.9
call-an-object-method:  531,619.2 141.1 136.1 538.8 1,198.8 22,973,640,409.6 5,013,829,763,159 8,413,797,542.4 50,361,516,979.2 12,671,721,445,110 915,958,566.4 0 62,677.8 636.8
classes:  424,280.9 2,133 27,965,952 130.5 117,454.7 21,241,248,728.7 3,250,007,152,524 17,263,621,570.4 15,882,394,990 355,369,443,895 12,361,203,696.8 578.8 96,255,457 8,403,015,757,392
concurrent-computing:  361,533,147.5 39,456 1,623,977,748,781.2 52,544.7 -1 258,002,835.2 1,257,112,576,000 31,693,237,027.6 673,156,455.5 -1 54,501,431,311.6 1,983,200,576,062.5 68,520 157,097,044
exponentiation-operator:  100,844,640 315,530.2 493,640 203,895 547,501.5 1,552,770,878.4 470,740,223,964.6 339,324,399 2,852,736,718,112 1,603,655,834,992 340,526,999,295 90,966,801.6 80,606,489.6 90,404,354.8
factorial:  318,828.3 1,767,855.6 1,497,484.6 1,168,878.6 6,279,966.1 9,624,822,174.4 109,082,392,979.2 1,942,364,160 38,721,150,825.6 1,324,990,939,745 8,212,320,810 32,774,120.8 652,383.6 731,765.7
file-input-output:  19,666.8 0 499.2 5,249.6 18,813.6 1,517,191,101.3 512.4 1,875.6 1,663.2 1,250,937.5 581.2 806.8 5,604,854,715 84,710
function-composition:  94,298,096.5 7,732,190.4 281,497.5 220,238,146.9 144,199,926 2,446,960,104,875 454,649,693,110.5 4,576,431,590 7,890,974,214.9 108,923,981,048 24,472,170,195.2 3,070,530.1 23,515,904,977.2 -1
huffman-coding:  1,527,508.3 12,330 5,844,757.5 558,778 2,473,377.6 14,564,147.2 44,233,498.8 1,267,366.5 11,016,768 28,259,283,796.4 444,642,508.8 32,360,310 45,005,220 44,756,228,404
inheritance-multiple:  -1 -1 20,757.6 -1 2,389,311,437.5 11,074,379.7 193,183.9 -1 178,128 -1 71,466.3 -1 177,811.2 -1
inheritance-single:  51,852.8 -1 33,854.1 -1 5,349,009.2 11,031,083.3 131,030.9 33,677.7 69,473.7 3,628,983.6 72,397.8 -1 182,419.2 47,712
json:  199,417.5 211,162.5 224,552,574.4 844,500 247,193.6 129,340,804,676.3 583,751.7 75,830.7 50,966,048 429,063,985.3 81,001,030 8,223,061.5 250,493,440 61,580
lzw-compression:  14,954.4 52.6 1,817,443.2 169,897.5 928.8 245,804,634.9 861,811.2 1,643.4 116,596.8 -1 387,212.4 34,182.4 122,702,413.5 13,269.6
numerical-integration:  639,412,983,820.8 785,222,942.4 1,309,362,238.4 8,083,472,800 1,563,869,260.8 620,369,012,390.4 235,120,553,161,264 8,308,753,330,694.4 4,929,431,010,683.7 125,800,405,783.2 2,394,272,482,866 898,700,302.5 103,539,447,543,042 259,614,535,618,291.2
palindrome-detection:  431,765,913.6 833,011.2 687,629,250 180,964,277.5 87,506,755,020.8 1,129,140,303,958.1 2,467,344,731,604.3 38,519,847.2 677,116,971.7 113,743,227,718,253.2 235,360,976.5 247,038,650,750 587,875,451,961.6 915,187.5
regular-expressions:  184,611,925.8 12,992,467.7 4,435,012.4 8,498,105,250 10,907.5 41,018,047,367 579,477.2 62,856 5,496,000 512,915,000 112,723.6 10,852.5 509,522,004.7 50,347,382.4
sorting-algorithms-bubble-sort:  126,124.7 923,625 2,950,331.9 9,900 675,744.6 213,558,508.8 16,965,396,048.7 2,933,652,356.8 3,956,065,134.4 28,467,321,750 2,506,026,118.4 75,419,409.2 424,989,863,821.9 250,188.8
sorting-algorithms-insertion-sort:  42,654.6 10,238.4 133,070.6 455.6 3,745.6 5,130,980.8 1,503,566,605.7 169,374,191.4 700,030,464 5,376,427,245 227,623,796.4 6,790,348.8 143,877,836.8 60,700
sorting-algorithms-merge-sort:  13,053.6 12,722.4 10,837.5 493.2 2,626,400 18,407,144.5 1,708,351,244.4 371,942,771.2 651,286,399.5 93,063,240 115,118,073.9 29,094,296.4 5,202,243,819.7 72,999.3
sorting-algorithms-quick-sort:  59.4 415.2 1,533.6 58.8 10,533,352.5 659,304.8 59,199,020.1 11,897,795.2 61,893,000 1,272,306,572.2 55,591,474.4 1,992,806.4 12,135,081,657.3 652,480.4
sorting-algorithms-selection-sort:  19,433.4 99,086.4 498,640 41,342.4 58,170 17,150,007.6 3,201,671,705.4 442,851,521.2 342,719,501.4 3,554,063,859.6 2,790,811,022.5 57,828,565.2 156,573,519.8 78,916.2
synchronous-concurrency:  55.9 37.1 53.2 72.5 -1 73 5,200 -1 1,620.9 -1 190 67.6 -1 49,800
url-decoding:  184,099,631.8 2,110.5 306,715.7 11,587,180.8 11,637,134.1 555,369,804,183.6 568,211,350.4 1,289,937.5 2,111.4 7,800,411,432.6 5,735,924,476.8 8,815,679.2 1,558,942,272.9 180,530,396.2
url-encoding:  534,891.6 597,852.1 50,124.8 32,588,966.6 12,532.5 6,441,859,593.2 12,912.5 673.6 4,451,440.4 43,797,165,178.8 426,795.2 5,516.8 56,955,968.1 505,602
