ackermann-function:  5784 8552.4 8427.6 7460.2 18729 3819268.2 1800 710320.3 9520695.2 208924240.5 1476363.5 18777.6 7839.6 84328.8
array-concatenation:  50997.6 2243 3675 35002.5 172378.4 50351774.1 10677110.2 1237195.4 1883020.4 21025569.6 1452694.8 77790 17678028 39099.9
call-an-object-method:  29534.4 141.1 136.1 269.4 399.6 35235644.8 946184141 18451310.4 49961822.4 1166288214 4201644.8 0 6964.2 318.4
classes:  24957.7 711 411264 130.5 10677.7 30829098.3 594586014 29310053.6 8561938 50371289 23863327.6 289.4 934519 818528712
concurrent-computing:  2245547.5 4932 197708515.8 5838.3 -1 1743262.4 392847680 36981606.8 2889083.5 -1 42779773.4 562610092.5 6852 1172366
exponentiation-operator:  840372 18560.6 24682 13593 26071.5 5281533.6 240051108.6 1917087 763580492 548445908 165706569 797954.4 719700.8 766138.6
factorial:  13862.1 57027.6 51637.4 43291.8 133616.3 14761997.2 45526875.2 6069888 33906436.8 408317701 15946254 399684.4 29653.8 31815.9
file-input-output:  3277.8 0 249.6 1312.4 3135.6 5857880.7 256.2 625.2 554.4 50037.5 290.6 403.4 12053451 8471
function-composition:  915515.5 175731.6 18766.5 1584447.1 1232478 579162155 235447795.5 11027546 15877211.7 91841468 33615618.4 82987.3 32525456.4 -1
huffman-coding:  52672.7 2055 129883.5 25399 72746.4 234905.6 320532.6 46939.5 196728 36892015.4 2315846.4 359559 500058 49839898
inheritance-multiple:  -1 -1 3459.6 -1 7351727.5 235625.1 14860.3 -1 14844 -1 7940.7 -1 14817.6 -1
inheritance-single:  6481.6 -1 4836.3 -1 140763.4 234703.9 11911.9 4811.1 7719.3 109969.2 8044.2 -1 15201.6 5964
json:  13294.5 14077.5 1458133.6 33780 15449.6 53869556.3 27797.7 6893.7 542192 2246408.3 736373 161236.5 1565584 6158
lzw-compression:  2492.4 52.6 58627.2 11326.5 309.6 1545941.1 35908.8 547.8 9716.4 -1 21511.8 4272.8 951181.5 2211.6
numerical-integration:  293443315.2 3355653.6 3003124.4 15545140 5319283.2 150721334.4 6845247268 1281621676.8 275033811.9 95520429.6 137081901 3668164.5 5370860439 5451338308.8
palindrome-detection:  2248780.8 34708.8 3056130 1248029.5 59690828.8 326058418.7 306540530.7 447905.2 3063877.7 3574919939.6 1499114.5 87447310 193634865.6 36607.5
regular-expressions:  1431100.2 245140.9 119865.2 17307750 2181.5 52519907 30498.8 6984 137400 1972750 10247.6 2170.5 2815038.7 599373.6
sorting-algorithms-bubble-sort:  9701.9 36945 79738.7 1650 29380.2 988696.8 25283749.7 5598573.2 4318848.4 27111735 3965231.2 531122.6 223561211.9 15636.8
sorting-algorithms-insertion-sort:  4739.4 1706.4 10236.2 227.8 936.4 116613.2 3290080.1 1201235.4 3125136 12191445 1478076.6 141465.6 1073715.2 6070
sorting-algorithms-merge-sort:  2175.6 2120.4 2167.5 246.6 75040 274733.5 5656792.2 2043641.6 2973910.5 100068 935919.3 373003.8 11904448.1 6636.3
sorting-algorithms-quick-sort:  59.4 207.6 511.2 58.8 191515.5 29968.4 597969.9 205134.4 618930 4694858.2 669776.8 62275.2 20886543.3 29658.2
sorting-algorithms-selection-sort:  2776.2 8257.2 24932 4593.6 5817 259848.6 8447682.6 2282739.8 1109124.6 9328251.6 7861439.5 590087.4 1126428.2 7174.2
synchronous-concurrency:  55.9 37.1 53.2 72.5 -1 73 1300 -1 540.3 -1 95 67.6 -1 4980
url-decoding:  1449603.4 703.5 18042.1 222830.4 228179.1 163248031.8 3022400.8 51597.5 703.8 12169128.6 13433078.4 191645.2 5972958.9 1357371.4
url-encoding:  29716.2 31465.9 6265.6 446424.2 2506.5 15301329.2 2582.5 336.8 120309.2 39421390.8 25105.6 1379.2 654666.3 28089
