ackermann-function:  578,400 1,231,545.6 1,213,574.4 902,684.2 6,068,196 444,108,325,564.2 64,800 8,439,315,484.3 1,500,547,249,776.8 692,801,347,391,860.5 41,174,301,651.5 6,083,942.4 1,128,902.4 1,275,810,415.2
array-concatenation:  29,374,617.6 56,075 132,300 21,876,562.5 318,727,661.6 29,931,158,947,778.1 1,278,220,924,703.2 17,519,924,059.4 40,138,462,846.4 4,905,034,106,414.4 24,174,294,166.8 70,011,000 3,563,908,122,828 17,243,055.9
call-an-object-method:  9,569,145.6 141.1 136.1 1,077.6 3,596.4 14,978,813,547,059.2 26,568,283,914,979,540 3,836,691,679,334.4 50,764,409,115,033.6 137,678,253,501,120,160 199,678,967,475.2 0 564,100.2 1,273.6
classes:  7,212,775.3 6,399 1,901,684,736 130.5 1,292,001.7 14,635,220,374,074.3 17,764,539,095,696,184 10,168,273,104,965.6 29,461,842,706,450 2,507,131,426,679,225 6,403,103,514,942.4 1,157.6 9,914,312,071 86,265,359,765,386,272
concurrent-computing:  58,206,836,747.5 315,648 13,339,353,228,488,778 472,902.3 -1 38,184,419,609.6 4,022,760,243,200,000 27,161,104,132,653.2 156,845,454,131.5 -1 69,434,823,490,978.4 6,990,782,030,620,313 685,200 21,051,003,896
exponentiation-operator:  12,101,356,800 5,364,013.4 9,872,800 3,058,425 11,497,531.5 456,514,638,249.6 923,121,579,194,580.6 60,060,418,623 10,657,824,378,866,432 4,689,089,661,516,608 699,782,983,551,225 10,370,215,382.4 9,027,926,835.2 10,667,713,866.4
factorial:  7,333,050.9 54,803,523.6 43,427,053.4 31,559,722.2 295,158,406.7 6,275,384,057,708.8 261,361,413,578,163.22 621,556,531,200 44,219,554,242,835.2 4,299,595,599,472,525 4,229,345,217,150 2,687,477,905.6 14,352,439.2 16,830,611.1
file-input-output:  118,000.8 0 998.4 20,998.4 112,881.6 392,952,495,236.7 1,024.8 5,626.8 4,989.6 31,273,437.5 1,162.4 1,613.6 2,606,257,442,475 847,100
function-composition:  9,712,703,939.5 340,216,377.6 4,222,462.5 30,613,102,419.1 16,871,391,342 10,338,406,443,096,874 877,928,557,396,375.5 1,899,219,109,850 3,921,814,184,805.3 129,183,841,522,928 17,815,739,902,105.6 113,609,613.7 17,001,999,298,515.6 -1
huffman-coding:  44,297,740.7 73,980 263,014,087.5 12,293,116 84,094,838.4 902,977,126.4 6,104,222,834.4 34,218,895.5 616,939,008 21,646,611,388,042.4 85,371,361,689.6 2,912,427,900 4,050,469,800 40,191,093,106,792
inheritance-multiple:  -1 -1 124,545.6 -1 776,526,217,187.5 520,495,845.9 2,511,390.7 -1 2,137,536 -1 643,196.7 -1 2,133,734.4 -1
inheritance-single:  414,822.4 -1 236,978.7 -1 203,262,349.6 518,460,915.1 1,441,339.9 235,743.9 625,263.3 119,756,458.8 651,580.2 -1 2,189,030.4 381,696
json:  2,991,262.5 3,167,437.5 34,581,096,457.6 21,112,500 3,955,097.6 310,547,272,027,796.3 12,258,785.7 834,137.7 4,790,808,512 81,951,221,192.3 8,910,113,300 419,376,136.5 40,078,950,400 615,800
lzw-compression:  89,726.4 52.6 56,340,739.2 2,548,462.5 2,786.4 39,082,936,949.1 20,683,468.8 4,930.2 1,399,161.6 -1 6,969,823.2 273,459.2 15,828,611,341.5 79,617.6
numerical-integration:  1,393,280,891,745,523 183,742,168,521.6 570,881,935,942.4 4,203,405,856,000 459,777,562,675.2 2,553,438,854,998,886.5 8,075,920,759,983,095,800 53,865,647,842,891,800 88,350,192,004,483,952 165,679,134,416,474.4 41,818,363,185,737,552 220,181,574,112.5 1,996,033,469,734,763,780 12,363,882,644,285,500,000
palindrome-detection:  82,899,055,411.2 19,992,268.8 154,716,581,250 26,239,820,237.5 128,284,902,860,492.81 3,910,212,872,606,900 19,859,657,744,683,012 3,312,706,859.2 149,642,850,745.7 3,618,968,276,311,662,100 36,951,673,310.5 697,884,188,368,750 1,784,789,872,155,417.5 22,879,687.5
regular-expressions:  23,814,938,428.2 688,600,788.1 164,095,458.8 4,172,569,677,750 54,537.5 32,035,094,993,627 11,010,066.8 565,704 219,840,000 133,357,900,000 1,239,959.6 54,262.5 92,223,482,850.7 4,229,180,121.6
sorting-algorithms-bubble-sort:  1,639,621.1 23,090,625 109,162,280.3 59,400 15,542,125.8 46,128,637,900.8 11,383,780,748,677.7 1,537,233,834,963.2 3,623,755,663,110.4 29,890,687,837,500 1,583,808,506,828.8 10,709,556,106.4 807,905,731,125,431.9 4,003,020.8
sorting-algorithms-insertion-sort:  383,891.4 61,430.4 1,729,917.8 911.2 14,982.4 225,763,155.2 687,129,938,804.9 23,881,760,987.4 156,806,823,936 2,371,004,415,045 35,054,064,645.6 325,936,742.4 19,279,630,131.2 607,000
sorting-algorithms-merge-sort:  78,321.6 76,334.4 54,187.5 986.4 91,924,000 1,233,278,681.5 515,922,075,808.8 67,693,584,358.4 142,631,721,490.5 86,548,813,200 14,159,523,089.7 2,269,355,119.2 2,273,380,549,208.9 802,992.3
sorting-algorithms-quick-sort:  59.4 830.4 4,600.8 58.8 579,334,387.5 14,504,705.6 5,860,702,989.9 690,072,121.6 6,189,300,000 344,795,081,066.2 4,614,092,375.2 63,769,804.8 7,050,482,442,891.3 14,354,568.8
sorting-algorithms-selection-sort:  136,033.8 1,189,036.8 9,972,800 372,081.6 581,700 1,131,900,501.6 1,213,433,576,346.6 85,913,195,112.8 105,900,325,932.6 1,354,098,330,507.6 990,737,912,987.5 5,667,199,389.6 21,763,719,252.2 868,078.2
synchronous-concurrency:  55.9 37.1 53.2 72.5 -1 73 20,800 -1 4,862.7 -1 380 67.6 -1 498,000
url-decoding:  23,380,653,238.6 6,331.5 5,214,166.9 602,533,401.6 593,493,839.1 1,889,368,073,832,607.2 106,823,733,875.2 32,248,437.5 6,334.2 5,000,063,728,296.6 2,449,239,751,593.6 405,521,243.2 406,883,933,226.9 24,010,542,694.6
url-encoding:  9,628,048.8 11,359,189.9 400,998.4 2,378,994,561.8 62,662.5 2,712,022,888,737.2 64,562.5 1,347.2 164,703,294.8 48,658,650,513,646.8 7,255,518.4 22,067.2 4,955,169,224.7 9,100,836
