ackermann-function: 0.73 0.98 0.97 0.88 1.49 5.08 0 3.86 5.54 7.55 4.36 1.5 0.94 2.98
array-concatenation: 2.04 0 0.29 1.89 2.82 6.54 5.52 4.12 4.39 5.96 4.22 2.32 5.85 1.86
call-an-object-method: 3.59 0.02 0 0.6 0.94 8.23 10.57 7.79 8.57 10.97 6.83 0 2.66 0.67
classes: 3.51 1.21 5.33 0 2.95 8.21 10.4 8.12 8.09 9.44 7.98 0.65 5.87 10.81
concurrent-computing: 3.96 0 7.61 0.12 -1 3.82 7.5 5.9 4.23 -1 6.14 7.7 0.24 3.6
exponentiation-operator: 2.69 0.19 0.38 0 0.43 3.88 6.36 3.22 7.15 6.9 6.22 2.65 2.6 2.65
factorial: 0 0.74 0.67 0.56 1.29 4.48 5.53 3.78 5.08 6.62 4.41 2.01 0.31 0.36
file-input-output: 1.6 0 0 1.02 1.58 6.48 0.01 0.57 0.52 3.4 0.07 0.21 7.05 2.23
function-composition: 2.53 1.44 0 2.89 2.71 6.94 6.21 4.21 4.45 5.59 4.94 1.04 4.92 -1
huffman-coding: 2.09 0 2.68 1.66 2.3 3.07 3.55 2.01 2.95 6.36 4.56 3.42 3.56 6.56
inheritance-multiple: -1 -1 0 -1 5.06 2.73 0.97 -1 0.93 -1 0.54 -1 0.93 -1
inheritance-single: 0.19 -1 0 -1 2.2 2.52 0.59 0 0.31 2.03 0.33 -1 0.73 0.15
json: 0.51 0.54 3.56 1.14 0.6 6.32 0.98 0.09 2.92 3.84 3.12 2.13 3.61 0
lzw-compression: 2.45 0 4.54 3.51 1.25 6.67 4.21 1.49 3.35 -1 3.87 2.81 6.37 2.4
numerical-integration: 2.91 0 0.22 1.01 0.3 2.9 5.48 4.02 3.8 2.2 3.48 0.06 5.12 5.52
palindrome-detection: 2.71 0 2.92 2.34 5.02 6.13 6.47 1.67 2.91 8.14 2.45 5.47 5.85 0.04
regular-expressions: 4.23 3.08 2.61 5.89 0 6.58 1.73 0.76 2.7 4.67 1.02 0 4.67 3.67
sorting-algorithms-bubble-sort: 1.11 1.97 2.47 0 1.83 4.33 6.23 5.47 5.6 6.46 5.4 3.88 7.63 1.4
sorting-algorithms-insertion-sort: 1.97 1.35 2.47 0 0.91 4.05 6.52 5.57 6.19 7.07 5.7 4.17 5.5 2.12
sorting-algorithms-merge-sort: 1.42 1.41 1.34 0 3.73 4.57 6.54 5.88 6.12 5.28 5.37 4.77 7.02 2.17
sorting-algorithms-quick-sort: 0 0.85 1.42 0 5.25 4.05 6 5.31 6.02 7.34 5.98 4.53 8.31 4.05
sorting-algorithms-selection-sort: 0 0.71 1.41 0.33 0.48 2.95 5.22 4.36 4.25 5.26 5.16 3.47 3.91 0.61
synchronous-concurrency: 0.18 0 0.16 0.29 -1 0.29 2.15 -1 1.64 -1 0.71 0.26 -1 3.13
url-decoding: 4.94 0 2.16 3.74 3.74 8.42 5.43 2.79 0 6.57 6.43 3.62 5.87 4.93
url-encoding: 2.9 2.95 1.87 4.68 1.27 6.98 1.28 0 3.82 7.81 2.8 0.91 4.93 2.88
