ackermann-function: 0.95 1.28 1.27 1.14 1.97 6.84 0 5.11 7.36 10.03 5.8 1.97 1.24 4.29
array-concatenation: 2.72 0 0.37 2.59 3.75 8.73 7.36 5.49 5.85 7.94 5.63 3.1 7.8 2.49
call-an-object-method: 4.85 0.02 0 0.9 1.42 11.04 14.29 10.45 11.57 15.01 9.17 0 3.62 0.97
classes: 4.74 1.69 7.16 0 4 11.05 14.13 10.89 11.35 13.28 10.69 0.95 7.88 14.82
concurrent-computing: 5.27 0 10.63 0.18 -1 5.08 10.11 7.93 5.7 -1 8.34 10.35 0.34 4.82
exponentiation-operator: 3.6 0.24 0.51 0 0.58 5.17 8.48 4.29 9.54 9.19 8.36 3.53 3.47 3.54
factorial: 0 0.87 0.77 0.63 1.6 5.93 7.55 4.93 6.78 8.77 5.76 2.56 0.29 0.36
file-input-output: 2.07 0 0 1.32 2.05 8.6 0.01 0.75 0.7 4.5 0.07 0.21 9.42 2.93
function-composition: 3.36 1.91 0 3.86 3.6 9.39 8.32 5.65 5.97 7.49 6.63 1.43 6.6 -1
huffman-coding: 2.78 0 3.55 2.22 3.06 4.09 4.92 2.67 3.92 8.47 6.06 4.6 4.74 8.74
inheritance-multiple: -1 -1 0 -1 6.79 3.62 1.3 -1 1.23 -1 0.71 -1 1.23 -1
inheritance-single: 0.25 -1 0 -1 2.94 3.34 0.79 0 0.42 2.71 0.44 -1 0.97 0.21
json: 0.69 0.71 4.75 1.54 0.81 8.7 1.3 0.13 3.89 5.12 4.16 2.83 4.81 0
lzw-compression: 3.23 0 6.03 4.69 1.72 8.87 5.59 1.97 4.42 -1 5.12 3.72 8.48 3.18
numerical-integration: 3.88 0 0.49 1.36 0.4 4.14 7.64 5.47 5.68 2.96 5.36 0.08 7.04 7.83
palindrome-detection: 3.62 0 3.89 3.12 6.81 8.29 9 2.22 3.87 11.26 3.27 7.54 7.95 0.06
regular-expressions: 5.64 4.1 3.48 7.89 0 8.77 2.31 1.02 3.61 6.39 1.36 0 6.23 4.89
sorting-algorithms-bubble-sort: 1.44 2.59 3.26 0 2.42 5.89 8.28 7.41 7.79 8.7 7.43 5.26 10.13 1.83
sorting-algorithms-insertion-sort: 2.62 1.83 3.28 0 1.22 5.39 8.88 7.42 8.24 9.42 7.59 5.55 7.33 2.82
sorting-algorithms-merge-sort: 1.9 1.89 1.74 0 4.97 6.1 8.72 7.84 8.16 7.94 7.16 6.36 9.36 2.91
sorting-algorithms-quick-sort: 0 1.15 1.89 0 6.99 5.39 8 7.07 8.02 9.77 7.89 6.04 11.08 5.39
sorting-algorithms-selection-sort: 0 0.94 1.87 0.44 0.63 3.92 6.95 5.8 5.89 7 6.86 4.62 5.2 0.8
synchronous-concurrency: 0.18 0 0.16 0.29 -1 0.29 2.75 -1 2.12 -1 1.01 0.26 -1 4.13
url-decoding: 6.57 0 2.92 4.98 4.97 11.47 7.23 3.71 0 8.9 8.59 4.81 7.81 6.58
url-encoding: 3.85 3.93 2.47 6.25 1.67 9.3 1.68 0 5.09 10.56 3.73 1.21 6.57 3.83
