ackermann-function: 3.76 3.93 3.93 3.87 4.27 6.58 3.26 5.85 6.98 8.32 6.17 4.27 3.89 4.93
array-concatenation: 4.71 3.35 3.57 4.54 5.24 7.7 7.03 6.09 6.27 7.32 6.16 4.89 7.25 4.59
call-an-object-method: 4.47 2.15 2.13 2.43 2.6 7.55 8.98 7.27 7.7 9.07 6.62 0 3.84 2.5
classes: 4.4 2.85 5.61 2.12 4.03 7.49 8.77 7.47 6.93 7.7 7.38 2.46 5.97 8.91
concurrent-computing: 6.35 3.69 8.3 3.77 -1 6.24 8.59 7.57 6.46 -1 7.63 8.75 3.84 6.07
exponentiation-operator: 5.92 4.27 4.39 4.13 4.42 6.72 8.38 6.28 8.88 8.74 8.22 5.9 5.86 5.88
factorial: 4.14 4.76 4.71 4.64 5.13 7.17 7.66 6.78 7.53 8.61 7.2 5.6 4.47 4.5
file-input-output: 3.52 0 2.4 3.12 3.5 6.77 2.41 2.8 2.74 4.7 2.46 2.61 7.08 3.93
function-composition: 5.96 5.24 4.27 6.2 6.09 8.76 8.37 7.04 7.2 7.96 7.53 4.92 7.51 -1
huffman-coding: 4.72 3.31 5.11 4.4 4.86 5.37 5.51 4.67 5.29 7.57 6.36 5.56 5.7 7.7
inheritance-multiple: -1 -1 3.54 -1 6.87 5.37 4.17 -1 4.17 -1 3.9 -1 4.17 -1
inheritance-single: 3.81 -1 3.68 -1 5.15 5.37 4.08 3.68 3.89 5.04 3.91 -1 4.18 3.78
json: 4.12 4.15 6.16 4.53 4.19 7.73 4.44 3.84 5.73 6.35 5.87 5.21 6.19 3.79
lzw-compression: 3.4 1.72 4.77 4.05 2.49 6.19 4.56 2.74 3.99 -1 4.33 3.63 5.98 3.34
numerical-integration: 8.47 6.53 6.48 7.19 6.73 8.18 9.84 9.11 8.44 7.98 8.14 6.56 9.73 9.74
palindrome-detection: 6.35 4.54 6.49 6.1 7.78 8.51 8.49 5.65 6.49 9.55 6.18 7.94 8.29 4.56
regular-expressions: 6.16 5.39 5.08 7.24 3.34 7.72 4.48 3.84 5.14 6.3 4.01 3.34 6.45 5.78
sorting-algorithms-bubble-sort: 3.99 4.57 4.9 3.22 4.47 6 7.4 6.75 6.64 7.43 6.6 5.73 8.35 4.19
sorting-algorithms-insertion-sort: 3.68 3.23 4.01 2.36 2.97 5.07 6.52 6.08 6.49 7.09 6.17 5.15 6.03 3.78
sorting-algorithms-merge-sort: 3.34 3.33 3.34 2.39 4.88 5.44 6.75 6.31 6.47 5 5.97 5.57 7.08 3.82
sorting-algorithms-quick-sort: 1.77 2.32 2.71 1.77 5.28 4.48 5.78 5.31 5.79 6.67 5.83 4.79 7.32 4.47
sorting-algorithms-selection-sort: 3.44 3.92 4.4 3.66 3.76 5.41 6.93 6.36 6.04 6.97 6.9 5.77 6.05 3.86
synchronous-concurrency: 1.75 1.57 1.73 1.86 -1 1.86 3.11 -1 2.73 -1 1.98 1.83 -1 3.7
url-decoding: 6.16 2.85 4.26 5.35 5.36 8.21 6.48 4.71 2.85 7.09 7.13 5.28 6.78 6.13
url-encoding: 4.47 4.5 3.8 5.65 3.4 7.18 3.41 2.53 5.08 7.6 4.4 3.14 5.82 4.45
