54.0
87.4
87.3
87.4
87.4
87.3
87.3
87.2
87.1
87.1
87.0
87.0
87.0
87.0
86.9
86.9
86.9
86.9
86.9
86.9
86.8
86.9
86.9
86.9
86.8
86.9
87.0
87.0
87.0
87.0
87.0
87.0
87.0
87.0
87.0
87.0
87.0
87.0
87.0
87.0
87.0
86.9
86.9
87.0
87.5
87.4
87.3
87.3
87.3
87.2
87.2
87.1
87.1
87.1
87.1
87.1
87.0
87.0
87.0
87.1
87.0
87.0
87.0
87.0
87.1
87.1
87.1
87.1
87.1
87.2
87.2
87.1
87.1
87.1
87.2
87.1
87.1
87.1
87.1
87.1
87.1
87.1
87.2
87.1
87.2
87.2
87.2
87.2
87.2
87.2
87.2
87.2
87.2
87.2
87.2
87.2
87.2
87.1
87.1
87.1
87.2
87.2
87.2
87.2
87.2
87.2
87.2
87.2
87.2
87.2
87.2
87.2
87.2
87.2
87.2
87.2
87.2
87.2
87.2
87.2
87.2
87.2
87.2
87.2
87.2
87.2
87.2
87.3
87.2
87.2
87.3
87.3
87.3
87.3
87.3
87.3
87.3
87.3
87.3
87.3
99.4
87.5
87.4
87.4
