49.7
80.4
80.4
80.3
80.4
80.3
80.3
80.3
80.2
80.1
80.2
80.1
80.2
80.1
80.1
80.1
80.0
79.9
79.9
79.7
79.8
79.7
79.7
79.9
79.9
79.8
79.9
79.9
80.1
79.9
79.9
79.8
79.9
79.8
79.8
80.0
80.0
80.0
80.0
80.1
80.0
80.0
80.2
80.2
80.1
80.2
80.1
80.1
80.0
80.0
80.0
80.1
80.1
80.0
80.2
80.3
80.3
80.3
80.3
80.3
80.2
80.2
80.2
80.2
80.3
80.3
80.4
80.5
80.4
80.3
80.4
80.4
80.4
80.4
80.4
80.4
80.5
80.5
80.6
80.4
80.5
80.6
80.5
80.5
80.6
80.5
80.5
80.6
80.6
80.7
80.7
80.8
80.7
80.7
80.8
80.9
80.9
81.0
80.8
80.8
80.8
80.9
80.9
81.2
81.1
81.1
80.9
80.9
80.8
80.8
80.9
80.7
80.7
80.7
80.8
80.7
80.8
80.9
80.8
80.6
80.5
80.6
80.7
80.9
80.9
80.7
80.7
80.9
80.8
80.8
80.9
80.8
80.8
80.7
80.7
80.8
80.9
