76.7
83.6
83.5
83.6
83.6
83.6
83.6
83.6
83.7
83.7
83.7
83.8
83.8
83.8
83.7
83.8
83.7
83.7
83.8
83.8
83.8
83.7
83.7
83.7
83.7
83.7
83.7
83.7
83.8
83.8
83.8
83.8
83.8
83.8
83.8
83.8
83.8
83.8
83.9
83.9
83.9
83.8
83.8
83.9
83.9
83.8
83.9
83.9
83.9
83.9
83.9
83.9
83.9
83.9
83.9
83.9
83.9
83.9
83.9
83.9
83.9
84.0
83.9
84.0
84.0
84.0
84.0
84.1
84.1
84.1
84.1
84.1
84.1
84.0
84.1
84.1
84.1
84.1
84.0
84.1
84.0
84.0
84.0
84.0
84.0
84.0
84.1
84.1
84.1
84.1
84.1
84.1
84.1
84.0
84.0
84.0
84.0
84.0
84.0
84.0
84.0
84.0
84.0
84.0
84.1
84.1
84.1
84.1
84.1
84.2
84.2
84.1
84.2
84.2
84.1
84.1
84.1
84.1
84.1
84.1
84.1
84.1
84.1
84.1
84.1
84.2
84.1
84.1
84.2
84.2
84.1
84.1
84.1
84.0
84.1
84.1
84.1
84.1
84.1
84.1
84.0
84.0
84.0
84.0
84.0
84.1
84.1
84.1
84.1
84.6
84.6
84.5
84.5
84.4
84.4
84.3
84.3
84.2
84.2
84.2
84.2
84.1
84.1
84.1
84.0
84.0
84.1
84.0
84.1
84.1
84.1
84.1
84.1
84.1
84.1
84.1
84.0
84.0
84.1
84.1
84.1
84.1
84.0
84.0
84.1
84.0
84.0
84.0
84.0
84.0
83.9
83.9
83.9
83.9
83.9
83.9
83.9
83.9
83.9
83.9
83.9
83.9
83.8
83.9
83.9
84.0
84.0
84.0
84.0
84.0
84.0
84.1
84.1
84.1
84.1
84.1
84.1
84.1
84.1
84.1
84.1
84.1
84.1
84.1
84.0
84.1
84.0
84.1
84.1
84.1
84.1
84.0
84.1
84.1
84.1
84.2
84.2
84.1
84.1
84.1
