49.6
87.7
87.7
87.7
87.8
87.8
87.8
87.8
87.8
87.9
87.9
87.9
87.9
87.9
88.4
98.8
88.2
88.2
88.2
88.2
88.1
88.2
88.6
99.6
89.2
89.2
89.2
89.2
89.2
89.2
89.3
89.2
89.3
89.3
89.3
89.3
89.3
89.3
89.3
89.3
89.3
89.3
89.3
89.3
89.3
89.3
89.3
89.4
89.4
89.4
89.3
89.4
89.4
89.4
89.4
89.4
89.4
89.4
89.4
89.4
89.4
89.4
89.4
89.5
89.5
89.5
89.5
89.5
89.5
89.6
89.5
89.6
89.6
89.6
89.6
89.5
89.5
89.6
89.6
89.6
89.6
89.5
89.5
89.6
89.6
89.6
89.6
89.6
89.6
89.6
89.6
89.6
89.6
89.6
89.6
89.6
89.6
89.6
89.7
89.6
89.7
89.7
89.7
89.7
89.7
89.8
89.8
89.8
89.8
89.8
89.8
89.8
89.9
89.9
89.9
89.9
