ackermann-function:  1,751,776,108.2 71,775,590.4 72,298,137.6 35,613,318.9 1,071,391,066.2 3,934,121,749,557.6 130,310,897,762,304 939,702,618,367,084.8 1,242,471,544,155,340.8 504,996,092,049,768,060 53,554,937,374,484.8 227,731,046.4 87,400,121.6 356,229,868,836.6
array-concatenation:  81,287,934.4 11,602,451.2 20,143,058.1 12,694,660,070.4 57,596,114.5 141,771,275,161.6 33,787,967,400 148,041,409,636 808,563,416,534.6 54,460,620,931.5 2,771,507,453.4 2,692,651,205,661.5 22,976,862,133,647.1 431,897,869.8
call-an-object-method:  672 384,000 364,000 25,400 21.6 27,188,253,595.5 13,453,641,087,846.4 17,864,183,479,200 172,443,127,870,806.1 268,302,389,287,499.97 7,385,198,655,283.2 77,398,568,755.2 4,021,675 1,612.5
classes:  23,600,000 33,308,275 13,450,553.6 1,580,082.4 0 553,229,418.8 22,223,896.1 27,643,532.8 36,879,360 31,678,788,404.9 44,797,715.2 25,508,787.3 42,905,128.8 40,279,477.5
concurrent-computing:  2,043,686,563,660.7 159,385,600 18,106,884,566,311,420 427,136,220 -1 188,043,634,649,894.38 3,086,566,084,675,696,600 -1 238,862,615,059,246.1 -1 265,175,599,033,150 3,479,408,680,359,053 534,729,527,596.8 8,690,593,087,488
exponentiation-operator:  251,862,979.2 404,800 6,222,952,617 54,604.8 457,934,400 40,431,756,509.6 25,146,009,104,947.2 4,445,521,898.4 1,290,149,326,250,072 24,800,251,721,968.8 267,652,278,082,899.97 4,952,835,362.5 104,863,036,730.4 196,229,376
factorial:  520,739,431,552.8 6,686,961,856.8 7,707,692,292.3 4,343,709,474.9 167,770,709,606.4 202,072,822,608,137.7 61,288,884,383,991,576 79,177,429,812,622,688 8,219,456,049,628,822 4,474,825,771,230,323 18,585,952,497,956,272 86,658,526,589,733.61 2,175,995,801.2 105,454,550,287.5
file-input-output:  2,551,304,023.2 22,389,154,142.4 9,168,182,487.2 1,555,011,993.6 0 6,947,330,982,860.8 2,755,980,603.9 2,405,116,800 3,012,610,822.1 56,883,708,057.6 1,519,840,629.9 1,419,163,457.6 577,168,319,079,111.2 30,231,930,412.3
function-composition:  16,694.1 454,801,134.4 8,201,541.6 7,846,403,276.4 184,052,940.8 450,961,132,282.8 13,943,141,477,516.8 144,261,333,865.6 545,218,269,775 11,411,062,907,238.4 1,936,905,223,554.4 27,308,288 3,526,967,323,509,634 -1
huffman-coding:  221,561,942,112 44,406,862.5 26,358,615,201.6 22,260,502,628.1 153,074,139,876 43,899,343,115.2 4,943,550,573,142 262,632,053,248 542,854,571,886.9 209,585,061,835,008 28,791,258,748,255.9 611,289,795,340.8 3,672,402,285,735.9 307,677,627,503,379,900
inheritance-multiple:  -1 -1 199,774,862.5 -1 2,607,209,406,648,132,000,000 9,033,646,694.4 302,498,692.8 -1 527,441,414.4 -1 131,429,414.4 -1 465,168,848,175.3 -1
inheritance-single:  249,418,032.2 -1 158,720,000 -1 4,676,891,299,262.4 12,447,079,912.5 197,607,513.6 201,740,062.5 183,257,733.5 16,134,259,995.3 196,362,835.2 -1 578,378,268,462.5 279,081,779.2
json:  6,966,965,579 1,687,886,553.6 6,335,054,400,716.8 38,407,435,100 618,931,584,000 21,476,991,379,721,160 4,489,600,000 310,615,581.6 1,221,558,549,491.7 13,994,948,767,552.2 3,811,394,296,958.4 150,681,666.4 1,047,040,073,070,252.9 1,212,608,102.4
lzw-compression:  87,581,250 34,339.8 6,898,162,500 1,552,942,652.8 47,773.6 567,781,982,208 9,466,240,634.6 7,014,400 1,663,969,132.8 -1 6,227,008,358.4 2 18,197,252,884,091,444 105,825,096
numerical-integration:  1,724,560,720,492,856,320 192,793,489,628,047.22 1,165,184,841,279,687.5 511,310,640,800,906.25 235,770,527,575,782,464 121,287,868,474,643,710,000 418,485,510,110,628,340,000,000 3,926,372,601,798,350,000,000 -1 -1 -1 -1 -1 -1
palindrome-detection:  360,537,086,015,932.06 30,844,849,203.2 81,241,928,119,830.1 2,438,554,076,707,020 223,246,704,646,875 36,580,976,077,195,688 1,821,067,474,386,835,200 110,329,453,725,747.2 276,734,105,767,375.38 914,296,141,294,432,000 241,886,110,547,963.22 3,481,283,100,672,000 1,130,978,339,335,281,790 7,518,828,012.9
regular-expressions:  12,045,294,115,331.6 1,711,952,057,925 4,647,367,047,020.6 69,914,911,173,673.5 4,632,940.8 22,542,337,343,304.6 158,515.2 141,371,575 8,294,170,270.9 2,939,678,971,028.4 37,383,770.7 3,953,611,350 20,648,980,909,920.8 1,844,126,895,194.1
sorting-algorithms-bubble-sort:  3,026,293,043.2 22,139,159,287.5 11,289,388,646.4 2,324,911,891.2 80,683,464,953.6 306,436,873,437,500 1,442,952,512,867,131.2 26,237,993,159,254,292 37,989,830,816,185,064 31,818,837,627,939,918,000 11,546,595,852,354,246 134,551,708,788,576.81 196,682,173,137,049,504 3,340,276,614.4
sorting-algorithms-insertion-sort:  1,221,373,093.5 79,523,437.5 259,700,000 35,704,111.3 30,417,960.8 451,308,340,734.3 160,164,968,025,653.6 1,581,724,289,395,008 22,276,715,595,002 1,823,603,284,801,192,960 87,025,770,192,268.81 406,110,434,376.5 9,224,288,135,168 273,441,885.4
sorting-algorithms-merge-sort:  625,741,220.8 100,579,956 16,112,500 6,002.5 97,600,470,220.8 308,413,538,400 95,764,170,644,323 1,215,073,066,228,273 6,995,953,865,578.7 120,391,114,838,954,000 14,531,021,413,977.6 2,820,363,379,963.2 1,084,247,525,619,336.5 2,441,731,250
sorting-algorithms-quick-sort:  644,851 1,112,560.8 2,341,572.6 258,357.6 324,250,058,355.3 6,123,664,800 1,064,116,826,153.6 39,202,017,213,440 7,169,181,491,200 219,635,543,654,996.78 8,517,488,145,030.4 145,348,869,610.1 2,638,389,231,659,700 160,708,512,994.2
sorting-algorithms-selection-sort:  210,142,612.5 626,317,725.6 1,967,999,962.5 49,161,816 305,745,014.6 2,249,402,955,575 182,348,740,904,628.8 3,293,008,822,483,888.5 739,084,211,395,300.2 3,160,571,437,456,322.5 4,274,848,316,176,000 55,676,126,625,710.4 4,904,418,472,483.5 430,560,464.8
url-decoding:  699,602.5 4,469,644.8 49,734,587.5 2,265,300 44,564,480 3,521,622,800,998.4 14,467,422,131.2 482,498.1 15,638,256,106.2 7,737,929,726,328 4,723,832,883.2 243,777.6 1,348,981,602.2 1,297,609,645.5
url-encoding:  6,848,000 32,584,329,435 410,562,826.2 117,578,587,500 4,318,218,669.6 5,935,969,442,700 15,255,737,548.8 120,825 8,938,083,336 907,070,136,172,537.5 1,100,660,263,600 256,608 390,202,785,734.4 737,358,643.2
