14.9
15.3
15.8
16.2
16.6
17.0
17.2
17.5
17.7
17.9
18.0
18.3
18.4
18.6
18.7
18.9
19.0
19.0
19.1
19.2
19.3
19.3
19.4
19.4
19.5
19.5
19.5
19.6
19.6
19.5
19.5
19.6
19.6
19.5
19.5
19.5
19.5
19.5
19.5
19.6
19.5
19.5
19.5
19.5
19.5
19.6
19.5
19.5
19.5
19.5
19.5
19.5
19.5
19.5
19.5
19.6
19.5
19.5
19.5
19.6
19.5
19.5
19.5
19.5
19.5
19.5
19.6
19.6
19.5
19.5
19.5
19.5
19.5
19.6
19.6
19.6
19.7
19.7
19.7
19.7
19.8
19.8
19.8
19.8
19.8
19.7
19.7
19.7
19.7
19.7
19.6
19.7
19.7
19.7
19.6
19.6
19.6
19.6
19.6
19.6
19.7
19.6
19.7
19.7
19.7
19.7
19.7
19.6
19.7
19.7
19.7
19.7
19.7
19.7
19.6
19.6
19.6
19.6
19.6
19.6
19.6
19.6
19.7
19.7
19.7
19.6
19.6
19.6
19.6
19.6
19.6
19.7
19.7
19.7
19.7
19.7
19.7
19.7
19.7
19.7
19.7
19.7
19.7
19.7
19.7
19.6
19.6
19.7
19.7
19.7
19.6
19.6
19.6
19.6
19.6
19.6
19.7
19.7
19.7
19.6
19.6
19.7
19.6
19.6
19.7
19.6
19.6
19.6
19.6
19.6
19.6
19.6
19.6
19.6
19.6
19.6
19.7
19.7
19.7
19.7
19.7
19.6
19.7
19.7
19.6
19.6
19.6
19.6
19.6
19.6
19.6
19.6
19.7
19.7
19.7
19.7
19.8
19.8
19.8
19.8
19.8
19.9
19.8
19.9
19.9
19.9
19.9
19.9
19.9
19.8
19.8
19.8
19.8
19.8
19.7
19.7
19.7
19.7
19.7
19.7
19.7
19.7
19.7
19.7
19.7
19.7
19.7
19.7
