43.6
63.0
62.8
62.5
62.3
62.1
61.9
62.1
62.0
61.8
61.6
61.5
61.4
61.3
61.1
61.0
61.1
61.1
61.0
60.9
60.9
60.9
60.9
60.9
60.8
60.8
60.8
61.0
61.0
60.9
60.9
60.9
60.9
61.2
61.7
61.6
61.5
61.7
62.1
61.8
61.8
61.6
61.4
61.6
61.4
61.3
61.3
61.2
61.0
61.1
61.0
60.9
61.0
61.0
61.1
61.1
61.0
61.0
61.0
60.9
60.9
61.1
61.0
61.5
61.3
61.3
61.2
61.7
61.6
62.1
61.9
61.7
61.7
61.5
61.4
61.3
61.2
61.1
61.0
61.0
61.0
60.9
60.9
60.8
60.8
60.8
60.8
60.8
60.8
60.8
60.8
60.9
60.9
60.9
61.2
61.1
61.1
61.1
61.0
61.0
60.9
60.8
60.8
61.1
61.2
61.1
61.7
61.5
61.4
61.3
67.8
60.9
60.9
60.9
60.8
60.8
60.8
60.8
60.8
60.8
60.7
60.7
61.2
61.5
62.0
61.8
61.7
61.6
61.5
61.4
61.3
61.1
61.1
61.0
61.0
60.9
61.0
67.4
60.7
60.6
60.6
60.6
60.6
60.6
60.6
60.6
60.7
60.7
60.7
60.7
60.7
60.8
60.8
60.8
60.8
60.8
61.2
61.2
61.1
61.1
61.0
61.0
60.9
60.9
60.9
60.9
60.9
60.9
60.9
60.8
60.8
60.8
60.9
61.0
60.9
60.9
60.8
60.8
60.8
60.8
60.8
60.8
60.7
60.7
60.7
60.7
60.7
60.7
60.8
60.9
60.9
60.9
60.9
60.9
60.9
60.9
60.9
60.9
60.8
60.9
60.8
60.8
60.8
60.8
60.8
60.9
66.7
60.7
60.7
60.7
60.7
61.1
61.0
61.0
61.0
61.0
61.0
61.0
61.0
61.0
60.9
61.2
61.2
66.7
66.2
60.9
60.8
60.8
60.8
60.9
61.0
61.0
60.9
61.1
61.1
61.0
61.0
60.9
60.9
60.9
61.0
61.0
61.4
61.8
62.1
62.0
62.2
62.0
62.0
61.8
61.7
61.5
61.4
61.3
61.2
61.2
61.1
61.1
61.0
61.0
61.0
60.9
60.9
60.8
60.8
61.0
61.1
61.0
60.9
61.5
61.4
61.4
61.4
61.4
61.3
61.3
61.3
61.2
61.3
61.2
61.1
61.1
61.0
61.0
61.0
60.9
61.0
61.0
60.9
60.9
60.8
60.8
60.8
60.8
60.8
60.8
60.8
60.9
60.9
61.1
61.0
61.0
60.9
60.9
60.9
61.0
60.9
60.9
61.3
61.2
61.2
61.2
61.1
61.4
61.4
61.3
61.2
61.2
66.5
61.1
61.0
61.0
60.9
60.9
60.9
60.9
60.9
60.8
60.8
60.8
60.8
60.9
60.9
60.8
60.8
60.9
60.9
60.9
60.9
60.9
60.9
60.9
60.9
60.9
60.9
60.9
60.9
60.9
60.9
60.8
60.8
60.8
60.8
60.8
60.8
60.9
60.8
60.9
60.9
60.8
60.9
61.3
61.8
62.1
62.4
62.3
62.2
