60.9
60.9
60.9
60.8
61.0
61.0
61.0
61.0
61.0
61.1
61.1
61.1
61.1
61.3
61.3
61.3
61.2
61.2
61.3
61.3
61.3
61.4
61.3
61.3
61.3
61.3
61.3
61.3
68.4
68.8
63.2
63.0
62.7
62.6
62.4
62.3
62.1
62.1
62.0
61.8
61.8
61.8
61.7
61.6
61.6
61.5
61.5
61.5
61.4
61.4
61.4
61.4
61.3
61.3
61.3
61.4
61.3
61.5
61.5
61.4
61.4
61.4
61.3
61.3
61.3
61.3
61.3
61.4
61.4
61.4
61.4
61.4
61.4
61.4
61.3
61.4
61.4
61.4
61.3
61.3
61.4
61.9
62.3
62.6
62.5
62.3
62.3
62.1
62.0
61.9
61.7
61.7
61.6
61.5
61.5
61.5
62.0
62.6
62.5
62.3
62.1
62.0
61.9
61.8
61.7
61.7
61.6
61.5
61.5
61.5
61.4
61.4
61.3
61.3
61.3
61.3
61.3
61.4
61.4
61.3
61.3
61.3
61.2
61.3
61.3
61.2
61.2
61.2
61.2
61.3
61.3
61.3
61.3
61.3
61.3
61.3
61.3
61.3
61.4
61.4
61.3
61.3
61.3
61.2
61.2
61.2
61.3
61.7
61.7
61.7
61.6
61.6
61.5
61.4
61.4
61.4
61.3
61.4
61.7
62.0
62.0
62.0
61.9
61.8
61.7
61.6
61.5
61.5
61.5
61.5
61.4
61.4
61.4
61.5
61.5
61.5
61.4
61.4
61.4
61.3
61.3
61.3
61.2
61.3
61.3
61.3
61.2
61.2
61.3
61.2
61.2
