61.1
61.3
61.4
61.3
61.3
61.8
62.1
62.1
62.4
62.2
62.0
61.9
61.8
61.7
61.7
61.6
61.5
61.5
61.5
68.8
61.7
61.6
61.5
61.4
61.4
61.3
61.3
61.3
61.3
61.2
61.2
61.2
61.3
61.2
61.2
61.2
61.2
61.2
61.2
61.2
61.2
61.2
61.1
61.1
61.1
61.1
61.1
61.1
61.1
61.1
61.1
61.1
61.1
61.1
61.3
61.3
61.3
61.3
61.2
61.2
61.2
61.2
61.2
61.2
61.2
61.1
61.1
61.2
61.1
61.1
61.1
61.7
61.6
61.8
61.7
61.7
61.6
61.5
61.5
61.4
61.4
61.4
61.3
61.3
61.3
61.3
61.3
61.3
61.2
61.3
61.3
61.2
61.2
61.3
61.3
61.3
61.3
61.2
61.3
61.2
61.3
61.3
61.3
61.2
61.2
61.2
61.2
61.2
61.2
