14.3
14.4
14.5
14.6
14.9
14.9
15.0
15.1
15.1
15.3
15.3
15.4
15.5
15.6
15.6
15.7
15.7
15.7
15.8
15.8
15.8
15.8
15.9
15.9
15.9
15.9
15.9
16.0
16.0
16.0
16.0
16.0
16.1
16.1
16.1
16.1
16.1
16.1
16.1
16.1
16.1
16.1
16.1
16.1
16.1
16.1
16.1
16.1
16.2
16.2
16.2
16.2
16.2
16.2
16.2
16.1
16.1
16.1
16.1
16.1
16.1
16.1
16.1
16.1
16.2
16.1
16.1
16.1
16.1
16.1
16.2
16.2
16.1
16.1
16.2
16.1
16.1
16.2
16.2
16.2
16.2
16.2
16.2
16.2
16.1
16.1
16.1
16.2
16.1
16.1
16.1
16.2
16.1
16.1
16.2
16.2
16.2
16.1
16.2
16.1
16.2
16.1
16.1
16.1
16.1
16.2
16.2
16.1
16.1
16.1
16.1
16.2
16.2
16.2
16.2
16.2
16.1
16.1
16.2
16.2
16.2
16.2
16.2
16.2
16.2
16.2
16.2
16.2
16.2
16.2
16.2
16.2
16.2
16.2
16.1
16.1
16.1
16.2
16.1
16.2
16.2
16.2
16.2
16.2
16.2
16.2
16.3
16.3
16.4
16.3
16.3
16.3
16.3
16.3
16.2
16.2
16.2
16.2
16.2
16.1
16.1
16.1
16.2
16.2
16.3
16.2
16.2
16.2
16.2
16.2
16.2
16.2
16.2
16.2
16.2
16.2
16.2
16.3
16.3
16.3
16.2
16.2
16.2
16.2
16.2
16.2
16.2
16.2
16.2
16.2
16.2
16.2
16.2
16.2
16.2
16.2
16.2
16.2
16.2
16.2
16.2
16.2
16.2
16.2
16.2
16.2
16.2
16.2
16.2
16.2
16.1
16.1
16.1
16.1
16.2
16.2
16.1
16.1
16.1
16.1
16.2
16.1
16.1
16.2
16.2
16.2
16.1
16.1
16.2
16.2
16.1
16.1
16.2
16.2
16.2
16.1
16.1
16.2
16.1
16.1
16.2
16.2
16.2
16.2
16.2
16.1
16.1
16.2
16.2
16.1
16.1
16.2
16.2
16.1
16.1
16.2
16.2
16.2
16.2
16.2
16.2
16.2
16.1
16.1
16.1
16.1
16.1
16.1
16.1
16.1
16.1
16.1
16.1
16.1
16.1
16.1
16.2
16.1
16.1
16.2
16.2
16.1
16.1
16.1
16.1
16.2
16.1
16.1
16.2
16.2
16.2
16.2
16.2
16.1
16.1
16.2
16.1
16.1
16.1
16.2
16.1
16.2
16.1
16.1
16.2
16.2
16.2
16.2
16.1
16.1
16.1
16.1
16.2
16.1
16.1
16.2
16.1
16.2
16.2
16.1
16.1
16.1
16.2
16.2
16.2
16.2
16.2
16.1
16.1
16.2
