37.4
56.1
56.5
62.6
62.6
62.5
62.5
62.5
62.3
62.3
62.3
62.4
62.4
62.3
62.3
62.3
62.5
62.9
62.8
62.8
62.7
62.7
62.5
62.2
62.2
62.2
62.3
62.3
62.1
62.2
62.2
62.3
62.3
62.3
62.4
62.4
62.4
62.4
62.4
62.4
62.5
62.6
62.6
69.0
68.8
61.7
61.8
61.6
61.7
61.8
61.9
62.0
62.1
62.1
62.2
62.3
62.3
62.3
62.4
62.4
62.4
62.2
61.9
62.0
62.0
62.1
62.2
62.3
62.3
62.3
62.4
62.4
62.5
62.5
62.5
62.5
62.5
62.6
62.6
62.6
62.7
62.6
62.7
62.7
62.6
62.6
62.7
62.7
62.7
62.7
62.7
62.7
62.7
62.7
62.5
62.4
62.5
62.5
62.5
62.5
62.6
62.6
62.6
62.6
62.7
62.7
62.7
62.7
62.7
62.7
62.8
62.8
62.8
62.8
62.8
62.8
62.5
62.5
62.4
62.5
62.5
62.5
62.6
62.6
62.6
62.7
69.4
68.7
62.8
62.8
62.8
62.8
62.8
62.8
62.8
62.8
62.7
62.7
62.7
62.7
62.7
62.4
62.4
62.4
62.3
62.4
62.5
62.5
62.4
62.5
62.5
62.5
62.6
62.6
62.6
62.7
62.7
62.7
62.8
62.8
62.8
62.8
62.8
62.8
62.8
62.6
62.6
62.6
62.7
62.7
62.7
62.8
62.5
62.5
62.5
62.6
62.6
62.7
62.7
62.7
62.7
62.8
62.8
62.8
62.7
62.7
62.7
62.6
62.4
62.4
62.5
62.5
62.4
62.3
62.4
62.4
62.5
62.6
62.6
62.7
62.7
62.7
62.7
62.8
62.8
62.8
62.8
62.9
62.9
62.9
62.6
62.6
62.7
62.7
62.8
62.8
62.8
62.8
62.8
62.8
62.9
62.9
62.8
62.6
62.6
62.7
62.7
62.7
62.8
62.8
62.8
62.8
62.7
62.5
62.4
62.3
62.2
62.3
62.4
62.4
62.5
62.5
62.6
62.6
62.7
62.7
62.7
62.8
62.8
62.8
62.9
62.9
62.9
62.9
62.9
62.8
62.7
62.8
62.8
62.8
62.8
62.9
62.9
62.9
62.9
62.6
62.4
62.5
62.5
62.6
62.7
62.7
62.8
62.8
62.8
62.8
62.9
62.9
62.9
62.7
62.7
62.5
62.6
62.6
62.6
62.7
63.1
63.2
63.1
63.1
63.1
63.1
63.1
63.0
63.0
62.8
62.8
62.8
62.8
62.6
62.5
62.5
62.6
62.7
62.8
62.8
62.8
62.8
62.9
62.9
62.9
62.9
62.9
63.0
63.0
62.7
62.4
62.5
62.6
62.5
62.5
62.5
62.6
62.6
62.7
62.6
62.7
62.7
62.8
62.8
62.6
63.0
63.1
63.1
63.5
63.4
63.4
63.3
63.4
63.7
63.7
63.5
63.5
63.4
63.4
63.3
63.4
63.4
63.9
63.8
64.1
63.8
63.4
63.3
63.2
63.2
63.2
63.1
63.2
63.1
63.1
63.1
63.1
63.1
62.7
62.6
62.4
62.5
62.5
62.6
62.6
62.7
62.7
62.7
62.8
62.8
62.9
62.9
62.9
62.9
62.9
63.0
62.7
62.7
62.8
62.9
62.9
63.0
63.0
63.0
63.0
63.0
63.0
63.0
63.0
63.0
63.0
63.0
63.0
63.0
62.8
62.9
63.2
63.2
63.1
63.1
63.1
63.1
63.1
63.1
63.1
63.1
63.1
63.0
62.6
62.6
62.7
62.7
62.8
62.8
62.9
63.0
63.2
63.2
63.1
63.1
63.1
63.0
63.0
62.8
62.7
62.7
62.6
62.6
63.0
63.0
63.0
63.0
63.1
63.0
63.0
63.0
63.0
63.0
63.0
63.0
63.0
63.0
63.0
63.0
63.0
63.0
63.0
63.1
63.0
62.7
62.5
62.5
62.6
62.7
62.6
62.5
62.6
62.6
62.7
62.7
62.8
62.8
62.8
62.9
62.9
62.9
62.9
63.0
63.1
63.1
63.0
62.6
62.4
62.4
62.3
62.0
62.1
62.2
62.2
62.2
62.2
62.4
62.4
62.5
62.7
62.7
62.8
63.1
63.1
63.1
63.1
63.1
63.1
63.0
63.0
63.0
63.0
63.0
63.0
62.8
62.7
62.7
62.8
62.8
62.8
62.9
62.9
62.9
62.9
62.9
63.0
63.0
62.8
62.8
62.4
62.5
62.6
62.6
62.5
62.4
62.4
62.5
62.2
62.3
62.4
62.5
62.5
62.2
62.3
62.4
62.4
62.5
62.6
62.6
62.7
62.7
62.8
62.9
62.9
62.9
62.9
62.9
62.8
62.6
62.5
62.6
62.6
62.7
62.7
62.7
62.8
62.8
62.8
62.9
62.8
62.9
62.9
62.9
62.9
62.7
62.7
62.7
62.7
62.6
62.7
62.7
62.7
62.8
62.8
62.9
62.8
62.9
62.9
63.0
62.9
63.0
63.0
63.0
63.0
63.0
63.0
63.0
62.8
62.6
62.6
62.7
62.7
62.6
62.7
62.7
62.7
62.8
62.8
62.8
62.9
62.9
62.9
62.9
62.9
62.9
63.0
63.0
63.0
62.8
62.6
62.3
62.4
62.5
62.6
62.6
62.7
62.8
62.8
62.8
62.9
62.9
63.0
63.0
63.0
63.0
63.0
62.9
62.6
62.6
62.7
62.8
62.8
62.8
62.9
62.9
62.9
62.9
63.0
63.0
63.0
62.8
62.6
62.6
62.7
62.7
62.8
62.8
62.9
62.9
63.2
63.2
63.2
63.1
63.2
63.2
62.8
62.6
62.6
62.7
62.7
62.8
62.8
62.9
62.9
63.0
63.0
63.0
63.0
63.1
63.1
63.1
63.1
62.9
62.9
62.9
62.9
62.9
63.0
63.0
63.0
63.0
63.1
63.1
62.7
62.5
62.6
62.6
62.7
62.7
62.8
62.8
62.9
62.9
62.9
63.0
63.0
63.0
63.0
63.0
62.6
62.5
62.6
62.7
62.7
62.8
62.8
62.8
62.9
62.9
62.9
63.0
63.0
63.0
63.1
63.1
63.0
63.0
63.0
63.0
63.1
63.1
63.1
63.1
63.1
63.1
63.1
63.0
62.8
62.8
62.8
62.9
62.9
63.1
63.1
63.1
63.1
63.1
63.1
62.9
62.8
62.8
62.8
62.9
62.9
62.9
63.0
63.0
63.0
63.0
63.0
63.0
63.0
63.1
63.0
62.8
62.8
62.8
62.7
62.7
62.8
62.9
62.9
62.9
62.9
63.0
63.0
63.0
63.0
63.0
62.9
62.8
62.6
62.5
62.6
62.7
62.7
62.6
62.6
62.7
62.7
62.8
63.0
63.0
63.0
63.0
63.0
63.0
63.1
63.1
63.1
63.1
63.1
63.0
63.0
63.0
63.0
63.0
63.0
62.7
62.4
62.3
62.4
62.5
62.5
62.6
62.8
62.8
62.8
62.9
62.9
63.0
63.0
62.9
63.0
63.0
63.0
62.8
62.4
62.5
62.4
62.5
62.5
62.6
62.7
62.7
62.7
62.8
63.0
68.4
63.2
63.1
63.1
63.1
63.0
63.0
63.0
63.0
63.0
63.0
63.0
62.7
62.5
62.5
62.6
62.6
62.7
62.7
62.8
62.8
62.8
62.9
62.9
62.9
62.9
62.7
62.6
62.6
62.4
62.5
62.5
62.6
62.7
62.7
62.9
62.9
63.0
63.0
63.1
63.1
63.1
63.1
63.1
63.0
62.5
62.4
62.4
62.5
62.6
62.7
62.7
62.7
62.8
62.8
62.8
62.9
62.9
62.9
63.0
63.0
63.0
62.7
62.6
62.5
62.6
62.5
62.4
62.5
62.6
62.7
62.7
62.8
62.8
62.8
62.9
62.9
62.9
63.0
63.0
63.1
63.0
62.8
62.6
62.6
62.7
62.7
62.8
62.8
62.8
62.9
62.9
62.9
62.9
62.9
62.8
62.7
62.8
62.8
62.8
62.8
62.8
62.9
62.9
62.9
62.9
62.9
62.9
62.5
62.3
62.4
62.5
62.5
62.6
62.6
62.7
62.7
62.8
62.8
62.8
62.9
62.9
62.9
62.6
62.6
62.8
63.2
63.5
63.5
63.4
63.4
63.4
63.3
63.3
63.3
62.8
62.8
62.9
62.9
62.9
62.9
62.9
62.9
62.9
62.9
62.8
62.6
62.6
62.7
62.7
62.8
62.8
62.8
62.8
62.9
62.9
62.9
62.9
62.7
62.6
62.4
62.5
62.6
62.7
62.6
62.4
62.5
62.6
62.7
62.7
62.8
62.8
62.9
62.9
62.9
63.0
63.0
63.0
63.0
63.0
62.7
62.4
62.3
62.4
62.5
62.6
62.7
62.8
62.9
62.9
62.9
63.1
63.1
63.1
62.8
62.8
62.8
62.8
62.9
62.8
62.8
62.9
62.9
62.9
62.9
62.9
62.6
62.6
62.7
62.7
62.7
62.7
62.7
62.8
62.8
62.6
62.7
63.0
63.0
63.0
63.0
63.0
62.9
62.9
62.9
62.9
63.0
63.0
63.0
63.0
62.7
62.7
62.7
62.7
62.8
62.9
62.9
62.9
62.9
62.9
62.8
62.5
62.4
62.5
62.5
62.6
62.7
62.7
62.7
62.8
62.8
62.9
62.5
62.3
62.4
62.5
62.5
62.6
62.9
62.9
62.9
62.9
62.9
62.9
62.9
62.5
62.3
62.2
62.7
74.2
68.2
63.0
63.0
63.0
63.0
63.0
63.3
63.6
63.5
63.4
63.4
63.4
63.3
63.1
63.0
63.0
63.0
63.1
63.0
62.9
62.7
62.8
62.6
62.6
62.7
62.7
62.4
62.5
62.6
62.6
63.0
69.2
63.0
63.0
63.0
63.0
63.0
63.0
63.0
63.0
62.8
62.4
62.5
62.5
62.6
62.5
62.5
62.6
62.6
62.7
62.7
62.8
71.1
63.4
63.3
63.3
63.2
63.2
63.0
62.8
62.6
62.6
62.6
62.7
62.7
62.7
62.7
62.8
62.8
62.8
62.9
62.8
62.9
62.9
62.9
62.6
62.4
62.5
62.5
62.6
62.7
62.7
62.8
62.8
62.8
62.8
62.9
62.9
62.6
62.6
62.7
62.7
62.8
62.8
62.8
62.9
62.9
62.7
62.6
62.4
62.5
62.6
62.6
62.7
62.7
62.8
62.8
62.8
62.9
62.9
62.9
62.9
62.9
62.4
62.2
62.4
62.4
62.5
62.6
62.6
62.7
62.7
62.7
62.8
62.8
62.9
62.6
62.4
62.5
62.5
62.6
62.6
62.7
62.8
62.8
62.8
62.8
62.9
62.9
62.6
62.4
62.5
62.6
62.6
62.7
62.7
62.8
62.8
62.8
62.8
62.9
62.9
62.4
62.2
62.2
62.2
62.4
62.4
62.5
62.6
62.7
62.7
62.7
62.8
62.8
62.9
62.9
62.9
62.9
62.6
62.7
62.5
62.6
62.7
62.4
62.5
62.5
62.6
62.6
62.7
62.8
62.8
62.8
62.9
62.9
62.9
62.9
63.0
62.8
62.8
62.8
62.8
62.9
62.9
62.9
63.2
62.9
62.7
62.5
62.5
62.7
62.6
62.2
62.3
62.4
62.5
62.5
62.6
62.6
62.7
62.7
62.7
62.7
62.8
62.8
62.8
62.9
62.9
62.9
62.9
62.9
62.9
63.3
63.2
63.2
63.2
63.2
63.1
63.1
63.1
63.1
63.1
63.1
63.1
63.0
63.0
63.0
63.0
63.0
63.0
63.0
63.0
63.0
63.0
63.0
63.1
63.1
63.1
63.1
63.1
63.1
63.1
63.2
63.1
63.1
63.1
63.1
63.1
63.1
63.1
63.1
63.1
63.3
63.3
63.2
63.2
63.2
63.2
63.1
63.1
63.1
63.1
63.1
63.1
63.1
62.9
62.6
62.4
62.5
62.6
62.7
62.5
62.5
62.6
62.7
62.7
62.8
62.8
63.1
62.8
62.6
62.5
62.6
62.4
62.4
62.5
62.5
62.6
62.5
62.3
62.4
62.5
62.5
62.6
62.6
62.7
62.7
62.9
62.9
62.9
62.9
62.9
62.8
62.7
62.5
62.5
62.6
62.6
62.7
62.7
62.7
62.7
62.8
62.8
62.8
62.9
62.9
62.8
62.5
62.5
62.5
62.5
62.6
62.6
62.7
62.9
62.9
62.9
62.9
62.9
62.9
63.0
63.0
62.6
62.7
62.7
62.5
62.4
62.4
62.4
62.1
62.2
62.3
62.4
62.4
62.5
62.5
62.6
62.7
62.7
62.7
62.8
62.8
62.8
62.6
62.6
62.7
62.7
62.7
62.8
62.8
62.8
62.7
62.7
62.7
62.7
62.8
62.8
62.9
62.8
62.9
62.5
62.3
62.3
62.2
62.3
62.4
62.4
62.5
62.6
62.6
62.6
62.7
62.7
62.7
62.8
62.8
62.6
62.2
62.2
62.3
62.4
62.5
62.6
62.7
62.7
62.8
62.7
62.5
62.6
62.2
62.0
62.1
62.0
62.1
62.0
62.1
62.2
62.3
62.4
62.4
62.5
62.6
62.6
62.7
62.7
62.7
62.8
62.9
62.9
62.6
62.6
62.6
62.5
62.3
62.8
62.8
62.9
62.9
62.9
62.9
62.9
62.9
62.9
62.9
62.7
62.6
62.4
62.5
62.6
62.6
62.7
62.7
62.8
63.3
62.9
62.8
62.9
62.9
62.9
63.0
63.0
63.0
63.0
63.0
63.0
63.0
63.0
63.0
62.8
62.5
62.2
62.3
62.4
62.5
62.5
62.6
62.7
62.8
62.8
62.9
62.9
62.9
62.8
62.7
62.5
62.5
62.6
62.7
62.7
62.7
62.8
62.8
62.9
62.9
62.9
62.9
62.9
62.9
62.9
62.7
62.5
62.4
62.5
62.5
62.4
62.3
62.0
62.2
62.2
62.0
61.8
62.0
62.1
62.2
62.3
62.4
62.4
62.7
62.7
62.7
62.8
62.8
62.8
62.8
63.0
63.2
63.1
63.1
63.1
63.1
63.0
63.0
63.0
63.0
63.0
62.9
63.0
62.6
62.6
62.6
62.7
62.4
62.4
62.5
62.5
62.6
62.6
62.6
62.7
62.3
62.1
62.2
62.6
69.4
63.0
62.9
62.9
63.0
63.0
63.0
63.0
63.0
62.6
62.3
62.3
62.3
62.4
62.5
62.6
62.6
62.7
62.7
62.7
62.8
62.8
62.9
62.5
62.5
62.6
62.6
62.7
62.7
62.8
62.8
62.8
62.5
62.5
62.5
62.6
62.6
62.7
62.7
62.8
62.8
62.8
62.8
62.7
62.5
62.3
62.4
62.5
62.2
62.3
62.4
62.5
62.5
62.6
62.6
62.7
62.7
62.8
62.8
62.8
62.9
62.9
62.9
62.9
62.7
62.3
62.3
62.4
62.5
62.5
62.3
62.3
62.4
62.4
62.3
62.4
62.4
62.2
62.1
62.2
62.3
62.2
62.3
62.4
62.5
62.5
62.6
62.7
62.7
62.7
62.8
62.8
62.8
62.9
62.9
62.9
62.9
62.9
62.9
62.8
62.9
62.9
62.9
62.9
62.8
62.6
62.5
62.6
62.6
62.7
62.7
62.8
62.8
62.9
62.9
62.9
62.9
62.9
62.9
62.8
62.5
62.4
62.4
62.5
62.5
62.6
62.7
62.7
62.7
62.8
62.8
62.8
62.9
62.9
62.9
62.9
62.9
62.9
62.5
62.4
62.4
62.5
62.5
62.6
62.6
62.7
62.7
62.7
62.8
62.8
62.6
62.4
62.5
62.5
62.6
62.6
62.7
62.7
62.8
62.8
62.8
62.8
62.8
62.5
62.2
61.8
61.9
62.0
62.3
62.4
62.5
62.5
62.6
62.7
62.5
