58.4
58.3
58.1
58.3
58.6
58.7
58.9
59.0
59.1
59.2
59.3
59.4
59.5
59.6
59.7
59.6
59.7
59.7
59.3
59.4
59.5
59.6
59.7
59.7
59.8
59.8
59.9
59.8
60.2
60.5
60.4
60.4
60.4
60.4
60.3
60.3
60.3
60.3
60.3
60.1
59.7
59.6
59.7
59.7
59.8
59.8
59.8
59.9
60.0
60.0
60.0
60.0
60.0
60.0
60.1
60.1
60.0
59.6
59.7
59.7
59.8
59.8
59.9
59.9
59.9
59.9
60.0
60.0
60.0
60.1
60.0
59.9
59.9
59.4
59.5
59.6
59.5
59.3
59.4
59.5
59.6
59.6
59.7
59.8
59.8
59.8
59.9
59.9
59.9
60.0
60.0
59.7
59.7
59.7
59.8
59.5
59.2
59.4
59.5
59.4
59.4
59.5
59.6
59.7
59.7
59.8
59.8
59.9
59.9
59.9
60.0
60.0
60.0
60.1
59.8
59.5
59.3
59.4
59.5
59.5
59.6
59.7
59.7
59.8
59.8
59.9
60.0
60.0
60.0
59.9
59.7
59.5
59.6
59.7
59.8
59.8
59.8
60.2
60.3
60.3
60.3
60.3
59.9
59.7
59.7
59.7
59.8
59.8
