44.7
60.4
60.6
60.8
61.0
61.2
61.3
61.4
61.5
61.6
61.6
61.6
61.7
61.7
61.8
61.8
61.8
61.8
62.0
73.2
67.6
61.9
61.9
61.8
61.9
61.9
61.9
61.9
61.9
62.0
61.9
62.0
62.0
62.1
62.0
62.0
62.0
62.0
62.0
62.0
62.1
62.0
62.1
62.0
62.1
62.1
62.1
62.1
62.1
62.1
62.1
62.1
62.2
62.2
62.2
62.1
62.2
62.2
62.2
62.2
62.2
62.2
62.1
62.2
62.1
62.1
62.1
62.1
62.2
62.2
62.2
62.2
62.1
62.1
62.2
62.3
62.3
62.2
62.3
62.2
62.3
62.3
62.5
62.5
62.5
62.6
63.0
63.5
63.7
64.0
63.9
63.7
63.5
63.3
63.2
63.0
63.0
62.9
62.8
62.7
62.6
62.6
62.5
62.5
62.4
62.4
62.4
62.4
62.3
62.3
62.3
62.3
62.3
62.3
62.3
62.3
62.3
62.3
62.3
62.3
62.4
72.8
62.6
62.5
62.5
62.4
62.4
62.4
62.4
62.4
62.3
62.4
62.5
62.5
62.4
62.4
68.8
62.4
62.8
62.8
62.7
62.7
62.6
62.6
62.5
62.5
62.5
62.4
62.5
62.4
62.4
62.4
62.4
62.4
62.4
62.4
62.4
62.4
62.5
73.8
73.7
64.0
63.8
63.6
63.5
63.3
63.2
69.0
68.4
62.6
62.5
62.5
62.5
62.4
62.4
62.4
62.4
62.4
62.4
62.3
62.4
62.3
62.4
62.4
62.3
62.4
62.4
62.4
62.4
62.3
62.3
62.3
62.3
62.3
62.3
62.3
62.3
62.2
62.3
62.2
62.3
62.3
62.2
62.3
62.2
62.2
62.2
62.2
62.3
67.8
67.5
67.3
62.1
62.1
62.1
62.2
62.1
62.2
62.2
62.2
62.3
62.2
62.2
62.5
63.1
63.3
63.1
63.0
62.9
62.8
62.8
62.7
62.6
62.8
68.0
61.9
61.9
62.0
62.0
62.0
62.1
62.1
62.1
62.2
62.2
62.1
62.2
62.2
62.2
62.1
62.1
62.2
62.2
62.2
62.2
62.2
62.2
62.2
62.3
62.2
62.3
62.3
62.3
62.3
62.3
62.3
62.3
62.3
62.3
62.3
62.4
62.4
62.3
62.3
62.3
62.3
62.3
62.3
62.5
72.3
71.9
62.6
62.5
68.0
61.7
61.7
61.8
61.8
62.0
62.0
62.0
62.0
62.1
62.1
62.1
62.2
62.2
62.2
62.3
62.3
62.3
62.3
62.3
62.3
62.3
62.3
62.3
62.3
62.3
62.3
62.8
70.9
64.4
64.1
63.9
63.6
63.4
63.2
63.1
63.0
62.9
62.8
62.7
62.6
62.6
62.6
62.6
62.7
62.7
62.6
62.6
62.5
62.5
62.4
62.4
62.4
62.4
62.3
62.3
62.3
62.3
62.6
62.5
62.7
62.6
62.6
62.5
62.5
62.4
62.5
62.6
62.5
62.5
62.5
62.5
62.4
62.4
62.3
62.3
62.4
62.3
62.3
62.3
62.7
68.6
62.1
62.1
62.1
62.1
62.1
62.2
62.2
62.2
62.3
62.2
62.2
62.4
62.7
62.6
62.6
62.6
62.5
62.5
62.4
62.5
62.4
62.4
62.4
62.4
62.4
62.4
62.3
69.4
69.9
64.6
64.4
64.1
63.9
63.7
63.6
63.3
63.3
63.1
63.0
63.0
63.1
63.1
62.9
63.2
63.1
63.0
63.0
63.1
62.9
62.9
62.7
62.7
62.7
62.7
62.6
62.6
62.5
62.5
70.5
61.9
61.9
61.9
61.9
62.0
62.0
62.0
62.0
62.0
62.1
62.0
62.0
62.1
62.1
62.1
62.1
62.5
62.8
62.8
62.7
62.6
62.6
62.5
62.5
63.1
63.4
63.7
63.6
63.8
63.7
63.5
63.3
63.3
63.1
62.9
62.9
62.7
62.7
62.6
62.6
69.8
69.2
61.7
61.7
61.8
61.8
61.9
61.9
61.9
69.4
64.0
63.8
63.5
63.4
63.2
63.1
63.1
62.9
62.9
62.8
62.8
62.9
62.9
62.8
62.7
62.7
62.6
62.6
62.6
62.5
62.5
62.6
62.5
62.5
62.6
62.5
62.5
62.5
62.6
71.5
62.4
62.3
62.3
62.3
62.3
62.3
62.3
62.3
62.2
62.3
62.3
62.4
62.4
62.7
62.9
71.5
62.1
62.1
62.1
62.1
62.1
62.1
62.1
62.1
62.1
62.1
62.2
62.2
62.3
62.2
62.2
62.3
62.2
62.3
62.2
62.2
62.2
62.2
62.2
62.2
62.3
62.2
62.2
62.3
62.3
62.3
62.3
62.3
62.3
62.3
62.3
62.2
62.2
62.2
62.3
62.3
62.3
62.3
62.3
62.3
62.3
62.2
62.7
63.1
63.5
63.4
63.3
63.2
63.1
