ackermann-function:  57,840 102,628.8 101,131.2 82,062.2 337,122 1,302,370,456.2 10,800 77,424,912.7 3,779,715,994.4 380,451,041,950.5 246,552,704.5 337,996.8 94,075.2 10,372,442.4
array-concatenation:  7,352.5 442.8 7,289.6 22,380.8 746,683.5 72,305,014.6 5,744,940 128,068.2 847,814.4 764,140.5 163,287.6 101,458,472.4 294,622,184.9 2,696
call-an-object-method:  0 394.8 729.2 55.9 7,095 11,308,422.4 344,975,392 3,847,200 498,708,000 376,849,952,355.6 17,796,438 3,213,787.5 885.6 107.3
classes:  1,696.5 1,610.1 604 613.6 93,085.3 701,322.3 18,745 2,033.1 4,916.8 1,257,833.2 132,545 174.8 4,728 4,246.4
concurrent-computing:  361,533,147.5 39,456 1,623,977,748,781.2 52,544.7 -1 258,002,835.2 1,257,112,576,000 31,693,237,027.6 673,156,455.5 -1 54,501,431,311.6 159,605.7 68,520 157,097,044
exponentiation-operator:  100,844,640 315,530.2 493,640 203,895 547,501.5 1,552,770,878.4 470,740,223,964.6 339,324,399 2,852,736,718,112 1,603,655,834,992 340,526,999,295 90,966,801.6 80,606,489.6 90,404,354.8
factorial:  318,828.3 1,767,855.6 1,497,484.6 1,168,878.6 6,279,966.1 9,624,822,174.4 109,082,392,979.2 1,942,364,160 38,721,150,825.6 1,324,990,939,745 8,212,320,810 32,774,120.8 652,383.6 731,765.7
file-input-output:  533,769,993 3,318,231,151.6 3,318,231,151.6 2,493,283,680 34,370,315 123,882,192,795.4 2,162,319,667.2 1,515,462,052.5 2,264,027,150 5,822,569,728.9 1,567,920,722.5 980,635,522.5 133,494,017,645,432.5 4,656,311,208
function-composition:  7,550 77,902,689.6 14,079,803.2 82,189,407.5 39,318,450 460,204,082,604 454,649,693,110.5 4,576,431,590 7,890,974,214.9 108,923,981,048 24,472,170,195.2 3,070,530.1 23,515,904,977.2 -1
huffman-coding:  1,527,508.3 12,330 5,844,757.5 558,778 2,473,377.6 14,564,147.2 44,233,498.8 1,267,366.5 11,016,768 28,259,283,796.4 444,642,508.8 32,360,310 45,005,220 44,756,228,404
inheritance-multiple:  -1 -1 4,924.8 -1 2,389,311,437.5 3,058,776 36,089.6 -1 41,075.2 -1 9,435 -1 26,626.6 -1
inheritance-single:  9,512.5 -1 4,377.6 -1 1,300,353.6 3,037,736.8 25,837.7 5,001.6 16,725.6 827,833.6 9,547.5 -1 26,954.9 6,945
json:  199,417.5 211,162.5 224,552,574.4 844,500 247,193.6 129,340,804,676.3 583,751.7 75,830.7 50,966,048 429,063,985.3 81,001,030 8,223,061.5 250,493,440 61,580
numerical-integration:  639,412,983,820.8 785,222,942.4 1,309,362,238.4 8,083,472,800 1,563,869,260.8 -1 235,120,553,161,264 8,308,753,330,694.4 4,929,431,010,683.7 125,800,405,783.2 2,394,272,482,866 898,700,302.5 103,539,447,543,042 259,614,535,618,291.2
palindrome-detection:  431,765,913.6 833,011.2 687,629,250 180,964,277.5 87,506,755,020.8 1,129,140,303,958.1 2,467,344,731,604.3 38,519,847.2 677,116,971.7 113,743,227,718,253.2 235,360,976.5 247,038,650,750 587,875,451,961.6 915,187.5
regular-expressions:  20,467.3 45,596,520 245,744,640 2,500,387,615.2 3,857.6 7,829,270.1 250.4 3,803.2 743,297.9 111,213,279 7,815 614,389.6 150,474,208 5,486,535
sorting-algorithms-bubble-sort:  126,124.7 923,625 2,950,331.9 9,900 675,744.6 213,558,508.8 16,965,396,048.7 2,933,652,356.8 3,956,065,134.4 28,467,321,750 2,506,026,118.4 75,419,409.2 424,989,863,821.9 0
sorting-algorithms-insertion-sort:  42,654.6 10,238.4 133,070.6 455.6 3,745.6 5,130,980.8 1,503,566,605.7 169,374,191.4 700,030,464 5,376,427,245 227,623,796.4 6,790,348.8 143,877,836.8 60,700
sorting-algorithms-merge-sort:  13,053.6 12,722.4 10,837.5 0 2,626,400 18,407,144.5 1,708,351,244.4 371,942,771.2 651,286,399.5 93,063,240 115,118,073.9 29,094,296.4 5,202,243,819.7 72,999.3
sorting-algorithms-quick-sort:  59.4 415.2 1,533.6 58.8 10,533,352.5 659,304.8 59,199,020.1 11,897,795.2 61,893,000 1,272,306,572.2 55,591,474.4 1,992,806.4 12,135,081,657.3 652,480.4
sorting-algorithms-selection-sort:  19,433.4 99,086.4 498,640 41,342.4 58,170 17,150,007.6 3,201,671,705.4 442,851,521.2 342,719,501.4 3,554,063,859.6 2,790,811,022.5 57,828,565.2 156,573,519.8 78,916.2
url-decoding:  7,770 2,627.2 18,507.3 0 492 1,152,044,497.8 1,498,746.1 0 867,571.2 2,635,006,293.7 26,386.5 43.4 78,662.1 6,022.5
url-encoding:  52,387.2 951,187.5 20,015.1 1,477,440 21,349.3 1,301,390,784 1,542,646.3 0 427,893.3 11,844,069,143.2 81,941.2 61.1 7,644,750 46,421.1
