ackermann-function:  5,784 8,552.4 8,427.6 7,460.2 18,729 3,819,268.2 1,800 710,320.3 9,520,695.2 208,924,240.5 1,476,363.5 18,777.6 7,839.6 84,328.8
array-concatenation:  1,470.5 221.4 1,822.4 2,797.6 32,464.5 675,747.8 124,890 9,851.4 35,325.6 33,223.5 11,663.4 889,986.6 1,764,204.7 674
call-an-object-method:  0 229.4 364.6 234.8 1,419 194,972.8 1,938,064 96,180 2,493,540 116,961,499.8 269,643 91,822.5 295.2 485.4
classes:  565.5 536.7 302 306.8 8,462.3 33,396.3 3,749 677.7 1,229.2 48,378.2 26,509 87.4 1,182 1,061.6
concurrent-computing:  2,245,547.5 4,932 197,708,515.8 5,838.3 -1 1,743,262.4 392,847,680 36,981,606.8 2,889,083.5 -1 42,779,773.4 562,610,092.5 6,852 1,172,366
exponentiation-operator:  840,372 18,560.6 24,682 13,593 26,071.5 5,281,533.6 240,051,108.6 1,917,087 763,580,492 548,445,908 165,706,569 797,954.4 719,700.8 766,138.6
factorial:  13,862.1 57,027.6 51,637.4 43,291.8 133,616.3 14,761,997.2 45,526,875.2 6,069,888 33,906,436.8 408,317,701 15,946,254 399,684.4 29,653.8 31,815.9
file-input-output:  2,578,599 8,337,264.2 8,337,264.2 6,925,788 140,287 98,241,231.4 6,435,475.2 5,137,159.5 6,758,290 12,685,337.1 5,314,985.5 3,845,629.5 2,908,049,616.5 10,930,308
function-composition:  1,510 721,321.2 227,093.6 714,690.5 462,570 187,532,226 235,447,795.5 11,027,546 15,877,211.7 91,841,468 33,615,618.4 82,987.3 32,525,456.4 -1
huffman-coding:  52,672.7 2,055 129,883.5 25,399 72,746.4 234,905.6 320,532.6 46,939.5 196,728 36,892,015.4 2,315,846.4 359,559 500,058 49,839,898
inheritance-multiple:  -1 -1 1,231.2 -1 7,351,727.5 89,964 4,511.2 -1 5,134.4 -1 1,887 -1 3,803.8 -1
inheritance-single:  1,902.5 -1 1,094.4 -1 50,013.6 89,345.2 3,691.1 1,250.4 2,787.6 37,628.8 1,909.5 -1 3,850.7 1,389
json:  13,294.5 14,077.5 1,458,133.6 33,780 15,449.6 53,869,556.3 27,797.7 6,893.7 542,192 2,246,408.3 736,373 161,236.5 1,565,584 6,158
lzw-compression:  2,492.4 52.6 58,627.2 11,326.5 309.6 1,545,941.1 35,908.8 547.8 9,716.4 -1 21,511.8 4,272.8 951,181.5 2,211.6
numerical-integration:  293,443,315.2 3,355,653.6 3,003,124.4 15,545,140 5,319,283.2 -1 6,845,247,268 1,281,621,676.8 275,033,811.9 95,520,429.6 137,081,901 3,668,164.5 5,370,860,439 5,451,338,308.8
palindrome-detection:  2,248,780.8 34,708.8 3,056,130 1,248,029.5 59,690,828.8 326,058,418.7 306,540,530.7 447,905.2 3,063,877.7 3,574,919,939.6 1,499,114.5 87,447,310 193,634,865.6 36,607.5
regular-expressions:  2,923.9 506,628 1,535,904 6,597,328.8 964.4 153,515.1 125.2 950.8 32,317.3 904,173 1,563 27,926.8 1,106,428 121,923
sorting-algorithms-bubble-sort:  9,701.9 36,945 79,738.7 1,650 29,380.2 988,696.8 25,283,749.7 5,598,573.2 4,318,848.4 27,111,735 3,965,231.2 531,122.6 223,561,211.9 15,636.8
sorting-algorithms-insertion-sort:  4,739.4 1,706.4 10,236.2 227.8 936.4 116,613.2 3,290,080.1 1,201,235.4 3,125,136 12,191,445 1,478,076.6 141,465.6 1,073,715.2 6,070
sorting-algorithms-merge-sort:  2,175.6 2,120.4 2,167.5 246.6 75,040 274,733.5 5,656,792.2 2,043,641.6 2,973,910.5 100,068 935,919.3 373,003.8 11,904,448.1 6,636.3
sorting-algorithms-quick-sort:  59.4 207.6 511.2 58.8 191,515.5 29,968.4 597,969.9 205,134.4 618,930 4,694,858.2 669,776.8 62,275.2 20,886,543.3 29,658.2
sorting-algorithms-selection-sort:  2,776.2 8,257.2 24,932 4,593.6 5,817 259,848.6 8,447,682.6 2,282,739.8 1,109,124.6 9,328,251.6 7,861,439.5 590,087.4 1,126,428.2 7,174.2
synchronous-concurrency:  55.9 0 0 72.5 -1 0 1,300 -1 540.3 -1 0 67.6 -1 4,980
url-decoding:  1,554 656.8 2,643.9 124.2 246 4,314,773.4 51,680.9 44.1 36,148.8 7,550,161.3 3,769.5 86.8 7,151.1 1,204.5
url-encoding:  4,365.6 38,047.5 2,223.9 49,248 3,049.9 4,715,184 53,194.7 57.6 22,520.7 20,634,266.8 7,449.2 245.2 152,895 5,157.9
