ackermann-function:  578,400 1,231,545.6 1,213,574.4 902,684.2 6,068,196 444,108,325,564.2 64,800 8,439,315,484.3 1,500,547,249,776.8 692,801,347,391,860.5 41,174,301,651.5 6,083,942.4 1,128,902.4 1,275,810,415.2
array-concatenation:  36,762.5 885.6 29,158.4 179,046.4 17,173,720.5 7,736,636,562.2 264,267,240 1,664,886.6 20,347,545.6 17,575,231.5 2,286,026.4 11,566,265,853.6 49,201,904,878.3 10,784
call-an-object-method:  0 789.6 1,458.4 55.9 35,475 655,888,499.2 61,405,619,776 153,888,000 99,741,600,000 1,214,210,546,489,743.2 1,174,564,908 112,482,562.5 2,656.8 107.3
classes:  5,089.5 4,830.3 1,208 1,227.2 1,023,938.3 14,727,768.3 93,725 6,099.3 19,667.2 32,703,663.2 662,725 349.6 18,912 16,985.6
concurrent-computing:  58,206,836,747.5 315,648 13,339,353,228,488,778 472,902.3 -1 38,184,419,609.6 4,022,760,243,200,000 27,161,104,132,653.2 156,845,454,131.5 -1 69,434,823,490,978.4 159,605.7 685,200 21,051,003,896
exponentiation-operator:  12,101,356,800 5,364,013.4 9,872,800 3,058,425 11,497,531.5 456,514,638,249.6 923,121,579,194,580.6 60,060,418,623 10,657,824,378,866,432 4,689,089,661,516,608 699,782,983,551,225 10,370,215,382.4 9,027,926,835.2 10,667,713,866.4
factorial:  7,333,050.9 54,803,523.6 43,427,053.4 31,559,722.2 295,158,406.7 6,275,384,057,708.8 261,361,413,578,163.22 621,556,531,200 44,219,554,242,835.2 4,299,595,599,472,525 4,229,345,217,150 2,687,477,905.6 14,352,439.2 16,830,611.1
file-input-output:  110,490,388,551 1,320,655,998,336.8 1,320,655,998,336.8 897,582,124,800 8,420,727,175 156,215,445,114,999.38 726,539,408,179.2 447,061,305,487.5 758,449,095,250 2,672,559,505,565.1 462,536,613,137.5 250,062,058,237.5 6,128,042,880,013,579,300 1,983,588,574,608
function-composition:  37,750 8,413,490,476.8 872,947,798.4 9,451,781,862.5 3,342,068,250 1,129,340,818,710,216 877,928,557,396,375.5 1,899,219,109,850 3,921,814,184,805.3 129,183,841,522,928 17,815,739,902,105.6 113,609,613.7 17,001,999,298,515.6 -1
huffman-coding:  44,297,740.7 73,980 263,014,087.5 12,293,116 84,094,838.4 902,977,126.4 6,104,222,834.4 34,218,895.5 616,939,008 21,646,611,388,042.4 85,371,361,689.6 2,912,427,900 4,050,469,800 40,191,093,106,792
inheritance-multiple:  -1 -1 19,699.2 -1 776,526,217,187.5 103,998,384 288,716.8 -1 328,601.6 -1 47,175 -1 186,386.2 -1
inheritance-single:  47,562.5 -1 17,510.4 -1 33,809,193.6 103,283,051.2 180,863.9 20,006.4 100,353.6 18,212,339.2 47,737.5 -1 188,684.3 34,725
json:  2,991,262.5 3,167,437.5 34,581,096,457.6 21,112,500 3,955,097.6 310,547,272,027,796.3 12,258,785.7 834,137.7 4,790,808,512 81,951,221,192.3 8,910,113,300 419,376,136.5 40,078,950,400 615,800
numerical-integration:  1,393,280,891,745,523 183,742,168,521.6 570,881,935,942.4 4,203,405,856,000 459,777,562,675.2 -1 8,075,920,759,983,095,800 53,865,647,842,891,800 88,350,192,004,483,952 165,679,134,416,474.4 41,818,363,185,737,552 220,181,574,112.5 1,996,033,469,734,763,780 12,363,882,644,285,500,000
palindrome-detection:  82,899,055,411.2 19,992,268.8 154,716,581,250 26,239,820,237.5 128,284,902,860,492.81 3,910,212,872,606,900 19,859,657,744,683,012 3,312,706,859.2 149,642,850,745.7 3,618,968,276,311,662,100 36,951,673,310.5 697,884,188,368,750 1,784,789,872,155,417.5 22,879,687.5
regular-expressions:  143,271.1 4,103,686,800 39,319,142,400 947,646,906,160.8 15,430.4 399,292,775.1 500.8 15,212.8 17,095,851.7 13,679,233,317 39,075 13,516,571.2 20,464,492,288 246,894,075
sorting-algorithms-bubble-sort:  1,639,621.1 23,090,625 109,162,280.3 59,400 15,542,125.8 46,128,637,900.8 11,383,780,748,677.7 1,537,233,834,963.2 3,623,755,663,110.4 29,890,687,837,500 1,583,808,506,828.8 10,709,556,106.4 807,905,731,125,431.9 0
sorting-algorithms-insertion-sort:  383,891.4 61,430.4 1,729,917.8 911.2 14,982.4 225,763,155.2 687,129,938,804.9 23,881,760,987.4 156,806,823,936 2,371,004,415,045 35,054,064,645.6 325,936,742.4 19,279,630,131.2 607,000
sorting-algorithms-merge-sort:  78,321.6 76,334.4 54,187.5 0 91,924,000 1,233,278,681.5 515,922,075,808.8 67,693,584,358.4 142,631,721,490.5 86,548,813,200 14,159,523,089.7 2,269,355,119.2 2,273,380,549,208.9 802,992.3
sorting-algorithms-quick-sort:  59.4 830.4 4,600.8 58.8 579,334,387.5 14,504,705.6 5,860,702,989.9 690,072,121.6 6,189,300,000 344,795,081,066.2 4,614,092,375.2 63,769,804.8 7,050,482,442,891.3 14,354,568.8
sorting-algorithms-selection-sort:  136,033.8 1,189,036.8 9,972,800 372,081.6 581,700 1,131,900,501.6 1,213,433,576,346.6 85,913,195,112.8 105,900,325,932.6 1,354,098,330,507.6 990,737,912,987.5 5,667,199,389.6 21,763,719,252.2 868,078.2
url-decoding:  38,850 10,508.8 129,551.1 0 984 307,595,880,912.6 43,463,636.9 0 20,821,708.8 919,617,196,501.3 184,705.5 43.4 865,283.1 30,112.5
url-encoding:  628,646.4 23,779,687.5 180,135.9 44,323,200 149,445.1 359,183,856,384 44,736,742.7 0 8,129,972.7 6,798,495,688,196.8 901,353.2 61.1 382,237,500 417,789.9
