ackermann-function: 1.17 1.56 1.54 1.42 2.34 7.66 0 5.98 8.57 11.66 6.71 2.34 1.47 3.85
array-concatenation: 1.89 0 2.11 2.54 4.99 8.02 6.34 3.8 5.07 5.01 3.96 8.3 8.98 1.11
call-an-object-method: 0 0 0.46 0.02 1.82 6.75 9.04 6.04 9.29 13.14 7.07 5.99 0.25 0.75
classes: 1.87 1.81 1.24 1.26 4.57 5.95 3.76 2.05 2.64 6.32 5.71 0 2.6 2.5
concurrent-computing: 6.12 0 10.6 0.17 -1 5.87 11.29 8.92 6.37 -1 9.07 11.64 0.33 5.47
exponentiation-operator: 4.12 0.31 0.6 0 0.65 5.96 9.78 4.95 10.94 10.61 9.41 4.07 3.97 4.03
factorial: 0 1.41 1.32 1.14 2.27 6.97 8.1 6.08 7.8 10.29 7.05 3.36 0.76 0.83
file-input-output: 0 1.17 1.17 0.99 0.42 3.64 0.91 0.69 0.96 1.59 0.72 0.4 7.03 1.44
function-composition: 0 6.17 5.01 6.16 5.72 7.97 11.96 8.9 9.26 11.02 10.01 4.01 9.98 -1
huffman-coding: 3.24 0 4.15 2.51 3.57 4.74 5.05 3.13 4.56 9.8 7.03 5.16 5.49 10.1
inheritance-multiple: -1 -1 0 -1 8.69 4.29 1.3 -1 1.43 -1 0.43 -1 1.13 -1
inheritance-single: 0.55 -1 0 -1 3.82 4.4 1.22 0.13 0.93 3.54 0.56 -1 1.26 0.24
json: 0.77 0.83 5.47 1.7 0.92 9.08 1.51 0.11 4.48 5.9 4.78 3.27 5.54 0
lzw-compression: 3.86 0 7.02 5.37 1.77 10.29 6.53 2.34 5.22 -1 6.01 4.4 9.8 3.74
numerical-integration: 4.58 0.11 0 1.64 0.57 3.92 7.73 6.06 4.52 3.46 3.82 0.2 7.49 7.5
palindrome-detection: 4.17 0 4.48 3.58 7.45 9.15 9.09 2.56 4.48 11.54 3.77 7.83 8.63 0.05
regular-expressions: 3.15 8.31 9.41 10.87 2.04 7.11 0 2.03 5.55 8.88 2.52 5.41 9.09 6.88
sorting-algorithms-bubble-sort: 1.77 3.11 3.88 0 2.88 6.4 9.64 8.13 7.87 9.71 7.78 5.77 11.82 2.25
sorting-algorithms-insertion-sort: 3.04 2.01 3.81 0 1.41 6.24 9.58 8.57 9.53 10.89 8.78 6.43 8.46 3.28
sorting-algorithms-merge-sort: 2.18 2.15 2.17 0 5.72 7.02 10.04 9.02 9.4 6.01 8.24 7.32 10.78 3.29
sorting-algorithms-quick-sort: 0.01 1.26 2.16 0 8.09 6.23 9.23 8.16 9.26 11.29 9.34 6.97 12.78 6.22
sorting-algorithms-selection-sort: 0 1.09 2.2 0.5 0.74 4.54 8.02 6.71 5.99 8.12 7.95 5.36 6.01 0.95
synchronous-concurrency: 0.41 0 0.36 0.67 -1 0.68 3.56 -1 2.68 -1 0.94 0.6 -1 4.9
url-decoding: 3.56 2.7 4.09 1.04 1.72 11.49 7.07 0 6.71 12.05 4.45 0.68 5.09 3.31
url-encoding: 4.33 6.49 3.65 6.75 3.97 11.31 6.83 0 5.97 12.79 4.86 1.45 7.88 4.49
