ackermann-function: 1.68 2.25 2.24 2.03 3.44 11.7 0 8.88 12.77 17.38 10.04 3.44 2.16 6.87
array-concatenation: 2.81 0 2.8 3.92 7.43 12 9.47 5.67 7.56 7.45 5.91 12.34 13.41 1.81
call-an-object-method: 0 1.95 2.57 0 4.84 12.22 15.64 11.14 16 22.63 12.67 10.96 2.76 0.65
classes: 2.27 2.22 1.24 1.26 6.28 8.3 4.68 2.45 3.34 8.88 6.63 0 3.3 3.19
concurrent-computing: 9.12 0 17.53 0.29 -1 8.79 17.28 13.6 9.74 -1 14.14 1.4 0.55 8.29
exponentiation-operator: 6.2 0.44 0.88 0 0.99 8.94 14.65 7.42 16.45 15.88 14.33 6.1 5.98 6.09
factorial: 0 1.71 1.55 1.3 2.98 10.32 12.74 8.71 11.71 15.24 10.16 4.63 0.72 0.83
file-input-output: 2.74 4.57 4.57 4.28 0 8.19 4.14 3.79 4.19 5.13 3.82 3.35 15.17 4.91
function-composition: 0 9.24 7.53 9.3 8.56 17.93 17.91 13.31 13.86 16.48 14.99 6.01 14.95 -1
huffman-coding: 4.82 0 6.16 3.81 5.3 7.07 8.19 4.63 6.8 14.64 10.49 7.87 8.2 15.1
inheritance-multiple: -1 -1 0 -1 13.09 6.43 1.99 -1 2.12 -1 0.65 -1 1.69 -1
inheritance-single: 0.78 -1 0 -1 5.69 6.54 1.78 0.13 1.34 5.24 0.78 -1 1.82 0.46
json: 1.18 1.23 8.2 2.62 1.39 14.56 2.25 0.21 6.72 8.85 7.18 4.89 8.31 0
numerical-integration: 6.7 0 0.51 2.33 0.69 -1 12.61 9.27 8.74 5.08 8.02 0.13 11.79 12.71
palindrome-detection: 6.25 0 6.72 5.38 11.56 14.12 14.9 3.83 6.7 18.73 5.64 12.6 13.47 0.09
regular-expressions: 4.4 12.11 13.8 16.12 2.73 10.35 0 2.72 8 13 3.44 7.81 13.31 9.99
sorting-algorithms-bubble-sort: 2.54 4.54 5.7 0 4.22 9.98 14.35 12.6 12.9 14.87 12.44 8.94 17.58 0
sorting-algorithms-insertion-sort: 4.54 3.11 5.68 0 2.11 9.33 15.01 12.83 14.25 16.28 13.12 9.61 12.66 4.89
sorting-algorithms-merge-sort: 0.19 0.16 0 0 5.49 7.44 11.97 10.44 11 9.06 9.27 7.9 13.08 1.91
sorting-algorithms-quick-sort: 0.01 1.95 3.26 0 12.1 9.32 13.82 12.22 13.87 16.89 13.76 10.43 19.15 9.31
sorting-algorithms-selection-sort: 0 1.63 3.24 0.75 1.1 6.78 12.01 10.03 9.78 12.12 11.87 8 8.99 1.4
url-decoding: 5.19 4.1 6.06 0 2.43 17.09 10.45 0 9.9 17.92 6.41 0 7.5 4.93
url-encoding: 6.75 9.65 5.79 10.09 5.86 16.87 10.14 0 8.85 19.08 7.2 0 11.74 6.63
