ackermann-function: 2.19 2.94 2.93 2.63 4.54 15.74 0 11.78 16.96 23.09 13.36 4.54 2.86 9.89
array-concatenation: 3.73 0 3.49 5.31 9.87 15.98 12.61 7.54 10.04 9.9 7.86 16.39 17.83 2.5
call-an-object-method: 0 2.65 3.26 0 6.45 16.28 20.82 14.83 21.3 30.71 16.86 14.51 3.86 0.65
classes: 2.68 2.63 1.24 1.26 7.98 10.65 5.59 2.86 4.03 11.45 7.55 0 3.99 3.88
concurrent-computing: 12.81 0.68 25.15 1.09 -1 12.39 23.95 18.95 13.8 -1 19.89 0 1.46 11.79
exponentiation-operator: 8.28 0.56 1.17 0 1.32 11.91 19.53 9.89 21.97 21.15 19.25 8.13 7.99 8.16
factorial: 0 2.01 1.78 1.46 3.7 13.66 17.39 11.35 15.61 20.19 13.27 5.9 0.67 0.83
file-input-output: 2.57 5.06 5.06 4.67 0 9.83 4.46 3.97 4.5 5.76 4.01 3.39 20.41 5.46
function-composition: 0 12.31 10.05 12.43 11.39 24.12 23.87 17.73 18.46 21.95 19.97 8.01 19.93 -1
huffman-coding: 6.39 0 8.18 5.11 7.04 9.41 11.32 6.14 9.03 19.49 13.96 10.58 10.91 20.11
inheritance-multiple: -1 -1 0 -1 17.49 8.57 2.68 -1 2.81 -1 0.87 -1 2.25 -1
inheritance-single: 1 -1 0 -1 7.57 8.68 2.33 0.13 1.75 6.95 1 -1 2.38 0.68
json: 1.58 1.64 10.94 3.53 1.86 20.04 2.99 0.3 8.96 11.8 9.58 6.52 11.08 0
numerical-integration: 8.93 0 1.13 3.13 0.92 -1 17.6 12.59 13.08 6.8 12.34 0.18 16.2 18.02
palindrome-detection: 8.33 0 8.95 7.18 15.67 19.09 20.72 5.11 8.92 25.92 7.52 17.37 18.31 0.13
regular-expressions: 5.66 15.92 18.18 21.36 3.43 13.59 0 3.41 10.44 17.12 4.36 10.2 17.53 13.11
sorting-algorithms-bubble-sort: 3.32 5.96 7.52 0 5.57 13.56 19.07 17.07 17.93 20.04 17.1 12.1 23.33 0
sorting-algorithms-insertion-sort: 6.04 4.21 7.55 0 2.8 12.42 20.44 17.08 18.96 21.68 17.47 12.79 16.87 6.5
sorting-algorithms-merge-sort: 0.37 0.34 0 0 7.44 10.03 16.07 14.04 14.78 14.28 12.47 10.64 17.55 2.7
sorting-algorithms-quick-sort: 0.01 2.65 4.36 0 16.1 12.42 18.42 16.28 18.47 22.49 18.18 13.9 25.51 12.41
sorting-algorithms-selection-sort: 0 2.17 4.29 1.01 1.45 9.03 16 13.36 13.57 16.11 15.8 10.64 11.98 1.85
url-decoding: 6.8 5.49 8 0 3.12 22.68 13.82 0 13.08 23.78 8.36 0 9.9 6.54
url-encoding: 9.24 12.87 7.99 13.49 7.8 22.49 13.5 0 11.8 25.44 9.6 0 15.65 8.83
