ackermann-function: 8.66 9.05 9.04 8.92 9.84 15.16 7.5 13.47 16.07 19.16 14.21 9.84 8.97 11.34
array-concatenation: 7.29 5.4 7.51 7.94 10.39 13.42 11.74 9.2 10.47 10.41 9.36 13.7 14.38 6.51
call-an-object-method: 0 5.44 5.9 5.46 7.26 12.18 14.48 11.47 14.73 18.58 12.5 11.43 5.69 6.18
classes: 6.34 6.29 5.71 5.73 9.04 10.42 8.23 6.52 7.11 10.79 10.19 4.47 7.07 6.97
concurrent-computing: 14.62 8.5 19.1 8.67 -1 14.37 19.79 17.43 14.88 -1 17.57 20.15 8.83 13.97
exponentiation-operator: 13.64 9.83 10.11 9.52 10.17 15.48 19.3 14.47 20.45 20.12 18.93 13.59 13.49 13.55
factorial: 9.54 10.95 10.85 10.68 11.8 16.51 17.63 15.62 17.34 19.83 16.58 12.9 10.3 10.37
file-input-output: 14.76 15.94 15.94 15.75 11.85 18.4 15.68 15.45 15.73 16.36 15.49 15.16 21.79 16.21
function-composition: 7.32 13.49 12.33 13.48 13.04 19.05 19.28 16.22 16.58 18.34 17.33 11.33 17.3 -1
huffman-coding: 10.87 7.63 11.77 10.14 11.19 12.37 12.68 10.76 12.19 17.42 14.66 12.79 13.12 17.72
inheritance-multiple: -1 -1 7.12 -1 15.81 11.41 8.41 -1 8.54 -1 7.54 -1 8.24 -1
inheritance-single: 7.55 -1 7 -1 10.82 11.4 8.21 7.13 7.93 10.54 7.55 -1 8.26 7.24
json: 9.5 9.55 14.19 10.43 9.65 17.8 10.23 8.84 13.2 14.62 13.51 11.99 14.26 8.73
lzw-compression: 7.82 3.96 10.98 9.33 5.74 14.25 10.49 6.31 9.18 -1 9.98 8.36 13.77 7.7
numerical-integration: 19.5 15.03 14.92 16.56 15.49 18.83 22.65 20.97 19.43 18.37 18.74 15.12 22.4 22.42
palindrome-detection: 14.63 10.45 14.93 14.04 17.9 19.6 19.54 13.01 14.94 22 14.22 18.29 19.08 10.51
regular-expressions: 7.98 13.14 14.24 15.7 6.87 11.94 4.83 6.86 10.38 13.71 7.35 10.24 13.92 11.71
sorting-algorithms-bubble-sort: 9.18 10.52 11.29 7.41 10.29 13.8 17.05 15.54 15.28 17.12 15.19 13.18 19.23 9.66
sorting-algorithms-insertion-sort: 8.46 7.44 9.23 5.43 6.84 11.67 15.01 14 14.95 16.32 14.21 11.86 13.89 8.71
sorting-algorithms-merge-sort: 7.69 7.66 7.68 5.51 11.23 12.52 15.55 14.53 14.91 11.51 13.75 12.83 16.29 8.8
sorting-algorithms-quick-sort: 4.08 5.34 6.24 4.07 12.16 10.31 13.3 12.23 13.34 15.36 13.41 11.04 16.85 10.3
sorting-algorithms-selection-sort: 7.93 9.02 10.12 8.43 8.67 12.47 15.95 14.64 13.92 16.05 15.88 13.29 13.93 8.88
synchronous-concurrency: 4.02 3.61 3.97 4.28 -1 4.29 7.17 -1 6.29 -1 4.55 4.21 -1 8.51
url-decoding: 7.35 6.49 7.88 4.82 5.51 15.28 10.85 3.79 10.5 15.84 8.23 4.46 8.88 7.09
url-encoding: 8.38 10.55 7.71 10.8 8.02 15.37 10.88 4.05 10.02 16.84 8.92 5.5 11.94 8.55
