85.2
85.2
85.3
85.3
85.4
85.4
85.4
85.5
85.5
85.5
85.6
85.6
85.6
85.7
85.7
85.7
85.7
85.7
85.8
85.8
85.8
86.4
86.4
86.3
86.3
86.2
86.2
86.1
86.1
86.1
86.1
86.1
86.0
86.1
86.1
86.1
86.1
86.1
86.1
86.1
86.1
86.1
86.0
86.1
86.0
86.0
86.0
86.0
86.1
86.1
86.1
86.1
86.1
86.1
86.1
86.1
86.1
86.1
86.1
86.1
86.2
86.2
86.1
86.2
86.1
86.1
86.1
86.1
86.1
86.2
86.2
86.2
86.2
86.1
86.2
86.2
86.2
86.2
86.2
86.2
86.2
86.2
86.2
86.3
86.2
86.2
86.3
86.3
86.2
86.2
86.3
86.3
86.3
86.3
86.3
86.3
86.3
86.3
86.3
86.3
86.4
86.3
86.3
86.3
86.4
86.4
86.4
86.4
86.3
86.3
86.3
86.4
86.4
86.4
86.4
86.4
86.4
86.4
86.4
86.4
86.4
86.4
86.4
86.4
86.4
86.4
86.4
86.4
86.4
86.4
86.4
86.4
86.4
86.4
86.4
86.4
86.4
86.4
86.4
86.4
86.4
86.4
86.4
86.4
86.4
86.4
86.4
86.4
86.4
86.4
86.4
86.4
86.5
86.4
86.4
86.5
86.5
86.4
86.4
86.5
86.5
86.5
86.5
86.5
86.5
86.5
86.5
86.5
86.5
86.5
86.5
86.5
86.5
86.5
86.5
86.5
86.5
86.5
86.5
86.5
86.5
86.5
86.5
86.5
86.5
86.5
86.5
86.5
86.5
86.6
86.5
86.5
86.5
86.5
86.5
86.5
86.5
86.5
86.5
86.5
86.5
86.5
86.5
86.5
86.5
86.5
86.5
86.6
86.6
86.5
