49.8
85.2
85.2
85.2
85.2
85.2
85.2
85.2
85.3
85.2
85.3
85.3
85.3
85.3
85.3
85.3
85.3
85.3
85.2
85.3
85.3
85.2
85.3
85.3
85.3
85.3
85.3
85.3
85.3
85.3
85.3
85.3
85.4
85.4
85.5
85.5
85.8
85.8
85.8
85.8
85.8
85.8
85.8
85.8
85.8
85.8
85.8
85.8
85.8
85.8
85.8
85.8
85.7
85.7
85.6
85.6
85.6
85.5
85.5
85.5
85.5
85.5
85.5
85.5
85.5
85.5
85.5
85.5
85.6
85.6
85.5
85.6
85.7
85.7
85.7
85.8
85.8
85.8
85.8
85.8
85.8
85.9
85.9
85.8
85.8
85.8
85.8
85.8
85.8
85.9
85.9
85.8
85.9
85.9
85.9
85.9
85.9
85.9
85.8
85.9
85.9
85.9
86.0
85.9
85.9
85.8
85.8
85.8
85.8
85.8
85.8
85.8
85.8
85.8
85.8
85.8
85.8
85.8
85.8
85.7
