82.3
82.7
83.1
83.5
83.8
84.0
84.3
84.5
84.7
84.9
85.0
85.1
85.2
85.4
85.4
85.5
85.6
85.6
85.7
85.8
85.8
85.9
85.9
85.9
85.9
85.9
85.9
85.9
86.0
85.9
86.0
86.0
86.0
86.0
86.0
86.1
86.0
86.1
86.0
86.1
86.1
86.1
86.1
86.1
86.1
86.1
86.1
86.1
86.1
86.1
86.1
86.1
86.1
86.1
86.1
86.1
86.1
86.1
86.1
86.1
86.1
86.1
86.1
86.1
86.1
86.2
86.2
86.2
86.2
86.2
86.2
86.3
86.2
86.3
86.2
86.3
86.3
86.3
86.3
86.3
86.3
86.3
86.3
86.3
86.3
86.3
86.3
86.3
86.3
86.3
86.3
86.3
86.3
86.4
86.3
86.4
86.4
86.4
86.4
86.3
86.3
86.3
86.3
86.3
86.3
86.3
86.3
86.3
86.3
86.3
86.3
86.3
86.3
86.3
86.3
86.2
86.3
86.3
86.3
86.3
86.3
86.3
86.3
86.3
86.3
86.3
86.3
86.3
86.3
86.4
86.4
92.3
91.6
86.3
86.3
86.2
86.3
86.3
86.3
86.3
86.3
86.3
86.3
86.3
86.3
86.3
86.3
86.3
86.3
86.3
86.3
86.4
86.4
86.4
86.4
86.4
86.4
86.3
86.4
86.4
86.4
86.4
86.4
86.4
