2625.5
2701.5
2720.8
2784.5
2804.7
2881.6
3226.6
3326.0
3377.8
3276.5
3317.1
3362.6
3257.8
3267.3
3255.7
3290.0
3332.7
3343.1
3247.8
3255.3
3275.2
3275.5
3300.8
3326.0
3325.8
3340.8
3306.0
3353.7
3353.2
3353.2
3317.1
3382.2
3285.6
3268.0
3273.6
3283.1
3274.6
3323.5
3306.2
3338.1
3309.8
3344.5
3345.0
3320.8
3331.6
3331.9
3341.0
3364.9
3344.3
3365.1
3358.7
3331.8
3331.3
3331.1
3366.1
3335.1
3367.8
3344.1
3374.9
3338.1
3337.9
3374.9
3326.8
3355.7
3362.2
3334.5
3334.7
3349.5
3341.4
3352.8
3359.7
3369.7
3356.4
3356.4
3377.6
3365.1
3328.1
3328.1
3346.4
3338.7
3346.8
3347.3
3295.6
3309.6
3358.7
3336.4
3362.4
3331.6
3365.5
3294.0
3325.6
3294.8
3294.2
3283.6
3274.8
3287.3
3287.4
3311.4
3305.8
3291.0
3342.4
3323.5
3348.0
3348.6
3361.4
3344.3
3333.7
3353.7
3344.7
