57.6
57.6
57.6
57.6
57.6
57.5
57.6
57.6
57.5
57.2
57.3
57.4
57.4
57.4
57.4
57.5
57.5
57.5
57.5
57.5
57.6
57.5
57.6
57.6
57.3
57.2
57.2
57.3
57.4
57.4
57.5
57.5
57.5
57.5
57.6
57.6
57.6
57.6
57.6
57.6
57.6
57.4
57.5
57.5
57.5
57.6
57.6
57.6
57.6
57.6
57.3
57.4
57.4
57.5
57.5
57.5
57.5
57.6
57.6
57.6
57.6
57.6
57.7
57.7
57.7
57.7
57.7
57.7
57.7
57.4
57.4
57.5
57.5
57.6
57.6
57.6
57.7
57.7
57.7
57.7
57.7
57.8
57.7
57.8
57.8
57.8
57.4
57.4
57.5
57.5
57.6
57.7
57.7
57.7
57.8
57.8
57.8
57.8
57.9
57.8
57.9
57.9
57.8
57.9
57.8
57.5
57.6
57.6
57.6
57.7
57.7
57.7
57.8
57.8
57.8
57.8
57.8
57.8
57.9
57.9
57.9
57.9
57.9
57.9
57.6
57.8
57.8
57.8
57.8
57.8
57.8
57.8
57.9
57.9
57.9
57.9
58.0
58.0
58.0
58.0
58.0
58.0
58.0
58.0
58.0
57.9
57.8
57.8
57.8
58.0
58.0
58.0
58.0
58.0
58.0
58.0
58.0
58.0
58.0
58.0
58.0
58.0
58.0
58.0
58.0
58.0
58.0
58.2
58.5
58.3
58.0
58.0
58.0
57.8
57.8
57.9
57.9
57.9
57.9
57.9
57.9
57.9
57.9
58.0
58.0
58.0
58.0
58.0
58.0
58.0
58.0
58.0
58.0
58.0
