38.2
60.1
60.1
60.1
60.2
59.8
59.9
59.9
60.0
60.0
60.0
60.1
60.4
60.5
60.5
60.3
60.2
60.2
60.2
60.2
60.2
60.2
60.3
60.3
60.3
60.3
60.3
60.3
60.3
60.3
60.3
60.3
60.3
60.3
60.4
60.3
60.3
60.2
60.2
60.2
60.3
60.3
60.3
60.3
60.3
60.2
60.2
60.2
60.2
60.2
60.2
60.1
60.1
60.0
59.8
59.9
59.9
59.9
59.9
59.9
60.0
59.9
59.6
59.7
59.8
59.8
59.9
59.9
60.0
60.0
60.0
60.1
60.1
60.1
60.1
60.2
60.2
59.7
59.8
59.8
59.8
59.7
59.9
59.9
60.0
60.0
60.1
60.1
60.1
60.1
60.1
60.1
60.1
60.1
60.2
60.2
60.2
60.2
60.2
60.2
60.2
60.0
60.0
60.1
59.9
59.8
59.9
59.9
59.7
59.8
59.8
59.9
59.9
59.8
59.8
59.9
59.9
59.9
59.7
59.8
59.9
59.9
59.9
59.9
60.0
60.0
60.0
60.0
60.1
60.1
60.1
60.1
60.1
60.1
60.1
60.1
60.2
60.1
60.1
60.0
59.8
59.7
59.8
59.8
59.9
59.9
59.9
60.0
60.0
60.0
60.0
60.1
60.1
60.2
60.2
60.2
60.2
60.3
60.3
60.3
60.3
59.9
59.9
59.9
60.0
60.0
60.1
60.1
70.7
70.7
60.3
60.3
60.3
60.3
60.3
60.3
60.3
60.3
60.3
60.1
59.8
59.8
59.8
59.9
59.7
59.7
59.8
59.6
59.7
59.8
59.9
59.9
60.0
60.0
60.1
60.1
60.1
60.0
59.9
60.0
60.0
59.9
59.9
59.9
59.9
60.0
60.0
59.8
59.9
59.9
60.0
60.0
60.0
60.1
60.1
60.2
60.2
60.2
60.2
60.2
60.2
60.2
60.2
60.3
60.3
60.3
60.4
60.4
60.3
59.9
59.8
59.8
59.9
60.0
60.0
60.0
60.1
60.1
60.1
60.1
60.1
60.1
60.1
60.2
60.2
60.2
60.2
60.2
60.2
60.2
59.9
59.8
59.7
59.7
59.8
59.9
59.9
60.0
60.0
60.0
60.1
60.1
60.1
60.2
60.2
60.2
60.2
60.2
60.3
60.3
60.3
59.9
59.9
59.8
59.9
59.9
60.0
60.1
60.1
60.1
60.2
60.2
60.2
60.2
60.3
60.3
60.3
60.2
60.0
60.0
60.1
60.1
60.2
60.3
60.3
60.3
60.3
60.3
60.3
60.3
60.4
60.0
60.1
60.1
60.2
60.2
60.2
60.3
60.3
60.4
60.3
60.1
59.9
60.0
60.0
60.1
60.1
60.2
60.2
60.2
60.3
60.3
60.3
60.3
60.3
60.3
60.3
60.0
60.1
60.0
60.0
60.1
68.8
60.7
60.6
60.6
60.6
60.5
60.5
60.5
60.5
60.5
60.5
60.6
60.7
60.6
60.5
60.1
59.9
59.9
59.9
60.0
60.0
60.0
60.0
60.0
60.1
60.1
60.1
60.1
60.1
60.1
60.1
59.9
59.8
59.8
59.8
59.9
59.9
59.9
60.0
60.0
60.0
60.1
60.1
60.2
60.2
60.2
60.2
60.2
60.2
60.0
59.9
59.7
59.8
59.8
59.9
60.0
60.0
60.0
59.8
59.9
59.9
60.0
60.0
60.0
60.1
60.1
60.1
