ackermann-function:  11,017,459.8 996,883.2 1,004,140.8 583,824.9 7,598,518.2 3,569,983,438.8 50,274,266,112 219,659,331,081.6 270,573,071,462.4 17,156,313,641,915 25,526,662,237.6 2,372,198.4 1,150,001.6 596,699,947.8
array-concatenation:  1,098,485.6 252,227.2 380,057.7 49,204,108.8 859,643.5 172,052,518.4 102,387,780 309,710,062 836,156,583.8 146,794,126.5 15,658,234.2 2,722,599,803.5 13,619,953,843.3 3,890,971.8
call-an-object-method:  168 19,200 18,200 2,540 10.8 85,767,361.5 8,284,261,753.6 11,306,445,240 61,963,035,526.7 60,292,671,750 5,805,973,785.6 189,702,374.4 114,905 322.5
classes:  472,000 605,605 305,694.4 60,772.4 0 5,170,368.4 453,548.9 531,606.4 658,560 105,949,125.1 772,374.4 500,172.3 739,743.6 706,657.5
factorial:  762,429,621.6 29,588,326.8 33,366,633.3 21,610,494.9 338,247,398.4 68,708,882,219.7 3,426,448,503,605.5 5,564,120,155,490 496,523,864,300.4 638,895,741,180.8 2,028,369,802,243.4 36,441,768,961.2 8,809,699.6 236,976,517.5
huffman-coding:  416,469,816 683,182.5 83,944,634.4 74,951,187.3 314,967,366 122,282,292.8 4,295,004,842 472,359,808 818,785,176.3 31,602,090,144 16,111,504,615.7 893,698,531.2 3,422,555,718.3 16,919,308,633,675
palindrome-detection:  107,848,365,544.7 94,039,174.4 34,882,751,446.9 452,757,905,070 75,040,909,125 1,758,362,626,283.2 28,711,234,559,207.2 44,061,283,436.8 87,824,216,365.4 24,755,534,110,265.4 79,099,447,530.4 278,948,966,400 26,320,797,303,527.7 32,833,310.1
regular-expressions:  8,440,990,970.8 1,934,409,105 4,073,064,896.6 31,621,398,088.5 128,692.8 8,059,469,911.8 9,907.2 1,663,195 35,597,297.3 2,919,244,261.2 612,848.7 20,274,930 12,544,945,874.8 2,069,727,155.1
sorting-algorithms-bubble-sort:  16,447,244.8 72,587,407.5 44,099,174.4 13,516,929.6 195,833,652.8 94,288,268,750 269,912,553,847.2 2,676,253,892,212.8 3,467,807,468,387.5 418,889,384,254,080 1,082,967,159,290.4 50,927,974,560.4 9,101,442,532,950 17,767,428.8
sorting-algorithms-insertion-sort:  8,308,660.5 1,060,312.5 2,597,000 585,313.3 524,447.6 706,272,833.7 58,326,645,311.6 323,858,372,112 10,602,910,802 47,521,845,124,334 27,229,590,172.8 651,862,655.5 6,477,730,432 2,707,345.4
sorting-algorithms-merge-sort:  5,129,026.4 1,273,164 322,250 857.5 225,927,014.4 531,747,480 39,719,689,193 202,208,864,408.1 2,856,657,356.3 7,056,509,866,886.7 9,585,106,473.6 2,803,542,127.2 223,879,315,634.8 13,952,750
sorting-algorithms-quick-sort:  28,037 42,790.8 75,534.6 14,353.2 558,089,601.3 27,834,840 1,360,763,204.8 20,332,996,480 5,671,820,800 62,079,011,773.6 7,687,263,668.8 302,180,602.1 460,451,872,890 329,996,946.6
sorting-algorithms-selection-sort:  2,212,027.5 4,970,775.6 11,927,272.5 744,876 2,968,398.2 2,355,395,765 64,411,423,844.8 563,003,730,976.9 183,806,070,976.2 552,740,720,086.8 682,883,117,600 26,374,290,206.4 3,500,655,583.5 3,810,269.6
url-decoding:  30,417.5 124,156.8 765,147.5 75,510 696,320 3,309,795,865.6 53,982,918.4 22,976.1 57,282,989.4 3,077,935,452 25,673,004.8 13,543.2 9,053,567.8 8,827,276.5
url-encoding:  171,200 99,040,515 3,698,764.2 261,285,750 21,809,185.2 4,905,759,870 56,087,270.4 8,055 37,554,972 215,200,506,802.5 1,393,240,840 14,256 637,586,251.2 5,760,614.4
