ackermann-function:  69,292.2 13,845.6 13,946.4 9,570.9 53,890.2 3,239,549.4 19,395,936 51,346,267.2 58,922,707.2 582,854,209 12,167,141.2 24,710.4 15,131.6 999,497.4
array-concatenation:  14,844.4 5,483.2 7,170.9 190,713.6 12,830.5 208,801.6 310,266 647,929 864,691.4 395,671.5 88,464.6 2,752,881.5 8,073,475.9 35,053.8
call-an-object-method:  42 960 910 254 5.4 270,559.5 5,101,146.4 7,155,978 22,264,834.9 13,548,915 4,564,444.8 464,956.8 3,283 64.5
classes:  9,440 11,011 6,947.6 2,337.4 0 48,321.2 9,256.1 10,223.2 11,760 354,344.9 13,316.8 9,807.3 12,754.2 12,397.5
concurrent-computing:  576,386.3 24,904 215,706,463.2 41,055 -1 26,736,933.6 1,541,721,636 -1 29,761,514.9 -1 30,783,454 110,792,200.8 41,145,700.8 3,841,968
exponentiation-operator:  26,224.8 1,012 132,153 379.2 1,144,836 337,730.6 8,660,239.2 113,394.6 61,855,448 2,188,909.8 28,398,421 117,854.5 17,235,870.6 23,184
factorial:  1,116,295.2 130,921.8 144,444.3 107,514.9 681,950.4 23,362,421.7 191,560,826.5 391,013,363 29,994,192.6 91,218,695.2 221,365,251.8 15,324,545.4 35,666.8 532,531.5
file-input-output:  84,268.2 239,108.4 156,549.8 63,897.6 7,280,308.8 4,403,912.8 82,295.1 74,232 86,150.9 402,357.6 60,117.9 56,848.4 1,045,501,973.7 308,586.7
function-composition:  206.1 35,617.6 4,649.4 152,271.6 718,956.8 944,458.8 6,470,063.2 655,849.6 1,270,831 5,855,382.4 2,380,648.6 8,708 3,180,861,017.1 -1
huffman-coding:  782,838 10,510.5 267,339.6 252,360.9 648,081 340,619.2 3,731,542 849,568 1,234,970.1 4,765,092 9,015,951.1 1,306,576.8 3,189,707.1 930,399,155
inheritance-multiple:  -1 -1 27,650.5 -1 1,954,747,169,970.4 193,622.4 34,234.8 -1 45,219.6 -1 22,754.4 -1 39,152,331.3 -1
inheritance-single:  31,488.2 -1 24,800 -1 124,266,428.4 225,388.5 28,005.6 27,922.5 26,601.5 256,095.3 27,829.2 -1 43,733,706.5 32,972.8
json:  103,859 69,357.6 4,284,332.8 342,236 42,981,360 165,113,606.5 112,240 29,855.4 1,923,081.3 6,415,201.8 3,304,268.4 20,373.4 1,756,825,809.2 58,478.4
lzw-compression:  15,570 283.8 136,260 65,480.8 11,943.4 1,257,312 165,722.6 4,384 68,374.8 -1 133,466.4 2 7,326,446,863.2 17,394
numerical-integration:  662,699,680.4 23,195,464.8 56,905,947.5 37,329,026.2 21,441,762,021.6 116,176,038,995.9 5,636,769,690,452.8 1,056,786,092,230.2 348,836,816,738.4 500,624,786 8,446,489,000.6 13,947,519.6 3,950,975,806.7 31,314,782,371.2
palindrome-detection:  32,260,952.9 286,704.8 14,977,566.1 84,061,995 25,223,835 84,520,410.8 452,665,813.6 17,596,359.2 27,871,855.4 670,282,243.8 25,866,398.8 22,351,680 612,553,173.3 143,376.9
regular-expressions:  5,915,200.4 2,185,773 3,569,732.6 14,301,853.5 3,574.8 2,881,469.4 619.2 19,567 152,778.1 2,898,951.6 10,046.7 103,974 7,621,473.8 2,322,926.1
sorting-algorithms-bubble-sort:  89,387.2 237,991.5 172,262.4 78,586.8 475,324.4 29,011,775 50,488,693.2 272,975,713.2 316,550,202.5 5,514,604,848 101,572,609.2 19,276,296.2 421,168,095 94,507.6
sorting-algorithms-insertion-sort:  56,521.5 14,137.5 25,970 9,595.3 9,042.2 1,105,278.3 21,240,584.6 66,310,068 5,046,602 1,238,386,541 8,519,896.8 1,046,328.5 4,548,968 26,805.4
sorting-algorithms-merge-sort:  42,041.2 16,116 6,445 122.5 522,979.2 916,806 16,474,363 33,651,000.9 1,166,458.7 413,604,704.7 6,322,629.6 2,786,821.2 46,227,403.6 79,730
sorting-algorithms-quick-sort:  1,219 1,645.8 2,436.6 797.4 960,567.3 126,522 1,740,106.4 10,546,160 4,487,200 17,546,357.2 6,937,963.6 628,234.1 80,358,093 677,611.8
sorting-algorithms-selection-sort:  23,284.5 39,450.6 72,286.5 11,286 28,819.4 2,466,383 22,752,180.8 96,256,408.1 45,711,532.2 96,666,792.6 109,086,760 12,493,742.4 2,498,683.5 33,719.2
synchronous-concurrency:  1,253.7 1,162 1,170 1,480.6 -1 0 4,389 -1 1,692.8 -1 1,331.4 1,284 -1 1,456.4
url-decoding:  1,322.5 3,448.8 11,771.5 2,517 10,880 3,110,710.4 201,428.8 1,094.1 209,827.8 1,224,318 139,527.2 752.4 60,762.2 60,049.5
url-encoding:  4,280 301,035 33,322.2 580,635 110,147.4 4,054,347 206,203.2 537 157,794 51,055,873.5 1,763,596 792 1,041,807.6 45,004.8
