ackermann-function:  1,751,776,108.2 71,775,590.4 72,298,137.6 35,613,318.9 1,094,348,673.6 3,934,121,749,557.6 130,310,897,762,304 939,043,794,400,639.1 1,241,660,001,696,243.8 504,790,244,261,799,810 53,554,937,374,484.8 227,731,046.4 74,313,676.8 354,442,765,811.2
array-concatenation:  81,287,934.4 11,602,451.2 20,143,058.1 13,601,090,764.8 57,596,114.5 140,741,463,643.2 33,787,967,400 148,041,409,636 19,211,844,078.4 53,584,595,698.5 2,771,507,453.4 2,692,651,205,661.5 22,813,809,908,085.9 431,897,869.8
call-an-object-method:  672 384,000 364,000 25,400 2.7 26,931,762,336 13,453,641,087,846.4 17,864,183,479,200 172,257,305,550,730.4 268,121,551,915,950.28 7,385,198,655,283.2 77,398,568,755.2 4,021,675 1,612.5
classes:  518,067.2 1,601.6 1,263.2 11,237.5 0 363,247,621.2 1,101,664.8 100,659.2 576,240 22,557,386,571.3 2,126,325.6 1,538.4 1,080,368.7 1,068,577.5
factorial:  520,739,431,552.8 6,686,961,856.8 7,608,025,100 4,279,200,000 168,787,499,027.7 202,072,822,608,137.7 61,247,776,196,182,576 79,110,679,137,639,648 8,216,477,266,358,836 4,467,163,400,000,000 18,573,784,935,332,564 86,658,526,589,733.61 2,071,982,170.8 105,454,550,287.5
huffman-coding:  220,314,879,706.5 44,406,862.5 26,358,615,201.6 25,559,172,280.7 154,971,731,712 43,533,517,145.6 4,943,550,573,142 262,632,053,248 542,854,571,886.9 209,395,506,469,500 23,162,213,123,618.4 611,289,795,340.8 3,651,905,204,129.7 306,663,585,055,041,340
palindrome-detection:  359,567,321,511,200 30,563,590,920.3 81,137,324,791,756.8 2,567,067,242,807,692.5 226,186,107,214,579.22 36,538,791,600,003,664 1,820,464,605,000,518,400 110,197,322,657,487.11 276,470,716,725,000 912,959,993,860,976,000 241,886,110,547,963.22 3,480,446,320,826,049 1,130,741,468,698,100,860 7,518,828,012.9
regular-expressions:  12,821,066,264,183.6 1,706,155,385,459.2 4,647,367,047,020.6 79,216,631,599,812.5 4,632,940.8 22,542,337,343,304.6 158,515.2 141,371,575 8,294,170,270.9 2,939,678,971,028.4 37,383,770.7 3,953,611,350 20,498,807,093,826.4 1,945,268,484,565.3
sorting-algorithms-bubble-sort:  3,026,293,043.2 22,139,159,287.5 11,289,388,646.4 2,324,911,891.2 81,272,393,038.9 306,154,095,657,648.3 1,442,142,926,662,225 26,237,993,159,254,292 37,948,232,319,124,824 31,803,759,992,290,615,000 11,546,595,852,354,246 134,246,372,198,400 196,682,173,137,049,504 3,340,276,614.4
sorting-algorithms-insertion-sort:  1,221,373,093.5 79,523,437.5 259,700,000 33,976,800 32,018,586.1 451,308,340,734.3 159,990,051,803,737.5 1,581,724,289,395,008 22,276,715,595,002 1,823,175,621,630,639,100 87,025,770,192,268.81 406,110,434,376.5 9,224,288,135,168 273,441,885.4
sorting-algorithms-merge-sort:  610,479,920.6 100,579,956 16,112,500 6,002.5 98,962,317,742.4 308,413,538,400 95,764,170,644,323 1,215,073,066,228,273 6,987,387,392,409.6 120,327,617,416,824,480 14,502,285,058,275 2,820,363,379,963.2 1,084,247,525,619,336.5 2,400,111,734.4
sorting-algorithms-quick-sort:  644,851 1,112,560.8 2,341,572.6 258,357.6 327,610,135,997.1 6,123,664,800 1,064,116,826,153.6 39,141,049,857,010 7,152,179,486,850 219,449,359,253,788.2 8,517,488,145,030.4 145,348,869,610.1 2,635,627,484,607,283.5 160,708,512,994.2
sorting-algorithms-selection-sort:  210,142,612.5 626,317,725.6 1,967,999,962.5 49,161,816 314,736,947.2 2,242,344,164,846.4 182,348,740,904,628.8 3,291,320,100,043,725 738,532,930,305,600 3,147,324,211,542,700 4,266,658,953,814,016 55,597,041,230,400 4,893,924,000,000 419,230,515.2
url-decoding:  699,602.5 4,469,644.8 49,734,587.5 2,749,235.2 44,564,480 3,521,622,800,998.4 14,467,422,131.2 482,498.1 15,638,256,106.2 7,728,699,592,439 3,595,579,545.6 243,777.6 1,269,129,060.8 1,297,609,645.5
url-encoding:  6,848,000 32,584,329,435 410,562,826.2 131,413,910,538.9 4,383,977,223.7 5,921,264,322,780.3 15,255,737,548.8 120,825 8,938,083,336 904,490,179,997,609.9 1,100,660,263,600 256,608 386,389,756,300 737,358,643.2
