ackermann-function: 1.98 0.37 0.38 0 1.73 5.82 7.61 8.59 8.73 11.02 7.15 0.95 0.46 4.65
array-concatenation: 1 0 0.27 3.55 0.85 3.64 4.04 4.77 5.06 4.28 2.78 6.22 7.29 1.86
call-an-object-method: 2.05 5.18 5.13 3.85 0 10.82 13.76 14.1 15.23 14.74 13.65 11.36 6.41 2.48
classes: 1.4 1.55 1.09 0 0 3.03 1.38 1.48 1.62 5.02 1.74 1.43 1.7 1.67
factorial: 3.44 1.3 1.4 1.1 2.95 6.48 8.59 9.3 6.73 7.85 8.73 6.06 0 2.7
huffman-coding: 4.31 0 3.24 3.18 4.12 3.48 5.87 4.39 4.77 6.12 6.75 4.82 5.72 11.39
palindrome-detection: 5.42 0.69 4.65 6.37 5.17 6.38 8.06 4.81 5.27 8.45 5.2 5.05 8.36 0
regular-expressions: 9.16 8.17 8.66 10.05 1.75 8.45 0 3.45 5.51 8.45 2.79 5.12 9.42 8.23
sorting-algorithms-bubble-sort: 0.13 1.11 0.78 0 1.8 5.91 6.47 8.15 8.3 11.16 7.16 5.5 8.59 0.18
sorting-algorithms-insertion-sort: 1.83 0.45 1.06 0.06 0 4.81 7.76 8.9 6.32 11.83 6.85 4.75 6.22 1.09
sorting-algorithms-merge-sort: 5.84 4.88 3.96 0 8.36 8.92 11.81 12.52 9.16 15.03 10.85 10.03 12.84 6.48
sorting-algorithms-quick-sort: 0.42 0.72 1.12 0 7.09 5.07 7.69 9.49 8.64 10 9.07 6.67 11.52 6.74
sorting-algorithms-selection-sort: 0.72 1.25 1.86 0 0.94 5.39 7.61 9.05 8.31 9.06 9.18 7.01 5.4 1.09
url-decoding: 0.56 1.52 2.75 1.21 2.67 8.33 5.59 0.37 5.63 7.39 5.22 0 4.39 4.38
url-encoding: 2.08 6.33 4.13 6.99 5.32 8.93 5.95 0 5.68 11.46 8.1 0.39 7.57 4.43
