ackermann-function: 3.9 0.7 0.71 0 3.4 11.61 15.11 17.09 17.37 23.38 14.22 1.86 0.9 9.21
array-concatenation: 1.95 0 0.55 7 1.6 9.41 7.98 9.45 11.15 8.45 5.48 12.35 14.5 3.62
call-an-object-method: 3.44 9.79 9.73 7.07 0 20.95 27.16 27.44 29.71 30.15 26.56 22 12.13 4.31
classes: 2.7 3.05 2.14 0 0 5.86 2.64 2.86 3.15 9.91 3.34 2.78 3.3 3.24
factorial: 5.48 1.12 1.26 0.69 4.35 11.44 17.15 17.41 15.14 14.54 15.96 10.59 0 3.88
huffman-coding: 8.52 0 6.39 6.22 8.15 6.9 11.62 8.69 9.41 15.37 13.38 9.53 11.32 22.66
palindrome-detection: 10.78 1.41 9.29 12.69 10.3 15.4 19.31 9.59 10.51 18.62 10.38 13.05 18.83 0
regular-expressions: 18.15 16.2 17.19 19.9 3.38 18.77 0 6.79 10.87 16.74 5.46 10.12 18.69 16.27
sorting-algorithms-bubble-sort: 0.26 2.25 1.58 0 3.55 11.79 13.34 16.24 16.61 23.34 15.42 10.97 18.25 0.36
sorting-algorithms-insertion-sort: 3.69 0.96 2.14 0.16 0 9.6 15.48 17.77 13.5 24.82 14.87 9.5 12.62 2.2
sorting-algorithms-merge-sort: 11.55 9.73 7.9 0 16.6 17.75 23.49 26.03 20.88 30.63 21.61 19.97 25.92 12.92
sorting-algorithms-quick-sort: 0.91 1.46 2.2 0 14.04 10.07 15.23 18.84 17.14 20.56 17.31 13.24 23.05 13.34
sorting-algorithms-selection-sort: 1.45 2.54 3.69 0 1.83 10.73 15.13 18.02 16.53 17.98 18.28 13.94 11.51 2.17
url-decoding: 1.05 2.91 5.32 2.23 5.21 16.49 10.99 0.68 11.07 17.27 9.87 0 8.62 8.58
url-encoding: 4.04 12.5 8.13 13.79 10.48 17.71 11.75 0 11.21 22.74 16.02 0.75 14.99 8.72
