ackermann-function: 2.94 0.54 0.54 0 2.58 8.72 11.36 12.84 13.05 17.2 10.69 1.4 0.57 6.93
array-concatenation: 1.47 0 0.41 5.32 1.23 6.52 6.01 7.11 5.61 6.36 4.13 9.29 10.89 2.74
call-an-object-method: 4.13 8.87 8.82 6.85 0 17.27 21.84 22.16 23.86 23.83 21.49 18.07 10.66 4.78
classes: 4.07 0.24 0 1.27 0 8.73 4.57 2.99 4.18 11.8 5.08 0.2 4.61 4.6
factorial: 4.49 1.24 1.36 0.92 3.68 8.99 12.9 13.39 10.97 11.22 12.38 8.36 0 3.32
huffman-coding: 6.41 0 4.81 4.79 6.14 5.18 8.75 6.54 7.09 10.74 9.92 7.18 8.52 17.02
palindrome-detection: 8.1 1.05 6.97 9.57 7.74 10.89 13.68 7.2 7.89 13.53 7.79 9.05 13.59 0
regular-expressions: 13.7 12.18 12.93 15.06 2.56 13.61 0 5.12 8.19 12.59 4.12 7.62 14.05 12.29
sorting-algorithms-bubble-sort: 0.2 1.68 1.18 0 2.68 8.85 9.9 12.2 12.45 17.25 11.29 8.23 13.42 0.27
sorting-algorithms-insertion-sort: 2.73 0.67 1.57 0.04 0 7.17 11.58 13.3 9.88 18.29 10.82 7.09 9.39 1.61
sorting-algorithms-merge-sort: 8.68 7.3 5.93 0 12.49 13.34 17.65 19.28 15.02 22.83 16.23 15 19.38 9.69
sorting-algorithms-quick-sort: 0.67 1.09 1.66 0 10.58 7.57 11.46 14.16 12.89 15.28 13.19 9.95 17.28 10.04
sorting-algorithms-selection-sort: 1.09 1.9 2.77 0 1.4 8.06 11.37 13.54 12.42 13.51 13.73 10.47 8.45 1.61
url-decoding: 0.81 2.22 4.03 1.85 3.94 12.41 8.29 0.53 8.35 12.33 7.37 0 6.46 6.48
url-encoding: 3.06 9.42 6.13 10.46 7.91 13.32 8.85 0 8.45 17.1 12.06 0.57 11.27 6.57
