ackermann-function: 11.15 9.54 9.54 9.17 10.89 14.99 16.78 17.75 17.89 20.18 16.31 10.11 9.62 13.82
array-concatenation: 9.61 8.61 8.88 12.16 9.46 12.25 12.65 13.38 13.67 12.89 11.39 14.83 15.9 10.46
call-an-object-method: 3.74 6.87 6.81 5.54 1.69 12.51 15.44 15.78 16.92 16.42 15.33 13.05 8.1 4.17
classes: 9.15 9.31 8.85 7.76 0 10.79 9.13 9.23 9.37 12.78 9.5 9.19 9.45 9.43
concurrent-computing: 13.26 10.12 19.19 10.62 -1 17.1 21.16 -1 17.21 -1 17.24 18.52 17.53 15.16
exponentiation-operator: 10.17 6.92 11.79 5.94 13.95 12.73 15.97 11.64 17.94 14.6 17.16 11.68 16.66 10.05
factorial: 13.93 11.78 11.88 11.59 13.43 16.97 19.07 19.78 17.22 18.33 19.22 16.54 10.48 13.19
file-input-output: 11.34 12.38 11.96 11.07 0 15.3 11.32 11.21 11.36 12.91 11 10.95 20.77 12.64
function-composition: 5.33 10.48 8.44 11.93 13.49 13.76 15.68 13.39 14.06 15.58 14.68 9.07 21.88 -1
huffman-coding: 13.57 9.26 12.5 12.44 13.38 12.74 15.13 13.65 14.03 15.38 16.01 14.08 14.98 20.65
inheritance-multiple: -1 -1 10.23 -1 28.3 12.17 10.44 -1 10.72 -1 10.03 -1 17.48 -1
inheritance-single: 10.36 -1 10.12 -1 18.64 12.33 10.24 10.24 10.19 12.45 10.23 -1 17.59 10.4
json: 11.55 11.15 15.27 12.74 17.58 18.92 11.63 10.3 14.47 15.67 15.01 9.92 21.29 10.98
lzw-compression: 9.65 5.65 11.82 11.09 9.39 14.04 12.02 8.39 11.13 -1 11.8 0.69 22.71 9.76
numerical-integration: 20.31 16.96 17.86 17.44 23.79 25.48 29.36 27.69 -1 20.03 22.86 0 9.91 -1
palindrome-detection: 17.29 12.57 16.52 18.25 17.04 18.25 19.93 16.68 17.14 20.32 17.07 16.92 20.23 11.87
regular-expressions: 15.59 14.6 15.09 16.48 8.18 14.87 6.43 9.88 11.94 14.88 9.21 11.55 15.85 14.66
sorting-algorithms-bubble-sort: 11.4 12.38 12.06 11.27 13.07 17.18 17.74 19.42 19.57 22.43 18.44 16.77 19.86 11.46
sorting-algorithms-insertion-sort: 10.94 9.56 10.16 9.17 9.11 13.92 16.87 18.01 15.43 20.94 15.96 13.86 15.33 10.2
sorting-algorithms-merge-sort: 10.65 9.69 8.77 4.81 13.17 13.73 16.62 17.33 13.97 19.84 15.66 14.84 17.65 11.29
sorting-algorithms-quick-sort: 7.11 7.41 7.8 6.68 13.78 11.75 14.37 16.17 15.32 16.68 15.75 13.35 18.2 13.43
sorting-algorithms-selection-sort: 10.06 10.58 11.19 9.33 10.27 14.72 16.94 18.38 17.64 18.39 18.51 16.34 14.73 10.43
url-decoding: 7.19 8.15 9.37 7.83 9.29 14.95 12.21 7 12.25 14.02 11.85 6.62 11.01 11
url-encoding: 8.36 12.61 10.41 13.27 11.61 15.22 12.24 6.29 11.97 17.75 14.38 6.67 13.86 10.71
