78.6
79.2
79.7
84.8
84.9
84.6
84.5
84.6
84.7
84.7
84.6
84.7
85.0
85.3
85.4
85.4
85.4
85.4
85.5
85.5
85.6
85.2
85.5
85.4
85.5
85.6
85.5
85.8
85.7
85.7
85.6
85.6
85.5
85.5
85.4
85.2
85.2
85.0
85.1
85.1
85.0
85.0
85.2
85.5
85.7
85.5
85.8
85.6
85.7
85.9
85.9
85.7
85.8
86.2
86.2
86.2
86.3
86.1
86.3
86.3
86.5
86.4
86.1
86.2
86.5
86.7
86.5
86.3
86.4
86.1
86.2
86.4
86.3
86.4
86.3
86.1
85.9
85.8
85.8
85.7
85.6
85.6
85.9
85.8
85.7
85.7
85.6
85.5
85.8
85.9
85.7
85.6
85.6
85.4
85.8
85.8
85.5
85.3
85.2
85.1
85.3
85.7
85.9
85.8
85.7
85.9
85.8
85.8
86.1
86.1
86.3
86.3
86.1
86.2
86.2
85.9
86.2
86.1
86.0
85.8
85.9
85.6
85.9
85.9
85.8
85.7
85.8
85.8
86.0
85.9
85.8
85.7
85.8
85.9
86.3
86.2
86.1
86.2
86.0
86.0
86.4
86.2
85.9
85.9
85.8
85.8
85.7
85.6
85.4
85.3
85.0
85.2
85.2
85.3
85.3
85.1
85.2
85.1
85.1
85.1
85.3
85.5
85.8
