14.3
14.6
15.0
15.3
15.6
15.8
16.0
16.2
16.4
16.5
16.7
16.8
16.9
17.0
17.0
17.1
17.3
17.3
17.3
17.4
17.4
17.4
17.5
17.5
17.5
17.6
17.6
17.6
17.7
17.7
17.7
17.7
17.7
17.7
17.7
17.7
17.7
17.7
17.7
17.7
17.7
17.7
17.7
17.7
17.7
17.7
17.7
17.7
17.7
17.7
17.7
17.7
17.7
17.7
17.7
17.7
17.7
17.6
17.6
17.7
17.7
17.6
17.7
17.7
17.6
17.7
17.7
17.7
17.7
17.7
17.7
17.7
17.7
17.6
17.6
17.7
17.7
17.7
17.7
17.7
17.7
17.7
17.7
17.7
17.7
17.7
17.7
17.7
17.7
17.7
17.7
17.7
17.7
17.7
17.7
17.7
17.7
17.7
17.7
17.7
17.7
17.7
17.7
17.7
17.7
17.7
17.7
17.7
17.7
17.7
17.7
17.7
17.7
17.7
17.7
17.7
17.7
17.7
17.7
17.7
17.7
17.7
17.7
17.7
17.7
17.7
17.8
17.7
17.7
17.7
17.7
17.7
17.7
17.7
17.7
17.8
17.8
17.8
17.8
17.8
17.7
17.7
17.8
17.7
17.8
18.0
18.2
18.5
18.6
18.7
18.9
19.0
19.1
19.2
19.2
19.3
19.4
19.4
19.5
19.5
19.5
19.6
19.6
19.6
19.6
19.6
19.6
19.6
19.6
19.7
19.7
19.7
19.7
19.7
19.7
19.8
19.7
19.8
19.9
19.9
19.8
19.8
19.8
19.8
19.7
19.7
19.7
19.7
19.7
19.7
19.7
19.7
19.7
19.7
19.7
19.7
19.6
19.7
19.8
19.8
19.8
19.8
19.9
19.9
19.9
19.9
19.8
19.8
19.8
19.8
19.8
19.7
19.7
19.7
19.7
19.7
19.7
19.6
19.7
19.6
19.4
19.2
19.0
18.8
18.7
18.6
18.5
18.4
18.3
18.3
18.2
18.2
18.1
18.0
18.0
18.0
18.0
17.9
17.9
17.9
17.9
17.8
17.8
17.8
17.8
17.8
17.8
17.8
17.8
17.8
17.8
17.8
17.8
17.8
17.8
17.8
17.8
17.8
17.8
17.7
17.8
17.8
17.7
17.7
17.8
17.7
17.8
17.7
17.8
17.7
17.7
17.7
17.7
17.8
17.7
17.7
17.8
17.8
17.7
17.8
17.7
17.8
17.7
17.7
17.8
17.8
17.7
17.7
17.7
17.7
17.8
17.8
17.8
17.7
17.7
17.7
17.7
17.7
17.7
17.8
17.8
17.7
17.7
17.7
17.7
17.7
17.7
17.8
17.7
17.7
17.8
17.8
17.8
17.8
17.8
17.8
17.8
17.7
17.7
17.8
17.7
17.7
17.7
17.7
17.8
17.8
17.8
17.8
17.8
17.8
17.7
17.8
17.8
17.7
17.8
17.7
17.7
17.7
17.7
17.7
17.7
17.7
17.7
17.8
17.7
17.7
17.7
17.7
17.7
17.7
17.8
17.8
17.7
17.7
17.7
17.7
17.7
17.7
17.7
17.7
17.8
17.8
17.8
17.8
17.7
17.7
17.8
17.8
17.8
17.8
17.8
17.8
17.8
17.9
18.5
18.8
19.0
19.2
19.3
19.7
19.7
19.7
19.7
19.7
19.7
19.8
19.8
19.7
19.7
19.7
19.7
19.7
19.7
19.7
19.7
19.7
19.7
19.7
19.7
19.7
19.7
19.7
19.7
19.7
19.7
19.7
19.8
19.8
19.8
19.8
19.8
19.8
19.7
19.7
19.7
19.7
19.7
19.7
19.7
19.7
19.7
19.7
19.7
19.6
19.6
19.4
19.2
19.0
18.9
18.7
18.6
18.5
18.4
18.4
18.3
18.2
18.2
18.1
18.0
18.0
18.0
18.0
17.9
17.9
17.9
17.9
17.9
17.8
17.8
17.8
17.8
17.8
17.8
17.8
17.8
17.8
17.7
17.7
17.8
17.8
17.8
17.8
17.8
17.7
17.7
17.8
17.7
17.7
17.7
17.7
17.7
17.7
17.8
17.7
17.7
17.7
17.7
17.7
17.7
17.7
17.7
17.8
17.8
17.7
17.7
17.7
17.7
17.7
17.7
17.7
17.7
17.7
17.7
17.7
17.7
17.7
17.8
17.8
17.8
17.8
17.8
17.8
17.8
17.8
17.8
17.8
17.8
17.8
17.8
17.7
17.7
17.7
17.8
17.7
17.7
17.7
17.7
17.7
17.7
17.7
17.7
17.7
17.7
17.7
17.7
17.8
17.8
17.7
17.8
17.8
17.7
17.7
17.7
17.7
17.7
17.7
17.8
17.7
17.7
17.7
17.7
17.7
17.7
17.7
17.7
17.7
17.7
17.7
17.7
17.7
17.7
17.7
17.7
17.7
17.7
17.7
17.7
17.7
17.7
17.7
17.7
17.7
17.6
17.7
17.7
17.7
17.7
17.7
17.7
17.7
17.7
17.7
17.7
17.7
17.7
17.7
17.7
17.7
17.7
17.7
17.7
17.7
17.7
17.7
17.7
17.7
17.7
17.7
17.7
17.7
17.7
17.7
17.7
17.7
17.7
17.7
17.7
17.7
17.8
17.8
17.7
17.8
17.7
17.7
17.7
17.7
17.7
17.7
17.7
17.7
17.7
17.7
17.7
17.7
17.7
17.7
17.8
17.8
17.8
17.8
17.8
17.8
17.7
17.7
17.8
17.8
17.8
17.7
17.7
17.8
17.7
17.7
17.7
17.7
17.7
17.7
17.7
17.7
17.7
17.7
17.7
17.7
17.7
17.8
17.8
17.8
17.8
17.7
17.7
17.7
17.7
17.7
17.7
17.7
17.8
17.9
17.8
17.8
17.8
17.8
17.8
17.8
17.7
17.8
17.8
17.7
17.7
17.7
17.7
17.8
17.8
17.7
17.7
17.7
17.7
17.7
17.7
17.7
17.7
17.7
17.7
17.7
17.7
17.7
17.7
17.7
17.7
17.7
17.7
17.7
17.7
17.7
17.7
17.7
17.7
17.7
17.7
17.7
17.7
17.7
17.7
17.7
17.7
17.7
17.7
17.7
17.7
17.7
17.7
17.7
17.7
17.7
17.6
17.7
17.7
17.7
17.7
17.6
17.7
17.7
17.7
17.7
17.7
17.8
17.8
17.8
17.8
17.8
17.7
17.7
17.8
17.7
17.7
17.8
17.8
17.7
17.7
17.7
17.7
17.7
17.7
17.7
17.7
17.7
17.7
17.7
17.7
17.7
17.7
17.7
17.7
17.7
17.7
17.7
17.7
17.7
17.7
17.7
17.7
17.7
17.7
17.7
17.7
17.7
17.7
17.7
17.7
17.7
17.7
17.7
17.6
17.7
17.7
17.7
17.7
17.7
17.7
17.6
17.7
17.7
17.7
17.7
17.6
17.7
17.7
17.6
17.7
17.7
17.7
17.7
17.6
17.6
17.7
17.7
17.7
17.7
17.7
17.7
17.7
17.7
17.7
17.7
17.7
17.7
17.7
17.8
17.8
17.8
17.8
17.7
17.7
17.7
17.8
