62.4
89.8
90.4
90.4
90.5
96.1
90.6
90.6
90.4
90.2
90.1
89.9
89.7
89.7
90.2
90.0
89.9
89.7
89.6
89.5
89.4
89.8
96.7
88.6
88.6
88.6
88.6
88.6
88.7
88.6
88.7
88.7
88.8
88.9
88.9
88.9
88.9
88.9
88.9
89.0
89.0
88.9
88.9
88.9
88.9
89.0
89.1
89.0
89.0
89.0
89.1
89.0
89.0
89.0
89.2
89.1
89.1
89.1
89.1
89.1
89.1
89.1
89.1
89.0
89.0
89.1
89.0
89.1
89.1
89.1
89.1
89.1
89.1
89.1
89.1
89.1
89.1
89.1
89.0
89.1
89.1
89.0
89.1
89.1
89.0
89.1
89.1
89.0
89.0
89.0
89.0
89.0
89.0
89.0
89.1
89.1
89.1
89.1
89.1
89.1
89.1
89.2
89.2
89.2
89.2
89.2
89.2
89.2
89.2
89.2
89.2
89.3
89.3
89.3
89.3
89.4
89.4
89.4
89.4
89.4
89.4
89.4
95.4
89.4
89.4
89.4
89.4
89.4
