53.6
88.1
88.2
88.2
88.2
88.2
88.2
88.4
88.4
88.3
88.2
88.2
88.2
88.2
88.1
88.0
87.9
87.9
87.8
87.8
87.7
87.7
87.7
87.7
87.7
87.6
87.6
87.6
87.6
87.6
87.7
87.7
87.7
87.7
87.7
87.8
87.8
87.8
87.9
87.9
87.9
87.9
96.7
96.1
88.2
88.1
88.1
88.1
88.0
94.2
94.2
87.9
87.8
87.8
87.9
87.8
87.8
87.9
87.8
87.9
87.8
87.8
87.9
87.8
87.8
87.8
87.8
87.8
87.8
87.9
88.0
87.9
87.9
87.9
87.9
88.0
87.9
87.9
87.9
87.9
87.9
87.9
87.9
87.9
88.1
88.0
88.0
88.0
88.0
87.9
88.0
88.0
88.0
88.0
87.9
87.9
87.9
88.2
88.1
88.1
88.1
88.0
88.1
88.0
88.0
88.0
87.9
87.9
87.9
87.9
87.9
87.9
88.0
87.9
88.0
88.0
88.0
88.0
88.0
88.0
88.0
88.0
88.0
88.0
88.0
88.0
88.1
88.0
88.0
88.0
88.1
88.0
88.1
88.0
88.0
88.0
88.1
88.0
88.1
88.1
88.1
88.1
88.1
88.1
88.1
88.1
88.1
88.1
88.1
88.0
88.1
88.0
88.1
88.1
88.1
88.1
88.1
88.0
88.1
88.1
88.1
88.1
88.1
88.1
88.1
88.1
88.1
88.1
88.1
88.2
88.2
88.2
88.1
88.1
88.2
88.2
88.2
88.2
88.2
88.2
88.2
88.1
88.2
88.1
88.1
88.1
88.1
88.1
88.1
88.1
88.1
88.1
88.1
88.1
88.1
88.1
88.1
88.2
88.1
88.1
88.1
88.1
88.1
88.1
88.2
88.1
88.1
88.2
88.2
88.1
88.2
88.2
88.2
88.2
88.2
88.2
88.2
88.2
88.1
88.2
88.1
88.1
88.4
88.4
88.4
88.3
88.3
88.2
88.2
88.2
88.2
88.2
88.2
88.1
88.2
88.2
88.2
88.1
88.2
88.1
88.1
88.1
88.1
88.1
88.1
88.2
88.1
88.1
88.2
88.2
88.1
88.1
88.2
88.1
88.2
88.2
88.2
88.1
88.2
88.2
