ackermann-function: 0.51 0.68 0.67 0.62 1.02 3.33 0 2.6 3.72 5.06 2.91 1.02 0.64 1.67
array-concatenation: 1.36 0 0.21 1.19 1.89 4.35 3.68 2.74 2.92 3.97 2.81 1.54 3.9 1.24
call-an-object-method: 2.34 0.02 0 0.3 0.47 5.41 6.84 5.13 5.56 6.93 4.49 0 1.71 0.37
classes: 2.28 0.74 3.5 0 1.91 5.37 6.66 5.35 4.82 5.59 5.26 0.35 3.85 6.8
concurrent-computing: 2.66 0 4.6 0.07 -1 2.55 4.9 3.87 2.77 -1 3.94 5.06 0.14 2.38
exponentiation-operator: 1.79 0.14 0.26 0 0.28 2.59 4.25 2.15 4.75 4.61 4.09 1.77 1.72 1.75
factorial: 0 0.61 0.57 0.49 0.98 3.03 3.52 2.64 3.39 4.47 3.06 1.46 0.33 0.36
file-input-output: 1.12 0 0 0.72 1.1 4.37 0.01 0.4 0.35 2.3 0.07 0.21 4.68 1.53
function-composition: 1.69 0.97 0 1.93 1.82 4.49 4.1 2.77 2.93 3.69 3.25 0.65 3.24 -1
huffman-coding: 1.41 0 1.8 1.09 1.55 2.06 2.19 1.36 1.98 4.25 3.05 2.24 2.39 4.38
inheritance-multiple: -1 -1 0 -1 3.33 1.83 0.63 -1 0.63 -1 0.36 -1 0.63 -1
inheritance-single: 0.13 -1 0 -1 1.47 1.69 0.39 0 0.21 1.36 0.22 -1 0.5 0.09
json: 0.33 0.36 2.37 0.74 0.4 3.94 0.65 0.05 1.94 2.56 2.08 1.42 2.41 0
lzw-compression: 1.68 0 3.05 2.33 0.77 4.47 2.83 1.02 2.27 -1 2.61 1.91 4.26 1.62
numerical-integration: 1.99 0.05 0 0.71 0.25 1.7 3.36 2.63 1.96 1.5 1.66 0.09 3.25 3.26
palindrome-detection: 1.81 0 1.94 1.56 3.24 3.97 3.95 1.11 1.95 5.01 1.64 3.4 3.75 0.02
regular-expressions: 2.82 2.05 1.74 3.9 0 4.38 1.15 0.51 1.8 2.96 0.67 0 3.11 2.44
sorting-algorithms-bubble-sort: 0.77 1.35 1.68 0 1.25 2.78 4.19 3.53 3.42 4.22 3.38 2.51 5.13 0.98
sorting-algorithms-insertion-sort: 1.32 0.87 1.65 0 0.61 2.71 4.16 3.72 4.14 4.73 3.81 2.79 3.67 1.43
sorting-algorithms-merge-sort: 0.95 0.93 0.94 0 2.48 3.05 4.36 3.92 4.08 2.61 3.58 3.18 4.68 1.43
sorting-algorithms-quick-sort: 0 0.55 0.94 0 3.51 2.71 4.01 3.54 4.02 4.9 4.06 3.02 5.55 2.7
sorting-algorithms-selection-sort: 0 0.47 0.95 0.22 0.32 1.97 3.48 2.92 2.6 3.53 3.45 2.33 2.61 0.41
synchronous-concurrency: 0.18 0 0.16 0.29 -1 0.29 1.54 -1 1.16 -1 0.41 0.26 -1 2.13
url-decoding: 3.31 0 1.41 2.5 2.51 5.37 3.63 1.87 0 4.24 4.28 2.44 3.93 3.29
url-encoding: 1.95 1.97 1.27 3.12 0.87 4.66 0.88 0 2.55 5.07 1.87 0.61 3.29 1.92
