56.9
62.4
62.4
62.4
62.3
62.3
62.3
62.7
62.8
62.9
63.4
63.2
63.1
63.0
62.9
63.5
63.3
63.2
63.1
63.1
63.0
63.0
63.0
63.1
63.0
63.1
63.3
63.3
63.2
63.2
63.1
63.0
63.0
62.9
63.0
63.2
63.1
63.0
62.9
62.9
62.8
62.7
62.7
62.6
62.6
62.6
62.6
62.5
62.6
62.5
62.5
62.5
62.7
63.2
63.1
63.0
63.0
62.9
62.8
63.3
63.6
63.9
63.9
63.7
63.7
63.6
63.5
63.6
63.5
63.3
63.2
63.1
63.1
63.2
63.1
63.1
63.0
62.9
62.9
62.8
62.8
62.7
62.7
62.7
62.7
62.6
62.6
62.6
62.6
62.6
62.6
62.7
62.7
62.8
63.0
62.9
62.9
62.8
62.8
62.8
62.7
62.7
62.9
62.8
62.8
62.8
62.7
62.7
62.7
62.8
62.7
62.7
62.6
62.6
62.6
62.5
62.5
62.5
62.4
62.4
62.4
62.4
62.4
62.4
62.6
63.1
63.0
62.9
62.8
62.8
62.7
62.7
62.7
62.7
62.6
62.6
62.6
62.7
62.7
62.7
62.7
62.6
62.6
62.6
62.6
62.7
62.6
62.6
62.6
62.6
62.6
62.6
62.6
62.6
62.6
62.6
62.6
62.6
62.6
62.6
62.6
62.5
62.5
62.6
62.5
62.5
62.6
62.5
62.5
62.5
62.5
62.6
62.5
62.5
62.5
62.5
62.7
63.0
63.1
63.4
63.7
64.1
63.9
63.7
63.6
63.4
63.3
63.3
63.2
63.1
63.0
63.0
