12.0
11.9
11.9
11.9
11.8
11.8
11.8
11.7
11.8
11.7
11.7
11.7
11.7
11.7
11.7
11.7
11.7
11.7
11.7
11.8
11.8
11.8
11.9
11.8
11.9
11.9
11.9
11.9
11.9
11.9
11.9
11.9
11.8
11.8
11.8
11.8
11.7
11.7
11.7
11.7
11.7
11.7
11.7
11.7
11.8
11.8
11.8
11.8
11.8
11.7
11.8
11.8
11.7
11.8
11.8
11.8
11.8
11.8
11.7
11.7
11.7
11.7
11.7
11.7
11.7
11.7
11.7
11.7
11.7
11.7
11.7
11.7
11.7
11.7
11.7
11.7
11.7
11.8
11.8
11.8
11.8
11.9
11.9
11.9
11.9
11.9
11.9
11.9
11.9
12.0
12.0
12.0
12.0
12.0
12.0
11.9
11.9
11.8
11.8
11.8
11.8
11.8
11.7
11.7
11.7
11.7
11.7
11.7
11.7
11.7
11.7
11.7
11.7
11.7
11.7
11.7
11.7
11.7
11.7
11.7
11.7
11.7
11.7
11.7
11.7
11.6
11.7
11.7
11.7
11.7
11.7
11.7
11.7
11.7
11.7
11.7
11.6
11.7
11.7
11.7
11.7
11.7
11.7
11.7
11.8
11.7
11.7
11.7
11.7
11.7
11.7
11.7
11.6
11.6
11.6
11.6
11.7
11.7
11.7
11.7
11.7
11.7
11.7
11.7
11.7
11.8
11.8
11.8
11.7
11.7
11.8
11.8
11.8
11.8
11.8
11.7
11.7
11.7
11.7
11.7
11.7
11.7
11.7
11.7
11.7
11.7
11.7
11.7
11.6
11.6
11.6
11.7
11.6
11.7
11.6
11.7
11.7
11.7
11.7
11.7
11.8
11.8
11.7
11.7
11.8
11.8
11.7
11.7
11.7
11.7
11.7
11.7
11.7
11.7
11.7
11.7
11.7
11.7
11.8
11.8
11.8
11.7
11.7
11.7
11.7
11.7
11.7
11.7
11.7
11.7
11.7
11.7
11.7
11.7
11.7
11.7
11.7
11.7
11.7
11.7
11.7
11.7
11.7
11.7
11.7
11.7
11.8
11.7
11.7
11.7
11.7
11.7
11.7
11.7
11.7
11.7
11.7
11.7
11.8
11.8
11.8
11.9
11.9
11.9
11.8
