6.0
6.3
6.6
6.7
6.9
7.1
7.2
7.4
7.5
7.5
7.6
7.7
7.8
7.8
7.9
7.9
8.0
8.0
8.1
8.1
8.2
8.2
8.3
8.3
8.4
8.4
8.4
8.4
8.4
8.4
8.5
8.5
8.5
8.5
8.5
8.5
8.5
8.4
8.4
8.4
8.4
8.4
8.3
8.3
8.3
8.3
8.3
8.3
8.3
8.2
8.3
8.3
8.2
8.2
8.2
8.2
8.3
8.3
8.2
8.2
8.2
8.2
8.3
8.2
8.2
8.2
8.2
8.2
8.3
8.3
8.3
8.3
8.3
8.3
8.2
8.3
8.3
8.3
8.3
8.3
8.3
8.3
8.3
8.3
8.3
8.3
8.3
8.3
8.3
8.3
8.3
8.3
8.3
8.3
8.2
8.2
8.3
8.3
8.3
8.3
8.3
8.3
8.3
8.3
8.3
8.3
8.4
8.3
8.4
8.3
8.3
8.3
8.3
8.3
8.3
8.3
8.3
8.3
8.3
8.2
8.2
8.2
8.2
8.2
8.3
8.3
8.2
8.3
8.2
8.2
8.2
8.2
8.2
8.2
8.2
8.2
8.2
8.3
8.3
8.3
8.4
8.4
8.4
8.4
8.4
8.5
8.5
8.5
8.5
8.5
8.5
8.5
8.5
8.4
8.4
8.4
8.3
8.3
8.3
8.3
8.3
8.3
8.3
8.3
8.3
8.3
8.3
8.2
8.3
8.3
8.3
8.3
8.3
8.3
8.3
8.3
8.3
8.3
8.3
8.3
8.3
8.3
8.3
8.3
8.3
8.3
8.3
8.3
8.2
8.2
8.2
8.2
8.3
8.3
8.2
8.2
8.3
8.2
8.2
8.3
8.3
8.3
8.2
8.3
8.2
8.3
8.3
8.3
8.3
8.2
8.2
8.3
8.3
8.3
8.3
8.3
8.3
8.3
8.3
8.3
8.3
8.3
8.3
8.3
8.3
8.3
8.3
8.4
8.3
8.3
8.3
8.3
8.3
8.3
8.3
8.3
8.3
8.3
8.3
8.3
8.2
8.3
8.3
8.2
8.2
8.2
8.2
8.2
8.2
8.2
8.2
8.2
8.3
8.2
8.3
8.2
8.2
8.3
