85.7
85.6
85.5
85.4
85.4
85.2
85.2
85.2
85.1
85.1
85.1
85.0
85.0
85.1
85.1
85.1
85.1
85.1
85.0
85.0
85.0
85.0
85.0
84.9
85.0
85.0
84.9
85.0
84.9
85.0
85.0
84.9
85.0
85.0
85.0
85.0
85.0
85.0
85.0
85.0
85.0
85.0
85.0
85.0
85.0
85.0
85.0
85.1
85.1
85.0
85.0
85.1
85.1
85.1
85.1
85.0
85.1
85.1
85.1
85.1
85.1
85.1
85.1
85.1
85.1
85.1
85.1
85.1
85.1
85.1
85.1
85.1
85.0
85.1
85.0
85.1
85.0
85.0
85.0
85.1
85.1
85.2
85.2
85.1
85.2
85.2
85.1
85.1
85.1
85.2
85.2
85.2
85.2
85.2
85.2
85.2
85.2
85.1
85.2
85.2
85.2
85.2
