44.4
53.8
53.8
53.8
54.0
54.0
54.2
54.2
54.2
54.2
54.2
54.1
54.0
54.2
54.1
54.2
54.5
55.0
55.3
55.3
55.1
55.0
55.0
54.8
54.6
54.7
54.6
54.5
54.4
54.4
54.4
54.4
54.4
54.4
54.4
54.3
54.2
54.2
54.3
54.1
54.1
54.0
54.0
54.2
54.1
54.0
54.0
54.0
53.8
53.9
53.8
53.9
53.9
54.0
54.1
54.1
54.1
54.0
54.0
54.0
54.1
54.1
54.1
54.0
54.2
54.2
54.1
54.1
54.0
54.0
53.9
54.0
53.9
54.1
54.3
54.3
54.1
54.2
54.2
54.2
54.1
54.0
54.0
54.0
53.9
54.0
53.9
53.8
53.8
53.8
53.8
53.7
53.8
53.9
53.8
54.0
53.8
54.0
53.9
53.8
53.8
53.9
53.8
54.0
53.9
54.0
53.9
53.8
53.9
54.0
53.9
54.0
54.0
54.1
54.1
