58.8
87.7
87.7
87.8
87.9
88.0
88.1
88.1
88.2
88.3
88.3
88.3
88.3
88.4
88.4
88.4
88.5
88.5
88.6
88.6
88.6
88.6
88.6
88.8
89.0
89.2
89.4
89.5
89.7
89.7
89.7
89.8
89.8
89.9
89.9
89.9
90.0
90.0
90.5
90.4
90.4
90.4
90.4
90.4
90.3
90.4
90.3
90.3
90.3
90.3
90.4
90.3
90.3
90.3
90.3
90.3
90.3
90.3
90.3
90.3
90.4
90.4
90.3
90.3
90.4
90.4
90.4
90.4
90.4
90.3
90.4
90.4
90.3
90.4
90.4
90.3
90.3
90.3
90.4
90.3
90.4
90.4
90.4
90.3
90.3
90.4
90.4
90.4
90.4
90.4
90.5
90.5
90.5
90.5
90.5
90.5
90.5
90.5
90.5
90.5
90.5
90.4
90.4
90.4
90.4
90.5
90.5
90.5
90.5
90.5
90.5
90.5
90.5
90.5
90.5
90.5
90.5
90.5
90.5
