63.2
63.3
63.5
63.7
63.8
63.9
64.1
64.2
64.3
64.4
64.5
64.6
64.6
64.7
64.9
65.4
65.8
66.1
66.3
66.1
66.0
65.8
65.8
65.7
65.6
65.5
65.4
65.4
65.3
65.2
65.2
65.2
65.2
65.2
65.2
65.2
65.1
65.1
65.1
65.1
65.2
65.3
65.3
65.2
65.3
65.2
65.2
65.2
65.1
65.1
65.1
65.1
65.1
65.1
65.0
65.0
65.0
65.0
65.1
65.0
65.0
65.0
65.0
65.0
65.0
65.0
65.0
65.0
65.0
65.0
65.1
65.0
65.0
65.2
65.1
65.1
65.1
65.1
65.1
65.3
65.2
65.2
65.2
65.2
65.1
65.1
65.1
65.1
65.1
65.1
65.1
65.1
65.1
65.0
65.1
65.1
65.1
65.1
65.1
65.1
65.1
65.1
65.0
65.1
65.0
65.1
65.1
65.1
65.3
65.2
65.2
65.2
65.2
65.2
65.2
65.2
65.2
65.2
71.7
65.1
65.1
65.1
65.1
65.1
65.1
65.1
65.1
65.2
65.2
65.2
65.2
65.2
65.2
65.2
65.4
65.8
66.2
66.3
66.1
66.1
65.9
66.2
66.1
66.0
65.9
65.9
65.8
65.6
65.6
65.6
65.5
65.4
65.5
65.4
65.5
65.5
65.4
65.4
65.3
65.3
65.3
65.3
65.2
65.2
65.2
65.2
65.2
65.2
65.1
65.2
65.2
65.2
65.2
65.2
65.2
65.2
65.2
65.1
65.2
65.2
65.2
65.2
65.3
65.3
65.2
65.3
65.3
65.2
65.2
65.2
65.2
65.3
65.3
65.3
65.2
70.9
65.3
65.2
65.2
65.2
65.2
65.2
65.2
65.2
65.2
65.2
65.1
65.1
65.1
65.1
65.1
65.1
65.2
65.2
65.2
65.1
65.1
65.1
65.2
65.2
65.2
65.1
65.1
65.2
65.2
65.6
66.0
65.9
65.8
65.7
65.6
65.6
65.5
65.5
65.4
65.4
65.4
65.3
65.3
65.3
65.3
65.3
65.2
65.2
65.2
65.3
65.3
65.3
65.3
65.9
65.8
65.7
65.7
65.6
65.6
66.1
66.3
66.7
66.5
66.3
66.2
66.1
66.0
66.0
65.8
65.7
65.7
65.6
65.5
65.4
65.3
65.4
65.3
65.3
65.3
65.3
65.3
65.2
65.3
65.2
65.3
65.2
65.2
65.3
65.2
65.2
65.2
65.2
65.1
65.1
65.5
65.5
65.5
65.4
65.4
65.3
65.4
65.3
65.3
65.3
65.3
65.2
65.2
65.2
65.2
65.2
65.2
65.2
65.7
71.5
65.1
65.2
65.1
65.1
65.1
65.1
65.1
65.1
65.1
65.1
65.1
65.2
65.1
65.2
65.1
65.1
65.2
65.2
65.2
65.2
65.1
65.1
65.1
65.1
65.1
65.6
65.5
65.5
65.5
65.5
65.5
65.4
65.4
65.4
65.4
65.3
65.3
65.2
65.2
65.2
65.2
65.2
65.2
65.2
65.2
65.2
65.2
65.2
65.2
65.2
65.1
65.1
65.1
65.1
65.1
65.1
65.1
65.1
65.1
65.2
65.2
65.2
65.2
65.1
65.2
65.7
66.0
66.4
66.3
66.1
66.1
66.0
65.9
65.8
65.8
65.7
65.6
65.6
65.5
65.4
65.4
65.4
65.4
65.3
65.3
65.3
65.2
65.2
65.2
65.2
65.2
65.2
65.1
65.2
65.2
65.2
65.2
65.2
65.2
65.1
65.1
65.1
65.1
65.1
65.1
65.1
65.1
65.1
65.2
65.1
65.1
65.1
65.2
65.2
65.2
65.3
65.3
65.3
65.3
65.2
65.2
65.2
65.4
65.4
65.5
65.6
65.4
65.5
65.5
65.4
65.4
65.4
65.4
65.3
65.3
65.3
65.4
65.6
65.5
65.5
65.4
65.4
65.4
65.3
65.3
65.3
65.2
65.2
65.2
65.3
65.2
65.3
65.3
65.3
65.3
65.4
65.4
65.3
65.3
65.2
65.3
65.2
65.2
65.3
65.2
65.2
65.2
65.3
65.2
65.2
65.2
65.2
65.2
65.1
65.2
65.2
65.1
65.1
65.1
65.3
65.2
65.3
65.3
65.3
65.7
66.0
66.4
66.4
66.2
66.1
66.0
65.9
65.8
65.7
65.7
65.6
65.5
65.5
65.6
65.6
65.6
65.5
65.4
65.4
65.3
65.4
65.3
65.3
65.3
65.2
65.2
65.2
65.2
65.2
65.2
65.2
65.1
65.2
65.1
65.1
65.1
65.2
65.2
65.2
65.2
65.1
65.1
65.2
65.1
65.2
65.1
65.1
65.1
65.1
65.1
65.2
65.2
65.1
65.1
65.3
65.2
65.2
65.2
65.2
65.2
65.2
65.1
65.4
65.7
65.8
65.7
65.6
65.6
65.5
65.4
65.4
65.4
65.4
65.3
65.3
65.3
65.3
65.3
65.2
65.2
65.2
65.2
65.2
65.1
65.2
65.1
65.2
65.2
65.2
65.2
65.2
65.2
65.1
65.2
65.1
65.1
65.1
65.1
65.2
75.0
65.5
65.4
65.4
65.4
65.3
65.3
65.2
65.2
65.3
65.2
65.3
65.3
65.3
65.3
65.3
65.2
65.2
65.2
65.2
65.3
65.8
66.1
66.4
66.3
66.2
66.0
66.1
66.0
65.9
65.8
65.7
65.7
65.6
65.5
65.5
65.4
65.4
65.4
65.3
65.3
65.3
65.3
65.2
65.3
65.3
65.3
65.3
65.3
65.4
65.4
65.3
65.3
65.3
65.3
65.3
65.3
65.2
65.2
65.2
65.2
65.3
65.3
65.3
65.3
65.2
65.2
65.2
65.1
65.2
65.1
65.2
65.2
65.2
65.2
65.2
65.3
73.6
66.9
66.6
66.4
66.3
66.1
66.0
66.0
65.9
65.8
65.7
65.6
65.6
65.5
65.4
65.4
65.4
65.4
65.3
65.4
65.4
65.3
65.3
65.3
65.2
65.3
65.2
65.2
65.2
65.2
65.1
65.2
65.2
65.2
65.2
65.2
65.2
65.2
65.2
65.2
65.2
65.1
65.1
65.2
65.1
65.1
65.2
65.2
65.1
65.3
65.3
65.2
65.2
65.2
65.2
65.2
65.1
65.2
65.2
65.1
65.1
65.1
65.1
65.3
65.7
65.8
65.7
66.1
66.6
66.4
66.3
66.2
66.0
65.9
65.8
65.7
65.6
65.6
65.5
65.5
65.4
65.4
65.4
65.3
65.3
65.3
65.3
65.2
65.4
65.3
65.3
65.2
70.7
65.3
65.2
65.2
65.2
65.2
65.2
65.2
65.3
65.2
65.2
65.3
65.3
65.2
65.2
65.3
65.3
65.3
65.3
65.2
65.4
65.3
65.3
65.5
65.5
65.5
65.6
65.5
65.5
65.4
65.4
65.4
65.4
65.4
65.3
65.3
65.3
65.3
65.3
65.3
65.2
65.2
65.2
65.2
65.2
65.2
65.2
65.2
65.2
65.2
65.2
65.2
65.3
65.3
65.3
65.3
65.2
65.3
65.2
65.2
65.2
65.2
65.2
65.2
65.2
65.2
65.2
65.2
65.2
65.1
65.1
65.1
65.2
65.1
65.1
65.2
65.1
65.1
65.1
65.1
65.2
65.2
65.1
65.1
65.1
65.2
65.2
65.2
65.2
65.1
65.2
65.5
65.9
66.3
66.3
66.2
66.1
66.1
66.0
65.9
65.8
65.7
65.6
65.6
65.5
65.4
65.4
65.3
65.3
65.3
65.4
65.4
65.3
65.3
65.2
65.2
65.2
65.2
65.2
65.2
65.2
65.2
65.2
65.2
65.1
65.1
65.2
65.2
65.2
65.2
65.1
65.2
65.2
65.1
65.1
65.1
65.1
65.1
65.1
65.1
65.1
65.2
65.2
65.3
65.2
65.2
65.2
65.2
65.2
65.1
65.2
65.1
65.2
65.2
65.1
65.1
65.1
65.2
65.1
65.1
65.1
65.1
65.1
65.1
65.1
65.1
65.1
65.0
65.1
65.1
65.0
65.6
65.5
65.5
65.4
65.4
65.4
65.4
65.4
65.3
65.3
65.3
65.3
65.3
65.2
65.2
65.2
65.3
65.2
65.2
65.2
65.2
65.2
65.2
65.3
65.3
65.2
65.2
65.2
65.2
65.2
65.2
65.2
65.2
65.2
65.2
65.2
65.2
65.2
65.2
65.2
65.3
65.7
66.0
66.4
66.2
66.1
66.0
65.9
65.8
65.8
65.7
65.6
65.6
65.6
65.6
65.5
65.5
65.4
65.4
65.3
65.3
65.3
65.3
65.2
65.2
65.2
65.5
65.5
65.5
65.4
65.4
65.4
65.4
65.4
65.4
65.3
65.3
65.3
65.2
65.2
65.2
65.2
65.2
65.2
65.1
65.1
65.1
65.1
65.1
65.1
65.1
65.1
65.1
65.1
65.1
65.2
65.1
65.1
65.3
65.3
65.3
65.3
65.3
65.3
65.3
65.3
65.2
65.2
65.2
65.2
65.2
65.2
65.2
65.2
65.1
65.2
65.1
65.2
65.1
65.1
65.2
65.1
65.1
65.1
65.1
65.2
65.2
65.1
65.1
65.2
65.2
65.2
65.1
65.1
65.1
65.1
65.1
65.2
65.7
65.9
65.8
65.8
65.6
65.6
65.5
65.5
65.4
65.4
65.3
65.3
65.2
65.3
65.2
65.2
65.2
65.2
65.3
65.2
65.2
65.3
65.7
66.2
66.5
66.3
66.2
66.1
65.9
65.9
65.8
65.7
65.7
65.6
65.5
65.5
65.4
65.4
65.4
65.3
65.3
65.3
65.2
65.2
65.2
65.2
65.2
65.2
65.2
65.1
65.1
65.2
65.3
65.3
65.4
65.3
65.3
65.3
65.2
65.2
65.2
65.2
65.2
65.3
65.2
65.3
65.4
65.3
65.3
65.3
65.3
65.3
65.3
65.3
65.2
65.2
65.2
65.2
65.2
65.1
65.2
65.1
65.2
65.3
65.3
65.3
65.2
65.4
65.3
65.3
65.3
65.2
65.2
65.2
65.2
65.1
65.2
65.2
65.2
65.2
65.2
65.2
65.2
65.2
65.2
65.2
65.2
65.1
65.2
65.1
65.1
65.2
65.2
