5.6
14.6
14.6
14.6
14.6
14.6
14.5
14.5
14.5
14.5
14.5
14.6
14.6
14.6
14.7
14.7
14.7
14.7
14.7
14.7
14.7
14.7
14.7
14.7
14.7
14.7
14.7
14.7
14.7
14.7
14.7
14.7
14.7
14.7
14.7
14.7
14.7
14.7
14.7
14.7
14.7
14.7
14.7
14.7
14.7
14.7
14.7
14.7
14.7
14.7
14.7
14.7
14.7
14.7
14.7
14.8
14.8
14.8
14.8
14.8
14.8
14.8
14.8
14.9
14.8
14.8
14.9
14.9
14.9
14.9
14.8
14.8
14.8
14.9
14.8
14.9
14.8
14.9
14.9
14.9
14.9
14.8
14.9
14.8
14.8
14.9
14.8
14.8
14.9
14.8
14.8
14.8
14.9
14.8
14.8
14.8
14.9
14.8
14.8
14.9
14.9
14.8
14.8
14.8
14.9
14.9
14.8
14.9
14.9
14.9
14.9
14.9
14.9
14.8
14.8
14.9
14.9
14.9
14.9
14.9
14.9
14.9
14.9
14.9
14.9
14.9
14.9
14.9
14.9
14.9
14.9
14.9
14.9
14.9
15.0
15.0
15.0
14.9
14.9
14.9
14.9
14.9
14.9
14.9
14.9
14.9
14.9
14.9
14.9
14.9
14.9
14.9
14.9
14.9
14.9
14.9
14.9
14.9
14.9
14.9
15.0
15.0
14.9
15.0
15.0
15.0
15.0
14.9
14.9
14.9
14.9
14.9
14.9
14.9
14.9
14.9
14.9
14.9
14.9
14.9
14.9
14.9
14.9
14.9
14.9
14.9
14.9
14.9
14.9
14.9
14.9
14.9
14.9
14.9
14.9
14.9
14.9
14.9
14.8
14.9
14.9
14.8
14.8
14.9
14.9
14.8
14.8
14.9
14.8
14.8
14.8
14.8
14.9
14.9
14.8
14.8
14.9
14.9
14.8
14.8
14.9
14.8
14.8
14.9
14.9
14.8
14.8
14.8
14.8
14.9
14.8
14.9
14.9
14.8
14.9
14.9
14.9
14.9
14.9
14.9
14.9
14.9
14.9
14.9
14.9
14.9
14.9
14.9
14.9
14.9
14.9
14.9
14.8
14.9
14.9
14.9
14.9
14.9
14.9
14.9
14.9
14.9
14.9
14.9
14.9
14.9
14.9
14.9
14.9
14.9
14.9
14.9
14.9
14.9
14.9
14.9
14.9
14.9
14.9
14.9
14.9
14.9
14.9
14.9
14.9
14.9
14.9
14.9
14.9
14.9
14.9
14.9
14.9
14.9
14.9
14.9
14.9
14.9
14.9
14.9
14.9
