5.8
13.2
13.7
13.3
13.2
12.9
13.4
13.8
14.3
14.8
15.3
15.7
16.1
16.4
16.7
17.0
17.3
17.5
17.7
17.9
18.1
18.2
18.3
18.4
18.5
18.6
18.6
18.7
18.7
18.8
18.8
18.8
18.9
18.9
18.9
19.0
19.0
19.0
19.1
19.1
19.2
19.1
19.1
19.1
19.1
19.2
19.2
19.3
19.2
19.2
19.2
19.2
19.2
19.2
19.3
19.3
19.3
19.3
19.3
19.2
19.2
19.2
19.3
19.3
19.3
19.3
19.3
19.3
19.3
19.3
19.3
19.2
19.1
19.0
19.0
18.9
18.9
18.8
18.8
18.8
18.7
18.7
18.7
18.6
18.6
18.6
18.7
18.6
18.6
18.6
18.5
18.5
18.4
18.5
18.5
18.4
18.4
18.4
18.4
18.4
18.4
18.3
18.4
18.4
18.4
18.4
18.4
18.5
18.5
18.5
18.5
18.5
18.7
19.0
19.3
19.4
19.3
19.3
19.4
19.4
19.4
19.4
19.5
19.6
19.6
19.7
19.8
19.8
19.9
20.0
19.9
19.9
19.9
19.7
19.5
19.4
19.3
19.2
19.1
19.0
19.0
18.9
18.8
18.8
18.8
18.7
18.6
18.6
18.5
18.5
18.4
18.4
18.4
18.4
18.4
18.4
18.4
18.5
18.5
18.5
18.5
18.4
18.4
18.3
18.4
18.4
18.4
18.4
18.3
18.3
18.4
18.4
18.4
18.3
18.4
18.4
18.3
18.4
18.4
18.4
18.3
18.4
18.3
18.4
18.4
18.4
18.4
18.4
18.4
18.4
18.4
18.5
18.5
18.4
18.4
18.5
18.5
18.5
18.4
18.4
18.4
18.4
18.4
18.4
18.4
18.4
18.4
18.4
18.3
18.3
18.3
18.3
18.4
18.4
18.4
18.3
18.3
18.3
18.3
18.3
18.4
18.4
18.4
18.3
18.3
18.3
18.4
18.4
18.4
18.4
18.4
18.3
18.3
18.2
18.2
18.1
18.2
18.2
18.1
18.1
18.2
18.2
18.2
18.2
18.2
18.2
18.2
18.3
18.3
18.3
18.3
18.2
18.3
18.2
18.2
18.2
18.2
18.2
18.2
18.2
18.2
18.2
18.2
18.2
18.3
18.3
18.3
18.3
18.3
18.2
18.2
18.3
18.3
18.3
18.3
18.3
18.3
18.4
18.4
18.4
18.4
18.4
18.4
18.3
18.3
18.3
18.3
18.3
18.3
18.3
18.3
18.4
18.4
18.4
18.4
18.4
18.3
18.4
18.4
18.4
18.3
18.3
18.3
18.2
18.3
18.3
18.3
18.3
18.2
18.2
18.2
18.3
18.3
18.3
18.3
18.3
18.3
18.3
18.3
18.3
18.3
18.3
18.3
18.3
18.3
18.3
18.2
18.2
18.2
18.2
18.2
18.2
18.3
18.2
18.2
18.2
18.2
18.2
18.2
18.2
18.2
18.2
18.2
18.2
18.3
18.3
18.3
18.2
18.3
18.3
18.3
18.3
18.3
18.3
18.3
18.3
18.2
18.3
18.3
18.2
18.2
18.2
18.2
18.2
18.2
18.2
18.2
18.2
18.2
18.2
18.1
18.1
18.1
18.1
18.1
18.1
18.1
18.1
18.1
18.1
18.1
18.1
18.2
18.1
18.1
18.1
18.2
18.1
18.1
18.2
18.2
18.2
18.2
18.2
18.3
18.2
18.3
18.2
18.3
18.3
18.3
18.3
18.3
18.3
18.3
18.3
18.4
18.3
18.3
18.3
18.3
18.3
18.3
18.3
18.3
18.3
18.3
18.2
18.2
18.2
18.3
18.3
18.2
18.3
18.3
18.3
18.3
18.3
18.3
18.3
18.2
18.3
18.3
18.2
18.2
18.2
18.3
18.3
18.3
18.3
18.3
18.3
18.3
18.3
18.3
18.3
18.2
18.2
18.2
18.2
18.1
18.2
18.2
18.1
18.2
18.1
18.2
18.1
18.2
18.2
18.2
18.2
18.2
18.3
18.3
18.3
18.3
18.2
18.3
18.2
18.3
18.2
18.3
18.3
18.2
18.3
18.3
18.3
18.3
18.3
18.3
18.3
18.4
18.3
18.3
18.3
18.3
18.3
18.2
18.3
18.4
18.3
18.3
18.3
18.2
18.3
18.3
18.3
18.3
18.3
18.2
18.2
18.2
18.1
18.1
18.1
18.1
18.2
18.1
18.1
18.2
18.1
18.1
18.1
18.1
18.1
18.2
18.2
18.2
18.3
18.3
18.2
18.2
18.3
18.2
18.2
18.1
18.1
18.1
18.1
18.0
18.1
18.1
18.1
18.1
18.1
18.1
18.2
18.2
18.2
18.1
18.2
18.1
18.1
18.1
18.0
18.0
18.1
18.1
18.1
18.1
18.1
18.0
18.1
18.1
18.2
18.2
18.2
18.2
18.2
18.1
18.1
18.1
18.1
18.0
18.0
18.0
18.0
18.1
18.0
18.1
18.1
18.1
18.1
18.0
18.1
18.0
18.0
18.0
18.0
18.0
18.0
18.1
18.1
18.1
18.1
18.1
18.1
18.1
18.1
18.2
18.2
18.2
18.3
18.3
18.3
18.3
18.3
18.2
18.2
18.3
18.3
18.3
18.4
18.3
18.4
18.4
18.3
18.3
18.3
18.3
18.3
18.3
18.4
18.4
18.4
18.4
18.5
18.5
18.5
18.4
18.5
18.4
18.4
18.3
18.3
18.3
18.3
18.2
18.2
18.2
18.3
18.2
18.2
18.2
18.2
18.2
18.2
18.3
18.3
18.2
18.2
18.1
18.2
18.1
18.2
18.2
18.2
18.2
18.2
18.1
18.2
18.1
18.1
18.1
18.1
18.2
18.1
18.1
18.1
18.1
18.1
18.2
18.2
18.1
18.2
18.2
18.2
18.2
18.2
18.2
18.2
18.3
18.2
18.2
18.2
18.3
18.3
18.3
18.3
18.2
18.3
18.3
18.2
18.2
18.2
18.2
18.2
18.1
18.2
18.2
18.2
18.2
18.2
18.2
18.2
18.2
18.2
18.2
18.1
18.1
18.1
18.1
18.3
18.2
18.2
18.2
18.2
18.2
18.1
18.1
18.2
18.1
18.1
18.1
18.1
18.1
18.1
18.1
18.1
18.1
18.1
18.0
18.0
18.1
18.1
18.1
18.1
18.1
18.1
18.1
18.2
18.2
18.2
18.2
18.2
18.2
18.2
18.2
18.2
18.3
18.3
18.3
18.2
18.2
18.3
18.2
18.2
18.2
18.2
18.2
18.3
18.3
18.3
18.3
18.3
18.3
18.4
18.4
18.4
18.4
18.4
18.4
18.4
18.4
18.4
18.4
18.4
18.4
18.4
18.4
18.4
18.4
18.3
18.3
18.2
18.3
18.2
18.2
18.2
18.2
18.2
18.3
18.3
18.2
18.2
18.2
18.2
18.1
18.1
18.1
18.2
18.3
18.3
18.3
18.3
18.4
18.3
18.3
18.3
18.3
18.2
18.2
18.2
18.2
18.2
18.2
18.2
18.2
18.2
18.2
18.2
18.3
18.3
18.3
18.3
18.3
18.3
18.3
18.3
18.3
18.3
18.2
18.2
18.3
18.3
18.4
18.3
18.3
18.3
18.3
18.3
18.3
18.2
18.3
18.3
18.3
18.3
18.3
18.3
18.3
18.4
18.4
18.4
18.4
18.4
18.4
18.3
18.4
18.4
18.4
18.3
18.3
18.3
18.3
18.3
18.3
18.3
18.2
18.2
18.3
18.2
18.2
18.2
18.2
18.2
18.2
18.2
18.1
18.2
18.2
18.2
18.2
18.2
18.2
18.2
18.2
18.2
18.2
18.1
18.1
18.1
18.1
18.1
18.1
18.1
18.0
18.0
18.0
18.1
18.1
18.1
18.1
18.1
18.0
18.1
18.1
18.2
18.1
18.1
18.1
18.1
18.1
18.1
18.1
18.1
18.1
18.2
18.3
18.2
18.2
18.2
18.2
18.2
18.1
18.2
18.2
18.2
18.2
18.2
18.2
18.2
18.2
18.2
18.2
18.1
18.2
18.2
18.2
18.1
18.2
18.2
18.2
18.3
18.3
18.3
18.3
18.3
18.3
18.3
18.3
18.2
18.2
18.2
18.2
18.2
18.2
18.2
18.3
18.3
18.3
18.3
18.3
18.3
18.3
18.3
18.3
18.3
18.2
18.3
18.3
18.3
18.3
18.3
18.3
18.3
18.3
18.3
18.3
18.3
18.3
18.2
18.3
18.4
18.3
18.3
18.3
18.4
18.4
18.4
18.4
18.5
18.4
18.4
18.4
18.4
18.4
18.3
18.3
18.3
18.3
18.4
18.3
18.3
18.3
18.3
18.3
18.3
18.3
18.2
18.2
18.2
18.2
18.2
18.2
18.2
18.2
18.1
18.1
18.1
18.0
18.1
18.0
18.0
18.1
18.1
18.1
18.0
18.0
18.1
18.1
18.1
18.1
18.0
18.1
18.1
18.1
18.1
18.1
18.1
18.1
18.2
18.1
18.2
18.1
18.2
18.1
18.1
18.1
18.1
18.0
18.1
18.1
18.0
18.0
18.0
18.1
18.1
18.1
18.1
18.1
18.1
18.1
18.1
18.0
18.0
18.1
18.1
18.1
18.0
18.0
18.0
18.0
17.9
18.0
18.0
18.1
18.0
18.0
18.0
18.1
18.0
18.1
18.1
18.1
18.0
18.1
18.1
18.1
18.2
18.2
18.2
18.1
18.2
18.1
18.1
18.1
18.1
18.1
18.2
18.2
18.2
18.2
18.2
18.2
18.2
18.1
18.1
18.1
18.1
18.1
18.1
18.1
18.2
18.1
18.1
18.1
18.2
18.1
18.1
18.2
18.2
18.1
18.2
18.1
18.1
18.1
18.2
18.2
18.1
18.1
18.2
18.2
18.1
18.2
18.2
18.3
18.3
18.2
18.2
18.1
18.1
18.1
18.0
18.0
18.0
18.1
18.0
18.0
18.0
18.0
18.1
18.1
18.0
18.0
18.1
18.1
18.1
18.2
18.1
18.1
18.1
18.1
18.1
18.1
18.1
18.2
18.1
18.2
18.1
18.1
18.1
18.1
18.1
18.0
18.0
18.1
18.1
18.2
18.1
18.1
18.1
18.2
18.1
18.1
18.1
18.1
18.1
18.1
18.2
18.1
18.1
18.1
18.2
18.1
18.1
18.2
18.2
18.2
18.1
18.1
18.2
18.2
18.1
18.1
18.0
18.1
18.2
18.2
18.1
18.2
18.2
18.3
18.3
18.3
18.3
18.3
18.3
18.3
18.2
18.3
18.2
18.2
18.2
18.2
18.2
18.2
18.2
18.2
18.2
18.2
18.2
18.2
18.2
18.1
18.1
18.2
18.2
18.2
18.1
18.2
18.2
18.2
18.2
18.3
18.3
18.3
18.3
18.3
18.2
18.3
18.3
18.2
18.3
18.3
18.2
18.3
18.2
18.3
18.3
18.2
18.3
18.3
18.3
18.3
18.3
18.3
18.2
18.3
18.3
18.3
18.2
18.2
18.2
18.1
18.2
18.1
18.2
18.2
18.3
18.2
18.2
18.2
18.2
18.1
18.2
18.2
18.2
18.2
18.2
18.3
18.3
18.2
18.2
18.2
18.2
18.2
18.2
18.1
18.2
18.3
18.2
18.2
18.2
18.3
18.2
18.3
18.2
18.2
18.2
18.2
18.2
18.2
18.2
18.1
18.2
18.2
18.1
18.2
18.1
18.2
18.3
18.2
18.2
18.1
18.2
18.1
18.1
18.1
18.1
18.1
18.1
18.1
18.1
18.2
18.2
18.1
18.2
18.2
18.2
18.1
18.1
18.1
18.1
18.1
18.2
18.1
