58.0
58.2
58.5
58.7
58.9
59.1
59.2
59.4
59.6
59.7
60.0
60.1
60.1
60.2
60.2
60.3
60.3
60.5
60.4
60.4
60.4
60.4
60.4
60.4
60.5
60.4
60.4
60.4
60.3
60.4
60.5
60.6
60.5
60.6
60.5
60.5
60.5
60.5
60.5
60.5
60.5
60.5
60.5
60.5
60.4
60.4
60.4
60.4
60.3
60.3
60.3
60.3
60.3
60.4
60.4
60.5
60.7
60.6
60.6
60.6
60.6
60.6
60.6
60.7
60.8
60.7
61.2
61.2
61.2
61.0
61.0
60.9
60.8
60.8
60.8
60.7
60.7
60.7
60.6
60.7
60.7
60.6
60.7
60.6
61.1
61.4
61.3
61.3
61.1
61.1
61.1
61.0
60.9
60.9
60.8
60.8
60.8
60.8
61.0
61.0
61.1
61.0
61.0
61.0
60.9
60.9
60.9
60.9
60.8
60.8
60.9
60.8
60.8
60.8
61.0
61.0
60.9
60.9
60.9
60.9
60.9
60.9
60.9
60.8
60.9
61.2
61.2
61.2
61.1
61.0
60.9
60.9
60.8
60.8
60.8
60.8
60.9
60.9
61.0
61.0
60.9
60.9
61.2
61.2
61.2
61.2
61.1
61.0
61.0
61.0
60.9
60.8
60.7
60.7
60.7
60.7
60.7
60.7
60.7
60.9
61.1
61.0
60.9
60.9
60.8
60.8
60.8
60.8
60.8
60.8
60.8
60.8
60.8
60.9
60.8
60.8
60.9
60.9
61.0
60.9
60.9
60.9
60.9
60.9
60.8
60.8
60.7
60.7
60.7
60.7
60.7
60.7
60.7
60.7
60.6
60.7
60.7
60.7
60.7
60.7
60.6
60.6
60.6
60.7
60.7
60.8
60.9
60.9
60.9
61.0
61.0
60.9
60.9
60.9
60.9
60.9
60.9
60.9
61.1
61.0
61.0
60.9
60.9
61.0
61.0
61.1
61.0
61.0
60.9
60.9
60.9
60.8
60.8
60.8
60.8
60.7
60.8
60.9
60.8
60.7
60.7
61.1
61.0
61.1
61.0
61.6
61.5
61.5
61.4
61.4
61.4
61.4
61.2
61.2
61.2
61.1
61.1
61.1
61.1
61.1
61.1
61.0
61.0
61.5
61.8
62.1
