43.4
61.6
61.7
61.6
61.6
61.6
61.7
61.7
61.6
61.9
61.8
61.8
61.9
61.8
61.8
61.9
61.8
61.8
61.8
61.8
61.8
62.3
62.2
62.2
67.8
62.1
62.1
62.1
62.0
61.9
61.9
61.9
61.9
62.0
62.0
62.0
62.0
62.0
62.0
62.1
62.0
62.1
62.4
62.8
63.1
63.4
63.2
63.0
62.9
62.8
62.7
62.6
62.5
62.4
62.3
62.3
62.2
62.1
62.1
62.1
62.1
62.2
62.1
62.2
62.2
62.1
62.2
62.1
62.1
62.1
62.1
62.0
62.1
62.0
62.0
62.0
62.0
62.0
62.0
61.9
61.9
62.0
62.0
62.0
62.0
62.0
62.0
62.0
61.9
62.0
62.0
62.0
62.0
62.0
62.0
62.1
62.1
62.1
62.1
62.5
62.4
62.4
62.3
62.3
62.3
62.3
62.2
62.2
62.3
62.2
62.2
62.2
62.1
62.1
62.1
62.1
62.1
62.1
62.0
62.0
62.2
62.1
62.1
62.1
62.1
62.1
62.1
62.1
62.1
62.1
62.1
62.1
62.1
62.1
62.1
62.1
62.1
62.1
62.1
62.1
62.1
62.0
62.0
62.0
62.1
62.0
62.0
62.0
62.0
62.0
62.0
62.0
62.0
62.0
62.1
62.1
62.1
62.1
62.1
62.1
62.1
62.1
62.1
62.2
62.2
62.2
62.2
62.2
62.2
62.2
62.2
62.2
62.1
62.1
62.1
62.2
62.2
62.2
62.1
62.1
62.1
62.1
62.2
62.2
62.2
62.2
62.1
62.1
62.0
62.1
62.0
67.8
67.3
62.1
62.1
62.1
62.1
62.1
62.2
62.2
67.4
67.1
61.7
61.7
61.8
61.8
61.8
61.8
61.8
61.9
61.9
61.9
61.9
62.0
62.0
62.0
61.9
62.0
62.0
62.0
62.0
62.0
62.0
62.0
62.0
62.0
62.0
62.0
62.0
62.0
62.0
62.0
61.9
62.0
61.9
61.9
61.9
61.9
61.9
61.9
61.9
62.0
61.9
62.1
62.1
62.1
62.1
62.1
62.1
62.1
62.1
62.1
62.3
62.2
62.2
62.2
62.2
62.1
62.2
62.3
62.2
62.2
62.2
62.1
62.1
62.1
62.1
62.2
62.1
62.1
62.1
62.2
62.2
62.2
62.1
62.1
62.1
62.0
62.1
62.1
62.0
62.0
62.1
62.5
62.9
62.8
62.7
62.6
62.7
62.6
62.6
62.5
62.4
62.3
62.3
62.3
62.2
62.2
62.1
62.1
62.1
62.0
62.1
62.4
62.3
62.3
62.2
62.3
62.2
62.2
62.2
62.2
62.3
62.3
62.2
62.1
62.2
62.1
62.1
62.1
62.1
62.1
62.7
62.9
62.8
62.7
62.6
62.5
62.5
62.4
62.4
62.5
62.4
62.5
62.5
62.5
62.4
62.5
62.5
62.5
62.4
62.4
62.4
62.6
62.6
62.5
62.5
62.4
