ackermann-function:  11,017,459.8 996,883.2 1,004,140.8 583,824.9 7,598,518.2 3,569,983,438.8 50,274,266,112 219,659,331,081.6 270,573,071,462.4 17,156,313,641,915 25,526,662,237.6 2,372,198.4 1,150,001.6 596,699,947.8
array-concatenation:  224,188.8 217.5 464.4 273,812.4 80,339.6 58,263,988.5 18,030,016.4 887,926.5 4,787,607 565,744,910 1,996,549.1 186,454.8 104,300,851.2 181,716.1
call-an-object-method:  2,063,615,016.5 262.5 262.5 286,156.8 2,460 19,701,319,123.2 8,284,261,753.6 11,306,445,240 61,963,035,526.7 60,292,671,750 5,805,973,785.6 41,349,657.6 1,059,606 267.5
classes:  1,094.4 1.9 257.5 195 0 18,080 73,125,000 205,054.1 10,150,545.6 75,500,671.2 369,096 947.2 4,118.4 278,113.1
concurrent-computing:  1,085,335,402.9 1,992,320 1,976,302,615,838.4 4,187,610 -1 70,906,347,907.2 68,982,792,881,184 -1 84,314,371,711.7 -1 90,349,437,490 620,879,493,283.2 4,690,609,891.2 5,778,319,872
exponentiation-operator:  2,744,548.3 15.6 460.8 6,252.4 19,000 128,998,931.4 24,658,340,075.9 35,217,963 223,749,743,310 242,888,717,280 128,652,375,732.5 0 1,861,380 2,232,785
factorial:  762,429,621.6 29,588,326.8 33,366,633.3 21,610,494.9 338,247,398.4 68,708,882,219.7 3,426,448,503,605.5 5,564,120,155,490 496,523,864,300.4 638,895,741,180.8 2,028,369,802,243.4 36,441,768,961.2 8,809,699.6 236,976,517.5
file-input-output:  14,662,666.8 73,167,170.4 37,885,051.6 9,968,025.6 12,514,850,827.2 5,531,314,476.8 15,060,003.3 13,361,760 16,110,218.3 151,286,457.6 9,558,746.1 8,982,047.2 776,807,966,459.1 96,587,637.1
function-composition:  10,658,327,130 184,418,516.8 137.6 10,658,028,920 10,381,500 2,696,618,798,214.8 9,498,052,777.6 307,593,462.4 832,394,305 8,174,113,830.4 2,147,345,037.2 487,648 3,349,446,651,006.3 -1
huffman-coding:  416,469,816 683,182.5 83,944,634.4 74,951,187.3 314,967,366 122,282,292.8 4,295,004,842 472,359,808 818,785,176.3 31,602,090,144 16,111,504,615.7 893,698,531.2 3,422,555,718.3 16,919,308,633,675
inheritance-multiple:  -1 -1 2,350,292.5 -1 71,389,321,394,488,976 41,822,438.4 3,218,071.2 -1 4,883,716.8 -1 1,729,334.4 -1 4,267,604,111.7 -1
inheritance-single:  2,802,449.8 -1 1,984,000 -1 24,107,687,109.6 52,966,297.5 2,352,470.4 2,373,412.5 2,207,924.5 64,279,920.3 2,337,652.8 -1 5,029,376,247.5 3,033,497.6
json:  26,899,481 10,819,785.6 5,209,748,684.8 114,649,060 5,157,763,200 1,883,120,682,132.5 22,448,000 3,045,250.8 1,532,695,796.1 9,475,253,058.6 3,548,784,261.6 1,752,112.4 1,356,269,524,702.4 8,420,889.6
lzw-compression:  1,167,750 3,121.8 30,658,500 10,084,043.2 23,886.8 844,913,664 39,607,701.4 175,360 10,666,468.8 -1 28,828,742.4 2 11,546,480,256,403.2 1,356,732
numerical-integration:  33,806,298,796,245.2 66,872,525,018.4 257,499,412,437.5 138,154,725,966.2 71,100,882,863,625.6 3,753,763,995,996,525 1,535,873,184,636,436,220 64,415,339,465,799,616 73,342,243,045,615,120 6,355,431,658,270 2,130,702,868,802,355.5 31,632,974,452.8 775,627,913,540,697.1 25,166,187,482,179,620
palindrome-detection:  107,848,365,544.7 94,039,174.4 34,882,751,446.9 452,757,905,070 75,040,909,125 1,758,362,626,283.2 28,711,234,559,207.2 44,061,283,436.8 87,824,216,365.4 24,755,534,110,265.4 79,099,447,530.4 278,948,966,400 26,320,797,303,527.7 32,833,310.1
regular-expressions:  13,866,082.2 186,984 19,308.5 35,281,632 164.8 109,324,462.5 2,510 305 60,131.5 8,560,505.6 2,240 265 28,512,440 4,020,958.1
sorting-algorithms-bubble-sort:  16,447,244.8 72,587,407.5 44,099,174.4 13,516,929.6 195,833,652.8 94,288,268,750 269,912,553,847.2 2,676,253,892,212.8 3,467,807,468,387.5 418,889,384,254,080 1,082,967,159,290.4 50,927,974,560.4 9,101,442,532,950 17,767,428.8
sorting-algorithms-insertion-sort:  8,308,660.5 1,060,312.5 2,597,000 585,313.3 524,447.6 706,272,833.7 58,326,645,311.6 323,858,372,112 10,602,910,802 47,521,845,124,334 27,229,590,172.8 651,862,655.5 6,477,730,432 2,707,345.4
sorting-algorithms-merge-sort:  5,129,026.4 1,273,164 322,250 857.5 225,927,014.4 531,747,480 39,719,689,193 202,208,864,408.1 2,856,657,356.3 7,056,509,866,886.7 9,585,106,473.6 2,803,542,127.2 223,879,315,634.8 13,952,750
sorting-algorithms-quick-sort:  28,037 42,790.8 75,534.6 14,353.2 558,089,601.3 27,834,840 1,360,763,204.8 20,332,996,480 5,671,820,800 62,079,011,773.6 7,687,263,668.8 302,180,602.1 460,451,872,890 329,996,946.6
sorting-algorithms-selection-sort:  2,212,027.5 4,970,775.6 11,927,272.5 744,876 2,968,398.2 2,355,395,765 64,411,423,844.8 563,003,730,976.9 183,806,070,976.2 552,740,720,086.8 682,883,117,600 26,374,290,206.4 3,500,655,583.5 3,810,269.6
synchronous-concurrency:  26,327.7 23,240 23,400 32,573.2 -1 0 153,615 -1 38,934.4 -1 27,959.4 25,680 -1 32,040.8
url-decoding:  1,941,570 2 54 687,827.7 143,822.4 6,002,808,563.2 2,883,988.8 23,681.7 65,200,149.3 119,892,960 141,348,734.1 187,689.6 32,072,915.6 47,244,849.7
url-encoding:  2,500 267.5 161.6 1,292,241.6 74.7 9,262,393.6 54 7.6 65,970 513,763,524,100.8 14,061.6 131.2 1,783,443.2 27,200.8
