ackermann-function: 1.28 0.23 0.24 0 1.11 3.79 4.94 5.58 5.67 7.47 4.64 0.61 0.29 3.01
array-concatenation: 3.01 0 0.33 3.1 2.57 5.43 4.92 3.61 4.34 6.42 3.96 2.93 5.68 2.92
call-an-object-method: 6.9 0 0 3.04 0.97 7.88 7.5 7.63 8.37 8.36 7.34 5.2 3.61 0.01
classes: 2.76 0 2.13 2.01 0 3.98 7.59 5.03 6.73 7.6 5.29 2.7 3.34 5.17
concurrent-computing: 2.74 0 6 0.32 -1 4.55 7.54 -1 4.63 -1 4.66 5.49 3.37 3.46
exponentiation-operator: 5.25 0 1.47 2.6 3.09 6.92 9.2 6.35 10.16 10.19 9.92 0 5.08 5.16
factorial: 1.94 0.53 0.58 0.39 1.58 3.89 5.59 5.8 4.75 4.86 5.36 3.62 0 1.43
file-input-output: 0.21 0.91 0.63 0.05 3.14 2.79 0.22 0.17 0.25 1.23 0.03 0 4.94 1.03
function-composition: 7.89 6.13 0 7.89 4.88 10.29 7.84 6.35 6.78 7.77 7.19 3.55 10.39 -1
huffman-coding: 2.79 0 2.09 2.04 2.66 2.25 3.8 2.84 3.08 4.67 4.37 3.12 3.7 7.39
inheritance-multiple: -1 -1 0.13 -1 10.62 1.38 0.27 -1 0.45 -1 0 -1 3.39 -1
inheritance-single: 0.15 -1 0 -1 4.08 1.43 0.07 0.08 0.05 1.51 0.07 -1 3.4 0.18
json: 1.19 0.79 3.47 1.82 3.47 6.03 1.11 0.24 2.94 3.73 3.31 0 5.89 0.68
lzw-compression: 5.77 3.19 7.19 6.7 4.08 8.63 7.3 4.94 6.73 -1 7.16 0 12.76 5.83
numerical-integration: 3.03 0.33 0.91 0.64 3.35 5.07 7.69 6.31 6.37 2.3 4.83 0 4.39 5.9
palindrome-detection: 3.52 0.46 3.03 4.14 3.36 4.73 5.94 3.13 3.43 5.88 3.38 3.93 5.9 0
regular-expressions: 4.92 3.05 2.07 5.33 0 5.82 1.18 0.27 2.56 4.72 1.13 0.21 5.24 4.39
sorting-algorithms-bubble-sort: 0.09 0.73 0.51 0 1.16 3.84 4.3 5.3 5.41 7.49 4.9 3.58 5.83 0.12
sorting-algorithms-insertion-sort: 1.2 0.31 0.69 0.05 0 3.13 5.05 5.79 4.31 7.96 4.72 3.09 4.09 0.71
sorting-algorithms-merge-sort: 3.78 3.17 2.57 0 5.42 5.79 7.67 8.37 6.52 9.92 7.05 6.51 8.42 4.21
sorting-algorithms-quick-sort: 0.29 0.47 0.72 0 4.59 3.29 4.98 6.15 5.6 6.64 5.73 4.32 7.51 4.36
sorting-algorithms-selection-sort: 0.47 0.82 1.2 0 0.6 3.5 4.94 5.88 5.39 5.87 5.96 4.55 3.67 0.71
synchronous-concurrency: 0.05 0 0 0.15 -1 0 0.82 -1 0.22 -1 0.08 0.04 -1 0.14
url-decoding: 5.99 0 1.43 5.54 4.86 9.48 6.16 4.07 7.51 7.78 7.85 4.97 7.21 7.37
url-encoding: 2.52 1.55 1.33 5.23 0.99 6.09 0.85 0 3.94 10.83 3.27 1.24 5.37 3.55
