ackermann-function: 0.86 0.16 0.16 0 0.75 2.53 3.31 3.73 3.79 4.78 3.1 0.41 0.2 2.02
array-concatenation: 2.07 0 0.25 2.07 1.78 3.68 3.35 2.47 2.96 4.35 2.7 2.01 3.82 2.01
call-an-object-method: 4.64 0 0 2.06 0.67 5.28 4.99 5.13 5.63 5.41 4.94 3.29 2.44 0.01
classes: 1.86 0 1.43 1.31 0 2.68 5.11 3.4 4.53 4.77 3.57 1.79 2.26 3.49
concurrent-computing: 1.36 0 3.94 0.22 -1 3.03 4.79 -1 3.08 -1 3.09 3.65 3.22 2.19
exponentiation-operator: 3.53 0 0.99 1.76 2.09 4.65 6.18 4.28 6.78 6.85 6.66 0 3.42 3.48
factorial: 1.5 0.56 0.61 0.48 1.28 2.82 3.73 4.04 2.92 3.41 3.79 2.63 0 1.17
file-input-output: 0.17 0.62 0.44 0.05 2.11 1.89 0.16 0.12 0.18 0.85 0.02 0 4.26 0.73
function-composition: 5.3 4.12 0 5.14 3.3 6.9 5.27 4.28 4.57 5.23 4.84 2.4 7.97 -1
huffman-coding: 1.87 0 1.41 1.38 1.79 1.51 2.55 1.91 2.07 2.66 2.93 2.09 2.48 4.95
inheritance-multiple: -1 -1 0.08 -1 7.93 0.93 0.18 -1 0.3 -1 0 -1 3.24 -1
inheritance-single: 0.1 -1 0 -1 3.7 0.96 0.05 0.05 0.03 1.01 0.05 -1 3.25 0.12
json: 0.71 0.53 2.32 1.23 3.32 3.91 0.74 0.17 1.97 2.5 2.21 0 4.94 0.46
lzw-compression: 3.89 2.15 4.83 4.52 3.78 5.8 4.92 3.34 4.53 -1 4.82 0 9.56 3.94
numerical-integration: 1.68 0.22 0.61 0.43 3.19 3.92 5.61 4.88 4.4 1.56 2.78 0 2.45 3.35
palindrome-detection: 2.35 0.3 2.02 2.77 2.25 2.77 3.5 2.09 2.29 3.67 2.26 2.19 3.63 0
regular-expressions: 3.29 2.03 1.31 3.57 0 3.89 0.78 0.17 1.7 3.15 0.74 0.11 3.5 2.94
sorting-algorithms-bubble-sort: 0.06 0.48 0.34 0 0.78 2.57 2.81 3.54 3.61 4.85 3.11 2.39 3.73 0.08
sorting-algorithms-insertion-sort: 0.8 0.19 0.46 0.03 0 2.09 3.37 3.87 2.75 5.14 2.97 2.06 2.7 0.47
sorting-algorithms-merge-sort: 2.54 2.12 1.72 0 3.63 3.87 5.13 5.44 3.98 6.53 4.71 4.36 5.58 2.81
sorting-algorithms-quick-sort: 0.18 0.31 0.49 0 3.08 2.2 3.34 4.12 3.75 4.34 3.94 2.9 5 2.93
sorting-algorithms-selection-sort: 0.31 0.54 0.81 0 0.41 2.34 3.3 3.93 3.61 3.93 3.99 3.04 2.35 0.48
synchronous-concurrency: 0.03 0 0 0.11 -1 0 0.58 -1 0.16 -1 0.06 0.04 -1 0.1
url-decoding: 4.03 0 0.95 3.74 3.28 6.36 4.15 2.75 5.04 5.24 5.28 3.35 4.85 4.96
url-encoding: 1.82 1.15 1.03 3.64 0.82 4.21 0.68 0 2.76 7.38 2.31 0.94 3.73 2.51
