ackermann-function: 1.69 0.3 0.31 0 1.48 5.04 6.56 7.42 7.54 10.15 6.18 0.81 0.39 4
array-concatenation: 3.96 0 0.41 4.13 3.36 7.17 6.49 4.75 5.73 8.48 5.22 3.86 7.54 3.84
call-an-object-method: 9.15 0 0 4.02 1.27 10.47 10.01 10.13 11.12 11.31 9.75 7.11 4.78 0.01
classes: 3.66 0 2.83 2.71 0 5.28 10.06 6.67 8.92 10.43 7 3.6 4.42 6.84
concurrent-computing: 4.11 0 8.06 0.43 -1 6.07 10.29 -1 6.18 -1 6.22 7.34 3.53 4.74
exponentiation-operator: 6.96 0 1.95 3.45 4.09 9.18 12.22 8.43 13.53 13.54 13.17 0 6.73 6.83
factorial: 2.38 0.49 0.55 0.3 1.89 4.97 7.45 7.56 6.58 6.31 6.93 4.6 0 1.69
file-input-output: 0.25 1.2 0.81 0.04 4.18 3.69 0.29 0.23 0.33 1.6 0.03 0 5.61 1.33
function-composition: 10.48 8.13 0 10.64 6.45 13.69 10.4 8.42 9 10.32 9.55 4.7 12.81 -1
huffman-coding: 3.7 0 2.77 2.7 3.54 3 5.05 3.77 4.09 6.67 5.81 4.14 4.92 9.84
inheritance-multiple: -1 -1 0.18 -1 13.3 1.84 0.36 -1 0.6 -1 0 -1 3.55 -1
inheritance-single: 0.2 -1 0 -1 4.47 1.89 0.1 0.1 0.06 2.01 0.09 -1 3.56 0.25
json: 1.66 1.05 4.62 2.41 3.61 8.15 1.47 0.31 3.91 4.97 4.4 0 6.84 0.91
lzw-compression: 7.64 4.23 9.54 8.89 4.38 11.45 9.68 6.54 8.92 -1 9.49 0 15.96 7.72
numerical-integration: 4.38 0.43 1.21 0.85 3.52 6.23 9.77 7.74 8.33 3.05 6.87 0 6.33 8.45
palindrome-detection: 4.68 0.61 4.03 5.51 4.47 6.69 8.38 4.17 4.57 8.08 4.51 5.67 8.18 0
regular-expressions: 6.56 4.08 2.83 7.09 0 7.76 1.58 0.36 3.42 6.28 1.53 0.3 6.98 5.84
sorting-algorithms-bubble-sort: 0.11 0.98 0.69 0 1.54 5.12 5.79 7.05 7.21 10.14 6.7 4.76 7.93 0.16
sorting-algorithms-insertion-sort: 1.6 0.42 0.93 0.07 0 4.17 6.72 7.72 5.86 10.78 6.46 4.13 5.48 0.95
sorting-algorithms-merge-sort: 5.02 4.22 3.43 0 7.21 7.71 10.2 11.31 9.07 13.3 9.38 8.67 11.26 5.61
sorting-algorithms-quick-sort: 0.4 0.63 0.96 0 6.1 4.37 6.61 8.18 7.44 8.93 7.52 5.75 10.01 5.79
sorting-algorithms-selection-sort: 0.63 1.11 1.6 0 0.79 4.66 6.57 7.83 7.18 7.81 7.94 6.05 5 0.94
synchronous-concurrency: 0.08 0 0 0.19 -1 0 1.06 -1 0.28 -1 0.1 0.04 -1 0.18
url-decoding: 7.94 0 1.91 7.34 6.44 12.59 8.17 5.4 9.99 10.32 10.42 6.6 9.56 9.78
url-encoding: 3.22 1.94 1.63 6.82 1.17 7.97 1.03 0 5.11 14.28 4.22 1.54 7.01 4.6
