ackermann-function: 4.84 4.14 4.14 3.98 4.73 6.51 7.29 7.71 7.77 8.77 7.09 4.39 4.18 6
array-concatenation: 3.71 1.64 1.89 3.71 3.41 5.32 4.98 4.11 4.6 5.98 4.34 3.65 5.46 3.65
call-an-object-method: 6.36 1.72 1.72 3.78 2.39 7 6.71 6.85 7.35 7.13 6.66 5.01 4.16 1.73
classes: 2.14 0.28 1.71 1.59 0 2.96 5.39 3.68 4.81 5.05 3.85 2.07 2.54 3.77
concurrent-computing: 5.76 4.4 8.33 4.61 -1 7.43 9.19 -1 7.47 -1 7.49 8.04 7.61 6.58
exponentiation-operator: 4.43 0.89 1.89 2.65 2.98 5.54 7.07 5.17 7.67 7.74 7.56 0 4.32 4.37
factorial: 6.05 5.12 5.16 5.03 5.83 7.37 8.28 8.59 7.48 7.96 8.35 7.19 4.55 5.73
file-input-output: 4.93 5.38 5.19 4.81 6.86 6.64 4.92 4.87 4.94 5.6 4.78 4.75 9.02 5.49
function-composition: 6.84 5.66 1.54 6.67 4.84 8.43 6.81 5.82 6.1 6.77 6.38 3.94 9.5 -1
huffman-coding: 5.89 4.02 5.43 5.4 5.81 5.53 6.57 5.93 6.09 6.68 6.96 6.12 6.5 8.97
inheritance-multiple: -1 -1 4.44 -1 12.29 5.29 4.53 -1 4.66 -1 4.36 -1 7.59 -1
inheritance-single: 4.5 -1 4.39 -1 8.09 5.35 4.45 4.45 4.42 5.41 4.44 -1 7.64 4.52
json: 5.02 4.84 6.63 5.53 7.63 8.22 5.05 4.48 6.28 6.81 6.52 4.31 9.24 4.77
lzw-compression: 4.19 2.45 5.13 4.82 4.08 6.1 5.22 3.64 4.83 -1 5.13 0.3 9.86 4.24
numerical-integration: 8.82 7.37 7.76 7.57 10.33 11.07 12.75 12.02 11.54 8.7 9.93 7.14 9.6 10.5
palindrome-detection: 7.51 5.46 7.18 7.92 7.4 7.93 8.66 7.25 7.45 8.83 7.41 7.35 8.79 5.16
regular-expressions: 4.91 3.65 2.92 5.18 1.61 5.5 2.4 1.79 3.32 4.77 2.35 1.72 5.11 4.55
sorting-algorithms-bubble-sort: 4.95 5.38 5.24 4.9 5.68 7.46 7.7 8.44 8.5 9.74 8.01 7.29 8.62 4.98
sorting-algorithms-insertion-sort: 4.75 4.15 4.41 3.98 3.96 6.04 7.33 7.82 6.7 9.09 6.93 6.02 6.66 4.43
sorting-algorithms-merge-sort: 4.62 4.21 3.81 2.09 5.72 5.96 7.22 7.53 6.07 8.62 6.8 6.45 7.66 4.9
sorting-algorithms-quick-sort: 3.09 3.22 3.39 2.9 5.98 5.1 6.24 7.02 6.65 7.24 6.84 5.8 7.91 5.83
sorting-algorithms-selection-sort: 4.37 4.6 4.86 4.05 4.46 6.39 7.36 7.98 7.66 7.99 8.04 7.1 6.4 4.53
synchronous-concurrency: 3.1 3.07 3.07 3.17 -1 0 3.64 -1 3.23 -1 3.12 3.11 -1 3.16
url-decoding: 4.33 0.3 1.26 4.04 3.58 6.66 4.45 3.05 5.34 5.54 5.58 3.65 5.15 5.26
url-encoding: 2.4 1.73 1.61 4.22 1.4 4.78 1.26 0.58 3.34 7.96 2.89 1.52 4.31 3.09
