ackermann-function:  5,784 8,552.4 8,427.6 7,460.2 18,729 3,819,268.2 1,800 710,320.3 9,520,695.2 208,465,318.5 1,476,363.5 18,777.6 7,839.6 84,328.8
array-concatenation:  1,470.5 221.4 1,822.4 3,147.3 32,464.5 675,747.8 124,890 9,851.4 35,325.6 33,223.5 11,663.4 889,986.6 1,753,640.6 674
call-an-object-method:  0 197.4 221 55.9 1,419 194,972.8 1,938,064 96,180 2,493,540 116,707,393.5 269,643 91,822.5 295.2 37.8
classes:  0 0 0 0 6,923.7 0 0 0 307.3 42,796.1 5,301.8 0 295.5 265.4
concurrent-computing:  2,956,870 616.5 2,286,621.5 3,892.2 -1 3,686,764.4 388,182,613.8 27,358,621.6 3,943,041 -1 5,171,181.4 478,817.1 3,426 1,128,621
exponentiation-operator:  833,368.9 18,560.6 24,682 12,686.8 26,071.5 5,263,569.2 239,683,870.8 1,906,256 762,558,569.5 546,945,372 165,303,390 797,954.4 681,145.4 766,138.6
factorial:  13,862.1 57,027.6 51,637.4 43,291.8 133,616.3 14,739,356.1 45,469,871.6 6,069,888 33,876,746.4 407,436,892.4 15,915,290.4 399,684.4 29,653.8 31,815.9
file-input-output:  672,678 2,157,633.7 0 173,144.7 137,424 65,909,660.4 823,587.6 174,141 827,134 9,811,099.5 288,270.4 120,647.2 18,814,742.1 4,926,336
function-composition:  1,510 721,321.2 227,093.6 733,334.6 462,570 187,379,388 235,203,934.5 11,000,973.6 15,877,211.7 91,609,154 33,569,443.1 82,987.3 32,525,456.4 -1
huffman-coding:  52,672.7 2,055 129,883.5 26,553.5 72,746.4 234,905.6 320,532.6 46,939.5 193,215 36,843,853.5 2,291,723 359,559 500,058 49,728,896
inheritance-multiple:  -1 -1 0 -1 4,659,864.2 79,380 1,691.7 -1 1,283.6 -1 377.4 -1 543.4 -1
inheritance-single:  0 -1 0 -1 42,319.2 78,834 1,581.9 0 929.2 30,787.2 381.9 -1 550.1 277.8
json:  13,294.5 14,077.5 1,458,133.6 33,780 15,449.6 53,779,811.1 27,797.7 6,267 536,424 2,246,408.3 736,373 161,236.5 1,565,584 6,158
numerical-integration:  292,769,971.2 3,355,653.6 2,996,236.5 15,545,140 5,301,190.4 -1 6,838,272,083 1,280,633,228.8 273,146,340 65,638,564 136,854,294.5 3,668,164.5 5,365,845,630 5,446,416,262.2
palindrome-detection:  2,248,780.8 34,708.8 3,056,130 1,239,422.4 59,609,395.2 326,058,418.7 306,235,856.3 447,905.2 3,063,877.7 3,567,279,541.2 1,489,566 87,385,400.4 193,379,747.2 36,607.5
regular-expressions:  2,923.9 506,628 1,535,904 8,111,755.2 964.4 153,515.1 125.2 950.8 32,317.3 904,173 1,563 26,657.4 1,106,428 127,341.8
sorting-algorithms-bubble-sort:  9,701.9 36,945 79,738.7 1,650 29,380.2 988,696.8 25,283,749.7 5,598,573.2 4,314,133.5 27,085,914.3 3,958,957.1 531,122.6 223,326,008.1 0
sorting-algorithms-insertion-sort:  4,739.4 1,706.4 10,236.2 227.8 936.4 116,613.2 3,290,080.1 1,201,235.4 3,125,136 12,163,800 1,478,076.6 141,465.6 1,073,715.2 6,070
sorting-algorithms-merge-sort:  2,175.6 2,120.4 2,167.5 0 75,040 278,834 5,638,061.1 2,043,641.6 2,973,910.5 99,852.8 935,919.3 373,003.8 11,904,448.1 6,033
sorting-algorithms-quick-sort:  59.4 207.6 511.2 58.8 191,515.5 29,968.4 597,969.9 205,134.4 612,740.7 4,677,534 669,776.8 62,275.2 20,850,594 29,658.2
sorting-algorithms-selection-sort:  2,776.2 8,257.2 24,932 4,593.6 5,817 259,848.6 8,447,682.6 2,270,973.1 1,109,124.6 9,303,768 7,861,439.5 590,087.4 1,126,428.2 7,174.2
url-decoding:  1,554 656.8 2,643.9 0 246 4,314,773.4 51,680.9 0 36,148.8 7,528,527.6 2,692.5 43.4 7,151.1 1,204.5
url-encoding:  4,365.6 38,047.5 2,223.9 50,889.6 2,614.2 4,715,184 53,194.7 0 22,520.7 20,526,422.2 7,449.2 61.1 149,837.1 5,157.9
