ackermann-function:  57,840 102,628.8 101,131.2 82,062.2 337,122 1,302,370,456.2 10,800 77,424,912.7 3,779,715,994.4 378,781,483,714.5 246,552,704.5 337,996.8 94,075.2 10,372,442.4
array-concatenation:  7,352.5 442.8 7,289.6 28,325.7 746,683.5 72,305,014.6 5,744,940 128,068.2 847,814.4 764,140.5 163,287.6 101,458,472.4 291,104,339.6 2,696
call-an-object-method:  0 394.8 442 55.9 7,095 11,308,422.4 344,975,392 3,847,200 498,708,000 375,214,270,102.5 17,796,438 3,213,787.5 885.6 37.8
classes:  0 0 0 0 62,313.3 0 0 0 307.3 984,310.3 5,301.8 0 295.5 265.4
concurrent-computing:  626,856,440 616.5 217,229,042.5 23,353.2 -1 1,153,957,257.2 1,227,433,424,835.6 17,345,366,094.4 1,253,887,038 -1 796,361,935.6 1,436,451.3 17,130 145,592,109
exponentiation-operator:  99,170,899.1 315,530.2 493,640 177,615.2 547,501.5 1,542,225,775.6 469,301,019,026.4 335,501,056 2,845,106,022,804.5 1,594,892,704,752 338,871,949,500 90,966,801.6 72,201,412.4 90,404,354.8
factorial:  318,828.3 1,767,855.6 1,497,484.6 1,168,878.6 6,279,966.1 9,595,320,821.1 108,809,402,738.8 1,942,364,160 38,653,367,642.4 1,319,280,657,591.2 8,180,459,265.6 32,774,120.8 652,383.6 731,765.7
file-input-output:  36,324,612 222,236,271.1 0 1,558,302.3 32,981,760 55,759,572,698.4 35,414,266.8 1,741,410 33,912,494 3,482,940,322.5 4,612,326.4 965,177.6 5,587,978,403.7 945,856,512
function-composition:  7,550 77,902,689.6 14,079,803.2 86,533,482.8 39,318,450 459,454,259,376 453,708,389,650.5 4,554,403,070.4 7,890,974,214.9 108,373,629,182 24,404,985,133.7 3,070,530.1 23,515,904,977.2 -1
huffman-coding:  1,527,508.3 12,330 5,844,757.5 610,730.5 2,473,377.6 14,564,147.2 44,233,498.8 1,267,366.5 10,626,825 28,185,547,927.5 435,427,370 32,360,310 45,005,220 44,557,090,816
inheritance-multiple:  -1 -1 0 -1 959,932,025.2 2,381,400 5,075.1 -1 2,567.2 -1 377.4 -1 543.4 -1
inheritance-single:  0 -1 0 -1 931,022.4 2,365,020 4,745.7 0 1,858.4 554,169.6 381.9 -1 550.1 277.8
json:  199,417.5 211,162.5 224,552,574.4 844,500 247,193.6 128,910,207,206.7 583,751.7 62,670 49,887,432 429,063,985.3 81,001,030 8,223,061.5 250,493,440 61,580
numerical-integration:  636,481,917,388.8 785,222,942.4 1,303,362,877.5 8,083,472,800 1,553,248,787.2 -1 234,641,629,983,979 8,295,942,056,166.4 4,862,004,852,000 59,402,900,420 2,386,328,333,196.5 898,700,302.5 103,346,186,833,800 259,145,932,171,738.2
palindrome-detection:  431,765,913.6 833,011.2 687,629,250 178,476,825.6 87,268,154,572.8 1,129,140,303,958.1 2,462,442,520,508.3 38,519,847.2 677,116,971.7 113,257,558,153,558.8 232,372,296 246,688,985,329.2 586,327,393,510.4 915,187.5
regular-expressions:  20,467.3 45,596,520 245,744,640 3,780,077,923.2 3,857.6 7,829,270.1 250.4 3,803.2 743,297.9 111,213,279 7,815 559,805.4 150,474,208 5,985,064.6
sorting-algorithms-bubble-sort:  126,124.7 923,625 2,950,331.9 9,900 675,744.6 213,558,508.8 16,965,396,048.7 2,933,652,356.8 3,947,432,152.5 28,413,124,100.7 2,498,101,930.1 75,419,409.2 424,096,089,381.9 0
sorting-algorithms-insertion-sort:  42,654.6 10,238.4 133,070.6 455.6 3,745.6 5,130,980.8 1,503,566,605.7 169,374,191.4 700,030,464 5,352,072,000 227,623,796.4 6,790,348.8 143,877,836.8 60,700
sorting-algorithms-merge-sort:  13,053.6 12,722.4 10,837.5 0 2,626,400 18,960,712 1,697,056,391.1 371,942,771.2 651,286,399.5 92,663,398.4 115,118,073.9 29,094,296.4 5,202,243,819.7 60,330
sorting-algorithms-quick-sort:  59.4 415.2 1,533.6 58.8 10,533,352.5 659,304.8 59,199,020.1 11,897,795.2 60,661,329.3 1,262,934,180 55,591,474.4 1,992,806.4 12,093,344,520 652,480.4
sorting-algorithms-selection-sort:  19,433.4 99,086.4 498,640 41,342.4 58,170 17,150,007.6 3,201,671,705.4 438,297,808.3 342,719,501.4 3,535,431,840 2,790,811,022.5 57,828,565.2 156,573,519.8 78,916.2
url-decoding:  7,770 2,627.2 18,507.3 0 492 1,152,044,497.8 1,498,746.1 0 867,571.2 2,619,927,604.8 13,462.5 43.4 78,662.1 6,022.5
url-encoding:  52,387.2 951,187.5 20,015.1 1,577,577.6 15,685.2 1,301,390,784 1,542,646.3 0 427,893.3 11,720,587,076.2 81,941.2 61.1 7,342,017.9 46,421.1
