ackermann-function:  578,400 1,231,545.6 1,213,574.4 902,684.2 6,068,196 444,108,325,564.2 64,800 8,439,315,484.3 1,500,547,249,776.8 688,245,955,909,246.5 41,174,301,651.5 6,083,942.4 1,128,902.4 1,275,810,415.2
array-concatenation:  36,762.5 885.6 29,158.4 254,931.3 17,173,720.5 7,736,636,562.2 264,267,240 1,664,886.6 20,347,545.6 17,575,231.5 2,286,026.4 11,566,265,853.6 48,323,320,373.6 10,784
call-an-object-method:  0 789.6 884 55.9 35,475 655,888,499.2 61,405,619,776 153,888,000 99,741,600,000 1,206,313,878,379,537.5 1,174,564,908 112,482,562.5 2,656.8 37.8
classes:  0 0 0 0 560,819.7 0 0 0 307.3 22,639,136.9 5,301.8 0 295.5 265.4
concurrent-computing:  132,893,565,280 616.5 20,636,759,037.5 140,119.2 -1 361,188,621,503.6 3,881,144,489,330,167 10,996,962,103,849.6 398,736,078,084 -1 122,639,738,082.4 4,309,353.9 85,650 18,781,382,061
exponentiation-operator:  11,801,336,992.9 5,364,013.4 9,872,800 2,486,612.8 11,497,531.5 451,872,152,250.8 918,891,395,253,691.2 59,048,185,856 10,615,090,571,083,590 4,650,707,127,056,832 694,687,496,475,000 10,370,215,382.4 7,653,349,714.4 10,667,713,866.4
factorial:  7,333,050.9 54,803,523.6 43,427,053.4 31,559,722.2 295,158,406.7 6,246,553,854,536.1 260,380,900,753,948.4 621,556,531,200 44,103,492,479,978.4 4,271,830,769,280,305.5 4,204,756,062,518.4 2,687,477,905.6 14,352,439.2 16,830,611.1
file-input-output:  1,961,529,048 22,890,335,923.3 0 14,024,720.7 7,915,622,400 47,172,598,502,846.4 1,522,813,472.4 17,414,100 1,390,412,254 1,236,443,814,487.5 73,797,222.4 7,721,420.8 1,659,629,585,898.9 181,604,450,304
function-composition:  37,750 8,413,490,476.8 872,947,798.4 10,210,950,970.4 3,342,068,250 1,126,581,843,989,952 875,203,483,635,814.5 1,885,522,871,145.6 3,921,814,184,805.3 128,206,003,322,306 17,742,424,192,199.9 113,609,613.7 17,001,999,298,515.6 -1
huffman-coding:  44,297,740.7 73,980 263,014,087.5 14,046,801.5 84,094,838.4 902,977,126.4 6,104,222,834.4 34,218,895.5 584,475,375 21,561,944,164,537.5 82,731,200,300 2,912,427,900 4,050,469,800 39,923,153,371,136
inheritance-multiple:  -1 -1 0 -1 197,745,997,191.2 71,442,000 15,225.3 -1 5,134.4 -1 377.4 -1 543.4 -1
inheritance-single:  0 -1 0 -1 20,482,492.8 70,950,600 14,237.1 0 3,716.8 9,975,052.8 381.9 -1 550.1 277.8
json:  2,991,262.5 3,167,437.5 34,581,096,457.6 21,112,500 3,955,097.6 308,997,766,674,459.9 12,258,785.7 626,700 4,639,531,176 81,951,221,192.3 8,910,113,300 419,376,136.5 40,078,950,400 615,800
numerical-integration:  1,383,711,688,403,251 183,742,168,521.6 566,962,851,712.5 4,203,405,856,000 455,101,894,649.6 -1 8,051,258,249,640,271,900 53,741,112,639,845,944 86,543,686,365,600,000 53,759,624,880,100 41,610,407,145,947,368 220,181,574,112.5 1,990,447,558,418,988,030 12,330,422,598,663,475,000
palindrome-detection:  82,899,055,411.2 19,992,268.8 154,716,581,250 25,700,662,886.4 127,760,578,294,579.2 3,910,212,872,606,900 19,800,500,307,407,240 3,312,706,859.2 149,642,850,745.7 3,595,814,213,817,338,400 36,250,078,176 696,403,005,584,331.6 1,777,744,657,123,532.8 22,879,687.5
regular-expressions:  143,271.1 4,103,686,800 39,319,142,400 1,761,516,312,211.2 15,430.4 399,292,775.1 500.8 15,212.8 17,095,851.7 13,679,233,317 39,075 11,755,913.4 20,464,492,288 281,298,036.2
sorting-algorithms-bubble-sort:  1,639,621.1 23,090,625 109,162,280.3 59,400 15,542,125.8 46,128,637,900.8 11,383,780,748,677.7 1,537,233,834,963.2 3,611,900,419,537.5 29,805,367,181,634.3 1,576,302,317,893.1 10,709,556,106.4 805,358,473,736,228 0
sorting-algorithms-insertion-sort:  383,891.4 61,430.4 1,729,917.8 911.2 14,982.4 225,763,155.2 687,129,938,804.9 23,881,760,987.4 156,806,823,936 2,354,911,680,000 35,054,064,645.6 325,936,742.4 19,279,630,131.2 607,000
sorting-algorithms-merge-sort:  78,321.6 76,334.4 54,187.5 0 91,924,000 1,289,328,416 510,813,973,721.1 67,693,584,358.4 142,631,721,490.5 85,991,633,715.2 14,159,523,089.7 2,269,355,119.2 2,273,380,549,208.9 603,300
sorting-algorithms-quick-sort:  59.4 830.4 4,600.8 58.8 579,334,387.5 14,504,705.6 5,860,702,989.9 690,072,121.6 6,005,471,600.7 340,992,228,600 4,614,092,375.2 63,769,804.8 7,014,139,821,600 14,354,568.8
sorting-algorithms-selection-sort:  136,033.8 1,189,036.8 9,972,800 372,081.6 581,700 1,131,900,501.6 1,213,433,576,346.6 84,591,477,001.9 105,900,325,932.6 1,343,464,099,200 990,737,912,987.5 5,667,199,389.6 21,763,719,252.2 868,078.2
url-decoding:  38,850 10,508.8 129,551.1 0 984 307,595,880,912.6 43,463,636.9 0 20,821,708.8 911,734,806,470.4 67,312.5 43.4 865,283.1 30,112.5
url-encoding:  628,646.4 23,779,687.5 180,135.9 48,904,905.6 94,111.2 359,183,856,384 44,736,742.7 0 8,129,972.7 6,692,455,220,510.2 901,353.2 61.1 359,758,877.1 417,789.9
