ackermann-function: 2.19 2.94 2.93 2.63 4.54 15.74 0 11.78 16.96 23.09 13.36 4.54 2.86 9.89
array-concatenation: 3.73 0 3.49 5.66 9.87 15.98 12.61 7.54 10.04 9.9 7.86 16.39 17.81 2.5
call-an-object-method: 0 3.04 3.15 0.39 6.84 16.67 21.21 15.22 21.69 31.09 17.25 14.91 4.25 0
classes: 0 0 0 0 7.66 0 0 0 0.15 11.35 2.99 0 0.11 0
concurrent-computing: 19.19 0 17.33 5.43 -1 20.19 29.47 23.6 20.29 -1 19.11 8.85 4.93 17.23
exponentiation-operator: 8.47 0.77 1.38 0 1.53 12.11 19.73 10.08 22.17 21.35 19.45 8.34 8.03 8.36
factorial: 0 2.01 1.78 1.46 3.7 13.66 17.39 11.35 15.61 20.18 13.26 5.9 0.67 0.83
file-input-output: 5.54 7.99 0 0.6 6.93 15.63 5.28 0.81 5.19 11.98 2.26 0 12.28 10.07
function-composition: 0 12.31 10.05 12.51 11.39 24.12 23.87 17.73 18.46 21.95 19.97 8.01 19.93 -1
huffman-coding: 6.39 0 8.18 5.25 7.04 9.41 11.32 6.14 8.97 19.49 13.93 10.58 10.91 20.11
inheritance-multiple: -1 -1 0 -1 20.08 12.15 3.7 -1 2.61 -1 0 -1 0.36 -1
inheritance-single: 0 -1 0 -1 11.21 12.45 3.94 0 2.59 10.49 0.32 -1 0.68 0
json: 1.58 1.64 10.94 3.53 1.86 20.03 2.99 0.02 8.93 11.8 9.58 6.52 11.08 0
numerical-integration: 8.93 0 1.13 3.13 0.91 -1 17.6 12.59 13.06 5.68 12.33 0.18 16.2 18.02
palindrome-detection: 8.33 0 8.95 7.16 15.67 19.09 20.71 5.11 8.92 25.92 7.5 17.37 18.3 0.13
regular-expressions: 5.66 15.92 18.18 21.98 3.43 13.59 0 3.41 10.44 17.12 4.36 10.06 17.53 13.24
sorting-algorithms-bubble-sort: 3.32 5.96 7.52 0 5.57 13.56 19.07 17.07 17.92 20.03 17.09 12.1 23.33 0
sorting-algorithms-insertion-sort: 6.04 4.21 7.55 0 2.8 12.42 20.44 17.08 18.96 21.67 17.47 12.79 16.87 6.5
sorting-algorithms-merge-sort: 0.37 0.34 0 0 7.44 10.08 16.06 14.04 14.78 14.28 12.47 10.64 17.55 2.41
sorting-algorithms-quick-sort: 0.01 2.65 4.36 0 16.1 12.42 18.42 16.28 18.44 22.48 18.18 13.9 25.5 12.41
sorting-algorithms-selection-sort: 0 2.17 4.29 1.01 1.45 9.03 16 13.34 13.57 16.11 15.8 10.64 11.98 1.85
url-decoding: 6.8 5.49 8 0 3.12 22.68 13.82 0 13.08 23.77 7.35 0 9.9 6.54
url-encoding: 9.24 12.87 7.99 13.59 7.34 22.49 13.5 0 11.8 25.42 9.6 0 15.59 8.83
