ackermann-function: 1.68 2.25 2.24 2.03 3.44 11.7 0 8.88 12.77 17.37 10.04 3.44 2.16 6.87
array-concatenation: 2.81 0 2.8 4.16 7.43 12 9.47 5.67 7.56 7.45 5.91 12.34 13.4 1.81
call-an-object-method: 0 2.35 2.46 0.39 5.23 12.61 16.03 11.53 16.4 23.02 13.06 11.35 3.15 0
classes: 0 0 0 0 5.46 0 0 0 0.15 8.22 2.99 0 0.11 0
concurrent-computing: 13.83 0 12.77 3.63 -1 14.44 21.41 17.15 14.53 -1 14.07 7.75 3.32 12.37
exponentiation-operator: 6.32 0.57 1.02 0 1.13 9.07 14.79 7.54 16.59 16.01 14.46 6.24 6.01 6.23
factorial: 0 1.71 1.55 1.3 2.98 10.31 12.74 8.71 11.71 15.24 10.15 4.63 0.72 0.83
file-input-output: 3.63 5.44 0 0.48 3.53 10.96 3.6 0.59 3.56 8.19 1.56 0 8.66 6.89
function-composition: 0 9.24 7.53 9.35 8.56 17.92 17.91 13.31 13.86 16.48 14.99 6.01 14.95 -1
huffman-coding: 4.82 0 6.16 3.9 5.3 7.07 8.19 4.63 6.76 14.64 10.47 7.87 8.2 15.1
inheritance-multiple: -1 -1 0 -1 14.75 8.75 2.6 -1 1.92 -1 0 -1 0.36 -1
inheritance-single: 0 -1 0 -1 8.12 9.05 2.84 0 1.9 7.6 0.32 -1 0.68 0
json: 1.18 1.23 8.2 2.62 1.39 14.55 2.25 0.02 6.7 8.85 7.18 4.89 8.31 0
numerical-integration: 6.7 0 0.51 2.33 0.68 -1 12.61 9.27 8.73 4.33 8.02 0.13 11.79 12.71
palindrome-detection: 6.25 0 6.72 5.37 11.56 14.12 14.9 3.83 6.7 18.73 5.63 12.6 13.46 0.09
regular-expressions: 4.4 12.11 13.8 16.53 2.73 10.35 0 2.72 8 13 3.44 7.71 13.31 10.08
sorting-algorithms-bubble-sort: 2.54 4.54 5.7 0 4.22 9.98 14.35 12.6 12.9 14.87 12.44 8.94 17.57 0
sorting-algorithms-insertion-sort: 4.54 3.11 5.68 0 2.11 9.33 15.01 12.83 14.25 16.28 13.12 9.61 12.66 4.89
sorting-algorithms-merge-sort: 0.19 0.16 0 0 5.49 7.47 11.96 10.44 11 9.05 9.27 7.9 13.08 1.72
sorting-algorithms-quick-sort: 0.01 1.95 3.26 0 12.1 9.32 13.82 12.22 13.85 16.88 13.76 10.43 19.14 9.31
sorting-algorithms-selection-sort: 0 1.63 3.24 0.75 1.1 6.78 12.01 10.02 9.78 12.11 11.87 8 8.99 1.4
url-decoding: 5.19 4.1 6.06 0 2.43 17.09 10.45 0 9.9 17.92 5.74 0 7.5 4.93
url-encoding: 6.75 9.65 5.79 10.16 5.55 16.87 10.14 0 8.85 19.07 7.2 0 11.7 6.63
