10.3
10.3
10.3
10.4
10.4
10.4
10.4
10.4
10.4
10.4
10.4
10.4
10.4
10.4
10.4
10.4
10.4
10.4
10.4
10.4
10.4
10.4
10.5
10.4
10.5
10.4
10.5
10.5
10.5
10.4
10.5
10.4
10.5
10.5
10.5
10.5
10.5
10.5
10.5
10.5
10.6
10.6
10.6
10.6
10.6
10.6
10.6
10.6
10.6
10.6
10.6
10.6
10.6
10.6
10.6
10.6
10.7
10.6
10.6
10.6
10.6
10.6
10.6
10.6
10.6
10.6
10.6
10.6
10.6
10.6
10.6
10.7
10.7
10.8
10.8
10.8
10.8
10.8
10.8
10.8
10.9
10.8
10.9
10.9
10.8
10.8
10.9
10.9
11.0
11.0
11.0
11.0
11.1
11.1
11.1
11.1
11.1
11.1
11.1
11.2
11.1
11.1
11.1
11.1
11.1
11.1
11.2
11.2
11.1
11.1
11.2
11.1
11.1
11.2
11.1
11.1
11.1
11.1
11.0
11.0
11.0
11.0
11.0
10.9
10.9
10.9
10.9
10.9
10.9
10.9
10.9
10.9
10.9
10.9
10.9
10.9
10.9
10.9
10.9
10.9
10.9
10.9
10.8
10.9
10.9
10.8
10.9
10.9
10.9
10.9
11.0
11.0
11.0
11.1
11.1
11.1
11.1
11.1
11.1
11.1
11.1
11.1
11.1
11.1
11.1
11.1
11.1
11.1
11.1
11.2
11.1
11.1
11.1
11.1
11.0
11.0
11.1
11.1
11.0
11.0
11.0
11.0
10.9
10.9
10.9
10.9
10.9
10.9
10.9
10.9
10.9
10.9
10.9
10.9
10.9
10.9
10.8
10.8
10.8
10.9
10.9
10.9
10.9
10.8
10.8
10.9
10.9
10.9
10.9
11.0
11.0
11.0
11.0
11.0
11.0
10.9
11.0
10.9
10.9
10.9
10.9
10.9
