4.7
12.8
12.8
12.8
12.8
12.9
12.9
13.1
13.1
13.2
13.2
13.3
13.3
13.4
13.4
13.5
13.5
13.5
13.5
13.5
13.5
13.5
13.5
13.5
13.6
13.6
13.7
13.8
13.9
13.9
14.0
14.0
14.0
14.0
14.0
14.0
14.0
14.0
14.0
14.1
14.0
14.0
14.0
14.0
14.0
14.0
14.0
13.9
14.0
14.0
14.0
14.0
13.9
14.0
14.0
14.0
14.1
14.1
14.1
14.2
14.1
14.1
14.1
14.1
14.1
14.1
14.1
14.0
14.0
14.0
14.0
14.0
14.0
14.0
14.1
14.0
14.0
14.0
14.0
14.0
14.0
14.0
14.0
14.0
14.0
14.0
14.0
14.1
14.1
14.1
14.0
14.0
14.0
14.0
14.0
14.0
14.0
14.0
14.0
13.9
13.9
14.0
14.0
13.9
13.9
13.9
14.1
14.1
14.1
14.1
14.1
14.0
14.0
14.0
14.0
14.0
14.0
14.0
14.0
14.0
14.0
14.0
14.0
14.0
14.0
14.0
14.0
14.0
14.0
14.0
14.0
14.0
13.9
14.0
13.9
13.9
13.9
14.0
14.0
14.0
14.0
14.0
14.0
14.0
14.1
14.1
14.1
14.1
14.1
14.1
14.1
14.1
14.1
14.1
14.1
14.1
14.1
14.1
14.1
14.1
14.1
14.1
14.1
14.1
14.1
14.1
14.1
14.1
14.1
14.1
14.1
14.1
14.1
14.1
14.1
14.2
14.1
14.1
14.2
14.2
14.2
14.2
14.1
14.1
14.1
14.2
14.2
14.2
14.2
14.1
14.1
14.1
14.1
14.1
14.1
14.1
14.1
14.1
14.2
14.2
14.1
14.2
14.2
14.1
14.1
14.1
14.1
14.2
14.2
14.3
14.3
14.3
14.3
14.3
14.4
14.4
14.4
14.3
14.4
14.4
14.4
14.4
14.4
14.4
14.3
14.3
14.3
14.2
14.2
14.2
14.2
14.2
14.1
14.1
14.1
14.1
14.1
14.1
14.1
14.1
14.1
14.1
14.1
14.1
14.1
14.1
14.1
14.0
14.1
14.1
14.1
14.1
14.1
14.1
14.1
14.0
14.1
14.1
14.1
14.1
14.1
14.1
14.1
14.1
14.1
14.1
14.1
14.1
14.2
14.2
14.2
14.3
14.3
14.3
14.3
14.3
14.3
14.3
14.2
14.2
14.2
14.2
14.2
14.2
14.2
14.2
14.2
14.2
14.2
14.1
14.1
14.1
14.1
14.1
14.2
14.2
14.3
14.2
14.3
14.2
14.2
14.2
14.2
14.2
14.1
14.1
14.1
14.1
14.1
14.2
14.2
14.1
14.1
14.1
14.2
14.1
14.1
14.1
14.1
14.1
14.1
14.1
14.1
14.1
14.1
14.1
14.1
14.1
14.2
14.2
14.2
14.1
14.2
14.2
14.1
14.1
14.1
14.1
14.1
14.1
14.1
14.1
14.1
14.1
14.1
14.2
14.2
14.2
14.2
14.1
14.1
14.1
14.1
14.2
14.2
14.1
14.2
14.1
14.2
14.1
14.1
14.2
14.2
14.1
14.1
14.1
14.1
14.1
14.1
14.1
14.1
14.1
14.1
14.1
14.1
14.1
14.1
14.1
14.1
14.1
14.1
14.1
14.1
14.1
14.1
14.1
14.1
14.2
14.2
14.1
14.1
14.1
14.2
14.2
14.2
14.1
14.2
14.1
14.2
