60.7
68.6
63.0
62.8
62.8
62.9
62.8
62.7
62.6
62.5
63.0
63.0
63.3
63.4
63.2
63.0
62.9
62.8
62.7
62.5
62.5
62.4
62.4
62.5
63.0
62.9
62.8
62.8
62.7
62.6
62.5
62.5
62.4
62.5
62.5
62.4
62.3
62.4
62.3
62.2
62.2
62.2
62.3
62.2
62.3
62.2
62.2
62.1
62.1
62.2
62.3
62.2
62.3
62.2
62.2
62.3
62.3
62.2
62.2
62.3
62.3
62.2
62.2
62.2
62.3
62.2
62.2
62.2
62.2
62.1
62.2
62.2
62.1
62.1
62.1
62.2
62.1
62.5
62.7
62.8
63.0
63.0
63.0
62.9
62.8
62.7
70.7
61.9
61.9
61.9
61.9
61.9
61.9
61.9
61.9
62.0
61.9
62.0
71.9
64.0
63.8
63.5
63.3
63.1
63.1
62.9
62.9
62.8
62.8
62.7
62.9
62.7
62.7
62.6
62.5
62.6
62.5
62.4
62.5
62.4
62.4
62.3
62.4
62.4
62.4
62.3
62.3
62.5
62.5
62.4
62.5
62.4
62.4
62.3
62.2
62.2
62.3
62.2
62.4
62.4
62.4
62.4
62.4
62.4
62.3
62.3
62.3
62.3
62.3
62.2
62.2
71.3
70.7
