4.9
13.3
13.3
13.3
13.4
13.4
13.4
13.4
13.4
13.4
13.5
13.5
13.6
13.5
13.6
13.6
13.6
13.6
13.6
13.6
13.5
13.6
13.7
13.7
13.7
13.7
13.6
13.7
13.7
13.7
13.7
13.7
13.7
13.7
13.8
13.8
13.8
13.9
13.9
13.9
13.9
13.9
13.9
13.9
13.9
13.9
13.9
13.9
13.9
13.9
13.9
13.9
13.9
13.9
13.9
13.9
13.9
13.9
13.9
13.9
14.0
14.0
13.9
13.9
13.9
13.9
13.9
13.9
14.0
14.0
14.1
14.0
14.0
14.0
14.0
14.0
14.0
14.0
14.0
14.0
14.0
14.0
14.0
14.0
14.0
14.0
13.9
14.0
14.0
13.9
13.9
13.9
13.9
13.9
14.0
14.0
14.0
14.0
14.0
14.0
14.0
14.0
14.0
14.0
14.0
14.0
