13.5
13.8
14.2
14.5
14.8
15.0
15.2
15.4
15.6
15.8
16.0
16.1
16.2
16.3
16.4
16.5
16.6
16.6
16.7
16.7
16.7
16.9
16.9
17.0
17.0
17.0
17.1
17.1
17.1
17.1
17.1
17.1
17.2
17.2
17.2
17.2
17.2
17.2
17.2
17.2
17.2
17.2
17.2
17.2
17.2
17.2
17.2
17.2
17.2
17.2
17.3
17.2
17.2
17.2
17.3
17.3
17.3
17.2
17.2
17.2
17.3
17.2
17.2
17.3
17.3
17.2
17.3
17.3
17.2
17.3
17.3
17.3
17.3
17.3
17.3
17.2
17.3
17.3
17.3
17.3
17.2
17.2
17.3
17.3
17.3
17.3
17.3
17.3
17.3
17.3
17.3
17.3
17.2
17.2
17.3
17.3
17.3
17.3
17.3
17.3
17.2
17.2
17.3
17.3
17.3
17.3
17.3
17.3
17.3
17.3
17.3
17.3
17.3
17.3
17.2
17.3
17.3
17.3
17.3
17.3
17.3
17.3
17.3
17.3
17.3
17.3
17.3
17.3
17.3
17.3
17.3
17.2
17.3
17.3
17.3
17.3
17.3
17.3
17.3
17.3
17.3
17.3
17.3
17.3
17.3
17.3
17.3
17.3
17.2
17.3
17.3
17.3
17.3
17.3
17.3
17.3
17.3
17.3
17.3
17.3
17.3
17.2
17.2
17.3
17.3
17.3
17.3
17.2
17.2
17.2
17.2
17.2
17.2
17.2
17.2
17.3
17.3
17.3
17.3
17.2
17.2
17.2
17.2
17.2
17.2
17.2
17.2
17.3
17.3
17.2
17.2
17.2
17.3
17.3
17.2
17.2
17.2
17.2
17.2
17.2
17.2
17.2
17.3
17.3
17.2
17.3
17.3
17.2
17.2
17.2
17.2
17.3
17.3
17.2
17.2
17.2
17.2
17.2
17.2
17.2
17.3
17.3
17.2
17.2
17.3
17.3
17.2
17.2
17.3
17.3
17.3
17.3
17.3
17.3
17.2
17.2
17.3
17.3
17.2
17.3
17.3
17.2
17.2
17.2
17.2
17.2
17.2
17.3
17.3
17.2
17.3
17.3
17.2
17.2
17.2
17.2
17.2
17.3
17.3
17.3
17.3
17.3
17.3
17.2
17.2
17.2
17.2
17.3
17.3
17.2
17.3
17.3
17.2
17.2
17.3
17.3
17.3
17.3
17.2
17.3
17.3
17.2
17.2
17.3
17.3
17.3
17.3
17.3
17.3
17.2
17.2
17.2
17.3
17.3
17.2
17.3
17.3
17.2
17.2
17.2
17.3
17.3
17.3
17.3
17.3
17.3
17.2
17.3
17.3
17.2
17.3
17.3
17.2
17.3
17.3
17.2
17.3
17.3
17.3
17.3
17.2
17.2
17.3
17.3
17.3
17.3
17.3
17.3
17.3
17.3
17.2
17.3
17.3
17.2
17.2
17.2
17.2
17.3
17.3
17.2
17.3
17.3
17.3
17.3
17.2
17.2
17.2
17.3
17.3
17.2
17.2
17.2
17.2
17.3
17.3
17.2
17.2
17.3
17.3
17.2
17.3
17.3
17.2
17.2
17.2
17.2
17.3
17.3
17.2
17.2
17.2
17.2
17.3
17.3
17.3
17.3
17.2
17.2
17.2
17.3
17.3
17.2
17.2
17.2
17.2
17.3
17.3
17.2
17.2
17.3
17.3
17.2
17.2
17.3
17.3
17.2
