12.4
12.6
12.8
13.0
13.2
13.4
13.5
13.6
13.8
13.9
14.1
14.2
14.2
14.3
14.4
14.4
14.5
14.6
14.6
14.6
14.7
14.7
14.7
14.8
14.8
14.8
14.9
14.9
14.9
14.9
14.9
15.0
15.0
15.0
15.0
15.0
15.0
15.0
15.0
15.0
15.0
15.0
15.0
15.1
15.0
15.0
15.1
15.1
15.1
15.0
15.0
15.1
15.1
15.0
15.0
15.1
15.1
15.0
15.0
15.0
15.0
15.0
15.0
15.1
15.0
15.0
15.0
15.0
15.0
15.0
15.0
15.0
15.1
15.1
15.1
15.0
15.0
15.1
15.2
15.4
15.6
15.7
15.9
16.0
16.1
16.2
16.3
16.4
16.5
16.5
16.5
16.6
16.6
16.6
16.5
16.4
16.3
16.2
16.1
16.0
15.8
15.8
15.7
15.6
15.6
15.5
15.4
15.4
15.3
15.3
15.3
15.3
15.2
15.2
15.2
15.2
15.2
15.2
15.2
15.2
15.2
15.2
15.2
15.2
15.2
15.2
15.2
15.2
15.2
15.2
15.2
15.2
15.2
15.2
15.1
15.2
15.2
15.2
15.2
15.1
15.2
15.2
15.2
15.2
15.2
15.2
15.1
15.2
15.2
15.1
15.1
15.2
15.2
15.1
15.1
15.1
15.2
15.2
15.2
15.2
15.2
15.2
15.2
15.2
15.2
15.2
15.2
15.2
15.2
15.1
15.1
15.2
15.2
15.1
15.1
15.2
15.2
15.2
15.2
15.1
15.2
15.2
15.2
15.2
15.2
15.2
15.1
15.2
15.2
15.1
15.1
15.2
15.2
15.1
15.1
15.1
15.2
15.2
15.2
15.2
15.1
15.1
15.2
15.4
15.4
15.3
15.3
15.3
15.3
15.3
15.3
15.2
15.2
15.2
15.2
15.2
15.2
15.2
15.2
15.2
15.2
15.1
15.1
15.1
15.1
15.1
15.1
15.1
15.1
15.1
15.1
15.1
15.1
15.1
15.2
15.1
15.2
15.2
15.1
15.2
15.2
15.2
15.2
15.2
15.1
15.2
15.2
15.1
15.1
15.2
15.2
15.1
15.1
15.2
15.2
15.2
15.2
15.2
15.2
15.1
15.2
15.1
15.1
15.1
15.1
15.1
15.2
15.1
15.1
15.1
15.1
15.1
15.1
15.1
15.1
15.1
15.1
15.1
15.1
15.1
15.1
15.1
15.1
15.1
15.1
15.1
15.2
15.1
15.1
15.1
15.1
15.1
15.1
15.1
15.1
15.1
15.1
15.1
15.1
15.1
15.1
15.1
15.1
15.1
15.1
15.1
15.1
15.1
15.1
15.1
15.1
15.1
15.1
15.1
15.1
15.1
15.1
15.1
15.1
15.1
15.1
15.1
15.1
15.1
15.1
15.1
15.1
15.1
15.1
15.1
15.1
15.1
15.1
15.1
15.1
15.1
15.1
15.1
15.1
15.1
15.1
15.1
15.1
15.1
15.1
15.1
15.1
15.1
15.1
15.1
15.1
15.1
15.1
15.1
15.1
15.1
15.1
15.1
15.1
15.1
15.1
15.1
15.1
15.1
15.1
15.1
15.1
15.1
15.1
15.1
15.1
15.1
15.1
15.1
15.1
15.1
15.1
15.1
15.1
15.1
15.1
15.1
15.1
15.1
15.1
15.1
15.1
15.1
15.1
15.1
15.1
15.1
15.1
15.1
15.1
15.1
15.2
15.1
15.1
15.1
15.1
15.1
15.1
15.1
15.1
15.1
15.1
15.1
15.1
15.1
15.2
15.2
15.1
15.1
15.1
15.1
15.1
15.1
15.1
15.1
15.1
15.1
15.1
15.1
15.1
15.1
15.1
15.1
15.1
15.1
15.1
15.1
15.1
15.1
15.1
15.1
15.1
15.1
15.1
15.1
15.1
15.1
15.1
15.1
15.1
15.1
15.1
15.1
15.1
15.1
15.1
15.1
15.1
15.1
15.1
15.1
15.1
15.1
15.1
15.1
15.1
15.1
15.1
15.1
15.1
15.1
15.1
15.1
15.1
15.1
15.1
15.1
15.1
15.1
15.1
15.1
15.1
15.1
15.1
15.1
15.1
15.1
15.1
15.1
15.1
15.1
15.1
15.1
15.1
15.1
15.1
15.1
15.1
15.1
15.0
15.1
15.1
15.1
15.1
15.1
15.1
15.1
15.1
15.1
15.1
15.1
15.1
15.1
15.0
15.0
15.1
15.1
15.1
15.1
15.1
15.1
15.1
15.1
15.1
15.1
15.1
15.1
15.1
15.1
15.1
15.1
15.1
15.1
15.1
15.1
15.1
15.1
15.1
15.1
15.1
15.1
15.1
15.1
15.1
15.1
15.1
15.1
15.1
15.1
15.1
15.1
15.1
15.1
15.1
15.1
15.1
15.2
15.1
15.1
15.1
15.1
15.1
15.1
15.1
15.1
15.1
15.1
15.1
15.1
15.1
15.1
15.1
15.1
15.1
15.1
15.1
15.1
15.1
15.1
15.1
15.1
15.1
15.1
15.1
15.1
15.1
15.1
15.1
15.1
15.1
15.1
15.1
15.1
15.1
15.1
15.1
15.1
15.1
15.1
15.1
15.1
15.1
15.1
15.1
15.1
15.0
15.1
15.1
15.1
15.1
15.1
15.1
15.1
15.1
15.1
15.1
15.1
15.0
15.1
15.1
15.0
15.1
15.1
15.1
15.1
15.0
15.1
15.0
15.1
15.1
15.0
15.0
15.1
15.1
15.1
15.1
15.1
15.1
15.1
15.1
15.1
15.1
15.1
15.1
15.1
15.1
15.1
15.1
15.1
15.1
15.1
15.1
15.1
15.1
15.2
15.1
15.1
15.1
15.2
15.2
15.1
15.1
15.1
15.2
15.1
15.2
15.2
15.1
15.2
15.1
15.1
15.1
15.1
15.1
15.1
15.1
15.1
15.2
15.2
15.1
15.1
15.1
15.1
15.1
15.2
15.2
15.1
15.1
15.2
15.2
15.2
15.2
15.1
15.1
15.1
15.1
15.1
15.2
15.2
15.2
15.2
15.1
15.1
15.1
15.1
15.2
15.2
15.1
15.1
15.2
15.1
15.2
15.1
15.2
15.2
15.1
15.1
15.1
15.1
15.1
15.1
15.1
15.1
15.1
15.2
15.2
15.1
15.1
15.2
15.1
15.1
15.1
15.1
15.1
15.1
15.1
15.1
15.1
15.1
15.1
15.1
15.1
15.1
15.1
15.1
15.1
15.1
15.1
15.1
15.1
15.1
15.1
15.1
15.1
15.1
15.1
15.1
15.1
15.1
15.1
15.1
15.0
15.1
15.1
15.0
15.1
15.1
15.1
15.1
15.1
15.1
15.1
15.1
15.1
15.1
15.1
15.1
15.0
15.0
15.1
15.1
15.1
15.1
15.0
15.0
15.1
15.1
15.1
15.1
15.1
15.1
15.1
15.1
15.1
15.1
15.1
15.1
15.1
15.1
15.1
15.1
15.1
15.1
15.1
15.1
15.1
15.1
15.2
15.1
15.1
15.1
15.2
15.2
15.1
15.1
15.1
15.1
15.1
15.2
15.2
15.1
15.1
15.1
15.1
15.1
15.1
15.1
15.1
15.1
15.1
15.1
15.2
15.1
15.1
15.1
15.1
15.1
15.1
15.1
15.1
15.1
15.1
15.1
15.1
15.1
15.2
15.2
15.1
15.1
15.1
15.1
15.1
15.1
15.1
15.1
15.1
15.1
15.1
15.1
15.1
15.1
