57.8
58.1
58.3
58.6
58.9
59.0
59.1
59.3
59.1
58.9
59.0
59.2
59.3
59.3
59.4
59.5
59.6
59.6
59.5
59.1
59.4
59.5
59.6
59.7
59.8
59.9
60.0
60.0
60.0
60.1
60.1
60.0
60.1
60.1
60.1
60.1
60.1
60.1
60.1
60.1
60.2
60.1
60.2
60.1
60.0
60.0
60.1
60.1
60.0
59.8
59.5
59.5
59.5
59.1
59.1
59.2
59.3
59.2
58.9
58.9
59.0
59.2
59.3
59.4
59.6
59.6
59.4
59.4
59.2
59.1
59.1
59.0
59.2
59.4
59.5
59.6
59.7
59.8
59.9
59.9
59.9
60.0
60.0
60.1
59.7
59.5
59.5
59.6
59.7
59.7
59.8
60.0
60.0
59.9
59.7
59.5
59.6
59.6
59.7
59.8
59.8
59.9
59.9
60.0
60.0
59.9
