57.6
57.9
58.2
58.5
58.8
59.0
59.2
59.4
59.6
59.7
59.8
59.9
59.9
60.0
60.1
60.1
60.2
60.2
60.3
60.3
60.3
60.4
60.4
60.4
60.4
60.5
60.5
60.5
60.8
60.8
60.8
60.7
60.7
60.7
60.7
60.7
60.7
60.7
60.6
60.7
60.6
60.6
60.6
60.6
60.7
60.7
60.7
60.7
60.7
60.6
60.6
60.7
60.6
60.6
60.6
60.7
60.7
60.8
69.0
69.3
69.7
69.8
69.6
60.9
60.8
60.8
61.4
61.3
61.3
61.2
61.2
61.1
61.1
61.0
61.0
61.0
61.0
60.9
60.9
60.9
60.9
60.9
60.8
60.8
60.8
60.8
60.8
60.8
60.8
60.8
61.1
61.0
61.0
61.0
61.0
61.0
61.0
61.4
61.4
61.3
61.3
61.3
61.5
61.5
61.4
61.3
61.3
61.2
61.2
61.1
61.1
61.0
61.0
61.0
61.0
60.9
60.9
60.9
60.9
60.9
60.8
60.9
60.9
60.9
60.9
60.9
60.9
60.9
