62.4
62.1
61.8
61.6
61.3
61.2
61.0
61.0
60.9
60.8
60.7
60.6
60.5
60.4
60.4
60.3
60.3
60.3
60.2
60.2
60.2
60.2
60.2
60.1
60.1
60.1
60.1
60.1
60.1
60.1
60.1
60.1
60.1
60.1
60.1
60.1
60.1
60.1
60.0
60.1
60.0
60.0
60.0
60.0
60.1
60.0
60.0
60.0
60.0
60.1
60.0
60.0
60.2
60.2
60.2
60.1
60.1
60.1
60.1
60.1
60.1
60.1
60.1
60.2
60.2
60.1
60.1
60.2
60.2
60.2
60.2
60.1
60.1
60.2
60.1
60.1
60.1
60.2
60.1
60.1
60.1
60.1
60.2
60.2
60.2
60.2
60.2
60.2
60.2
60.2
60.2
60.6
61.0
61.4
61.3
61.2
61.0
61.1
61.0
60.9
60.8
60.7
60.7
60.6
60.6
60.5
60.5
60.5
60.4
60.4
60.5
60.5
60.4
60.4
60.5
60.5
60.4
60.4
60.4
60.4
60.4
60.3
60.3
60.3
60.3
60.3
60.3
60.3
60.3
60.2
60.3
60.3
60.2
60.2
60.3
60.2
60.2
60.2
60.2
60.3
60.3
60.3
60.4
60.3
60.3
60.4
60.4
60.3
60.3
60.3
60.3
60.4
60.4
60.3
60.3
60.3
60.4
60.4
60.4
60.4
60.4
60.4
60.4
60.4
60.4
60.4
60.4
60.4
60.4
60.4
60.4
60.4
60.3
60.4
60.4
