2910.3
3352.8
3336.6
3370.1
3344.3
3336.6
3357.6
3341.4
3363.0
3333.9
3353.7
3388.0
3362.2
3431.9
3402.3
3322.7
3359.7
3392.4
3371.1
3346.0
3338.7
3292.5
3388.8
3336.6
3367.2
3353.7
3377.0
3356.6
3298.5
3313.7
3302.5
3312.1
3312.6
3288.8
3331.4
3330.8
3342.2
3315.0
3325.8
3326.2
3382.6
3373.2
3398.2
3412.1
3412.4
3412.7
3318.3
3358.9
3370.1
3370.1
3369.8
3370.1
3348.3
3348.1
3367.8
3318.9
3311.6
3317.7
3377.4
3353.0
3338.5
3338.7
3355.3
3345.8
3364.1
3348.5
3372.2
3342.8
3370.9
3360.7
3338.9
3307.3
3349.1
3349.2
3267.7
3290.8
3291.1
3373.2
3358.2
3357.8
3348.3
3363.0
3320.8
3321.2
3332.0
3255.9
3283.1
3277.1
3268.0
3352.6
3369.3
3341.4
3358.4
3323.7
3420.2
3397.6
3407.1
3287.1
3294.4
3304.8
3313.3
3280.0
3329.1
3309.4
3297.9
3297.7
3250.1
3335.1
3373.6
3354.3
3270.0
3227.4
3265.2
3264.6
