2790.1
2615.6
2763.5
2842.7
2810.7
2823.0
2829.0
2828.6
2836.7
2820.7
2839.4
2845.4
2832.3
2831.9
2821.1
2838.2
2810.9
2818.4
2830.9
2817.1
2817.2
2809.2
2823.0
2823.4
2823.2
2830.7
2831.2
2836.3
2845.4
2845.2
2863.1
2834.8
2871.6
2858.1
2851.1
2834.6
2834.7
2834.4
2839.8
2827.5
2843.8
2829.2
2829.4
2818.2
2818.7
2836.5
2850.6
2820.9
2850.0
2830.7
2830.9
2830.4
2843.6
2859.8
2823.8
2849.4
2865.0
2850.2
2862.7
2844.2
2844.3
2908.7
2847.1
2881.4
2838.2
2827.1
2827.7
2847.5
2829.8
2846.9
2846.6
2847.0
2821.3
2844.8
2833.8
2842.5
2842.2
2827.1
