2771.0
3211.8
3438.3
3438.8
3447.7
3424.0
3444.2
3452.5
3446.9
3468.3
3502.6
3478.9
3439.0
3468.3
3502.8
3474.1
3515.3
3514.8
3514.3
3483.9
3493.5
3515.5
3570.4
3519.1
3518.7
3490.1
3472.0
3544.8
3493.5
3493.2
3492.9
3479.3
3471.0
3546.1
3501.8
3526.5
3526.1
3495.5
3469.5
3469.1
3468.9
3509.5
3498.7
3527.2
3470.0
3484.3
3475.2
3475.5
3505.7
3475.2
3454.1
3525.1
3552.8
3481.8
3490.6
3496.0
3536.1
3499.7
3494.5
3487.2
3472.0
3472.1
3504.3
3475.8
3481.4
3481.6
3444.8
3471.4
3496.8
3432.3
3409.8
3426.3
3438.3
3422.3
3429.8
3429.2
3524.3
3604.3
3483.9
3509.7
3509.3
3532.4
3517.8
3517.5
3537.2
3474.5
3489.7
3482.2
3471.6
3471.4
3440.6
3446.4
3445.9
3387.6
3421.5
3440.6
3452.9
3409.8
3403.0
3403.1
3403.6
3403.7
3421.7
3372.6
3385.1
3365.7
3395.9
3331.2
3386.1
3392.6
3380.7
3396.5
3626.6
3431.1
3455.2
3442.3
3429.2
3448.7
3479.3
3417.3
3416.8
3444.2
3398.0
3417.1
3416.9
3471.2
3410.5
3438.3
3438.8
3390.3
3390.0
3366.8
3425.0
3385.3
3404.2
3346.8
3361.6
3380.1
3379.8
3368.2
3341.8
3374.5
3374.9
3340.8
3373.2
3336.6
3352.4
3318.7
3399.0
3350.3
3343.9
3317.7
3371.1
3317.3
3341.6
3396.3
3395.8
3323.7
3384.5
3326.4
3347.6
3337.0
3309.8
3367.4
3376.8
3353.9
3360.3
3381.5
3338.7
3392.2
3285.8
3373.0
3367.0
3337.4
3376.3
3388.2
3661.1
3375.9
3423.6
3408.8
3387.2
3443.1
3376.5
3317.1
2954.0
2944.7
2968.6
