2.0
2.3
2.5
2.8
3.0
3.1
3.3
3.4
3.6
3.6
3.8
3.8
3.9
4.0
4.0
4.1
4.1
4.1
4.2
4.2
4.2
4.2
4.3
4.3
4.3
4.3
4.3
4.3
4.4
4.3
4.3
4.3
4.4
4.4
4.4
4.4
4.3
4.4
4.4
4.4
4.4
4.4
4.4
4.4
4.4
4.4
4.4
4.4
4.4
4.4
4.4
4.4
4.5
4.4
4.4
4.5
4.4
4.4
4.4
4.4
4.4
4.4
4.4
4.4
4.4
4.4
4.4
4.3
4.4
4.4
4.3
4.4
4.3
4.4
4.3
4.3
4.3
4.3
4.3
4.3
4.3
4.3
4.3
4.2
4.3
4.2
4.2
4.3
4.2
4.2
4.2
4.2
4.2
4.2
4.2
4.2
4.2
4.2
4.2
4.2
4.2
4.2
4.2
4.2
4.2
4.2
4.2
4.2
4.2
4.2
4.1
4.2
4.2
4.1
4.2
4.1
4.1
4.1
4.1
4.1
4.1
4.1
4.1
4.1
4.1
4.1
4.1
4.1
4.1
4.1
4.1
4.1
4.1
4.1
4.1
4.1
4.1
4.1
4.1
4.1
4.1
4.0
4.1
4.1
4.1
4.0
4.0
4.0
4.0
4.1
4.1
4.0
4.0
4.1
4.1
4.0
4.0
4.0
4.0
4.0
4.0
4.0
4.0
4.0
4.0
4.0
4.0
4.0
4.0
4.0
4.0
4.0
4.0
4.0
3.9
3.9
3.9
3.9
3.9
3.9
3.9
3.9
4.0
4.0
4.0
3.9
4.0
3.9
4.0
3.9
3.9
3.9
3.9
3.9
3.9
3.9
3.9
3.9
3.9
3.9
3.9
3.9
3.9
3.9
3.9
3.9
3.9
3.9
3.9
3.9
3.9
3.9
3.9
3.9
3.9
3.9
3.9
3.9
4.0
3.9
3.9
3.9
3.9
3.9
3.9
3.9
3.9
3.9
4.0
4.0
3.9
3.9
4.0
4.0
4.0
4.0
3.9
4.0
4.0
3.9
3.9
3.9
4.0
3.9
4.0
3.9
3.9
3.9
4.0
3.9
3.9
