62.1
62.0
62.1
62.1
62.1
62.1
62.0
62.3
62.3
62.2
62.2
62.2
62.2
62.2
62.1
62.2
62.2
62.2
62.2
62.2
62.2
62.1
62.2
62.2
62.2
62.2
62.2
62.2
62.1
62.2
62.2
62.2
62.2
62.2
62.2
62.2
62.3
62.3
62.3
62.3
62.3
62.3
62.3
62.3
62.2
62.3
62.3
62.3
62.3
62.4
62.4
62.3
62.3
62.3
62.3
62.3
62.3
62.3
62.3
62.3
62.2
62.3
62.3
62.4
62.4
62.3
62.5
62.5
62.6
62.6
62.6
62.5
62.5
62.4
62.4
62.4
62.3
62.3
62.3
62.3
62.2
62.2
62.2
62.2
62.2
62.3
62.3
62.3
62.3
62.3
62.3
62.2
62.2
62.2
62.2
62.2
62.2
62.5
62.4
62.4
62.4
62.4
62.4
62.4
62.4
62.4
62.3
62.4
62.3
62.3
62.3
62.3
62.3
62.3
62.3
62.3
62.3
62.2
62.3
62.2
62.3
62.2
62.2
62.3
62.3
62.2
62.3
62.3
62.3
62.3
62.3
62.3
62.3
62.2
62.3
62.7
62.7
62.6
62.6
62.6
62.6
62.5
62.5
62.5
62.4
62.4
62.4
62.4
62.4
62.4
62.3
62.3
62.4
62.4
62.4
62.4
62.4
62.4
62.4
62.3
62.3
62.3
62.3
62.3
62.3
62.3
62.3
62.3
62.3
62.3
62.3
62.3
62.3
62.3
62.4
62.4
62.7
63.0
62.9
62.8
62.8
62.7
62.7
62.6
62.6
62.5
62.4
62.5
62.5
62.5
62.5
62.5
62.4
62.4
62.4
62.5
62.5
62.5
62.5
62.4
