61.3
61.3
61.3
61.4
71.7
71.8
72.0
62.6
62.4
62.4
62.3
62.2
62.1
62.1
62.0
62.0
62.0
61.9
61.9
61.9
61.9
61.8
61.8
61.8
61.8
61.8
61.8
62.1
62.0
62.0
61.9
61.9
61.9
61.9
61.9
61.9
71.3
62.1
62.1
62.0
62.0
61.9
61.9
61.9
61.9
61.9
61.8
61.8
61.8
61.8
61.8
61.8
61.7
61.8
61.8
61.8
61.8
61.7
61.8
61.7
61.7
61.8
61.8
61.8
61.8
61.8
61.8
61.8
61.8
61.8
61.9
61.8
61.8
61.9
61.9
61.9
61.9
61.9
61.9
61.9
61.9
61.9
61.9
61.9
61.9
61.9
61.9
61.9
61.9
61.9
61.9
61.9
61.9
61.9
61.9
61.9
61.9
61.9
61.9
61.9
61.9
61.9
61.9
61.9
62.1
62.1
62.0
62.0
62.0
62.0
62.0
62.1
62.0
62.0
62.0
62.0
62.0
62.0
62.0
62.0
62.0
61.9
61.9
61.9
61.9
62.0
62.0
62.0
62.1
62.1
62.1
62.1
62.1
62.1
62.1
62.0
62.0
62.0
62.0
62.0
62.0
62.0
62.0
62.0
62.0
62.0
62.0
62.0
62.0
62.0
62.0
62.0
62.0
62.0
62.0
62.0
61.9
62.0
61.9
62.0
62.0
61.9
61.9
61.9
61.9
62.0
61.9
61.9
61.9
61.9
61.9
61.9
61.9
61.9
61.9
61.9
71.3
71.4
71.6
65.1
64.7
64.3
64.1
63.8
63.6
63.4
63.2
63.0
62.9
62.9
62.7
62.7
62.5
62.5
62.4
62.4
62.3
62.2
62.2
62.1
62.1
62.1
62.1
62.0
62.0
62.0
62.0
62.0
62.0
61.9
62.0
62.0
61.9
61.9
62.0
62.0
61.9
61.9
61.9
61.9
61.9
62.0
62.0
62.5
62.6
62.6
62.5
62.4
62.4
62.3
62.2
62.3
62.3
62.2
62.2
62.2
62.1
62.1
62.0
62.0
62.0
62.0
61.9
61.9
61.9
61.9
61.9
61.9
62.0
62.0
62.0
61.9
61.9
61.9
62.0
62.0
61.9
61.9
61.9
61.9
61.9
61.9
61.9
61.9
61.9
61.9
61.9
61.9
61.9
61.9
61.9
61.9
61.9
62.0
62.0
62.0
62.0
62.0
62.0
62.0
61.9
62.0
62.0
62.0
61.9
61.9
61.9
62.0
62.0
62.0
62.0
62.0
62.0
62.0
62.0
62.0
62.0
62.0
62.0
62.0
62.0
62.0
61.9
62.3
62.3
62.2
62.2
62.1
62.2
62.2
62.1
62.1
62.1
62.0
62.0
62.0
62.0
62.0
62.0
62.0
62.3
62.4
62.4
62.3
62.3
62.2
62.2
62.2
62.1
62.1
62.1
62.0
62.0
62.0
62.0
62.0
62.0
62.0
61.9
62.0
61.9
61.9
61.9
62.1
62.1
62.0
62.0
62.0
62.0
61.9
61.9
61.9
62.0
62.0
62.0
62.0
61.9
61.9
61.9
61.9
61.9
61.9
61.9
61.8
61.9
61.9
61.9
61.9
61.9
61.8
61.8
61.8
61.8
61.8
61.8
61.8
61.8
61.8
61.8
61.9
61.9
61.9
62.0
62.0
61.9
61.9
61.9
61.9
61.9
61.9
61.9
61.9
61.9
61.9
61.9
61.9
61.9
61.9
61.9
61.8
61.9
61.9
61.8
61.9
61.9
61.9
61.9
61.9
61.9
61.8
61.9
61.9
61.9
61.8
61.8
61.9
61.9
61.9
61.9
61.9
61.9
61.8
61.9
61.9
61.9
61.9
61.9
62.0
62.0
62.0
62.0
62.0
62.0
62.0
61.9
62.0
61.9
61.9
61.9
61.9
61.9
61.9
62.0
61.9
61.9
61.9
61.9
61.9
61.9
61.9
61.9
61.9
61.8
61.9
61.9
61.8
61.8
61.9
61.9
61.8
61.8
61.9
61.8
61.8
61.9
62.0
62.0
62.0
62.0
62.0
62.0
62.0
62.1
62.1
62.1
62.0
62.0
62.0
62.0
62.0
62.0
62.0
62.0
62.0
62.0
62.0
62.0
62.0
62.0
62.0
62.0
62.0
62.0
61.9
61.9
62.0
62.0
61.9
61.9
61.9
61.9
61.9
61.9
62.0
62.0
61.9
61.9
61.9
61.9
61.9
61.9
62.2
73.0
64.2
63.8
63.6
63.4
63.4
63.2
63.0
62.9
62.8
62.7
62.6
62.5
62.4
62.3
62.3
62.2
62.2
62.2
62.2
62.1
62.1
62.1
62.0
62.0
62.0
62.0
62.0
62.0
61.9
61.9
61.9
61.9
61.9
61.9
62.0
62.0
61.9
61.9
61.9
61.9
61.9
61.9
62.0
62.0
61.9
61.9
61.9
61.9
61.9
61.9
61.9
61.9
61.9
61.9
61.9
61.9
61.9
61.9
61.9
61.9
61.9
61.9
61.9
61.9
61.9
61.9
61.9
61.9
62.0
61.9
62.0
