58.2
58.4
58.7
58.9
59.1
59.4
59.5
59.6
59.7
59.8
59.8
59.9
60.0
60.0
60.1
60.1
60.2
60.1
60.2
60.2
60.2
60.3
60.4
60.3
60.4
60.4
60.4
60.4
60.4
60.5
60.5
60.5
60.5
60.5
60.5
60.4
60.4
60.4
60.4
60.5
60.4
60.4
60.4
60.8
61.2
61.1
61.0
61.0
60.9
60.8
60.9
60.9
60.9
60.9
60.8
60.8
60.9
60.9
60.8
60.8
60.8
60.8
60.7
60.7
60.7
60.7
60.7
60.7
60.7
60.7
60.6
60.7
66.3
60.3
60.3
60.5
60.9
60.8
60.7
60.7
60.7
60.6
60.6
60.6
60.6
60.6
60.5
60.5
60.5
60.6
60.7
60.6
60.6
60.5
60.6
60.6
60.6
60.5
60.5
60.5
60.5
61.1
61.0
60.9
60.8
60.8
60.7
60.7
60.6
60.6
60.6
60.5
60.5
60.5
60.4
60.4
60.5
60.4
60.5
