43.5
65.5
64.9
65.2
64.7
64.3
63.9
63.6
63.3
63.1
62.9
62.7
62.6
62.4
62.3
62.2
62.1
62.0
62.1
62.0
61.9
61.9
61.8
61.8
61.8
61.7
61.7
61.7
61.6
61.6
61.6
61.7
61.6
61.6
61.6
61.6
61.6
70.9
61.5
61.6
61.7
61.6
61.6
61.6
61.6
61.6
61.5
61.5
61.5
61.5
61.5
61.5
61.5
61.4
61.5
61.4
61.4
61.5
61.4
61.4
61.5
61.5
61.5
61.5
61.6
61.5
61.6
61.6
61.5
61.5
61.5
61.5
61.6
61.6
61.5
61.6
61.7
61.7
61.8
61.7
61.7
67.4
61.5
62.1
62.1
62.0
62.0
62.0
61.9
61.9
61.8
61.8
61.8
61.8
61.7
61.7
61.7
61.6
61.7
61.7
61.6
61.6
61.6
61.6
61.7
61.7
61.8
61.8
61.7
61.7
61.7
61.7
61.7
61.7
61.7
61.8
61.8
61.8
61.7
68.8
61.7
61.8
61.8
61.7
61.7
61.7
61.7
61.7
61.7
61.7
61.7
61.7
61.7
61.7
61.7
61.7
62.2
62.1
62.0
62.0
62.0
61.9
61.9
61.9
62.0
62.0
61.9
61.9
61.9
61.8
61.8
61.9
61.9
61.9
61.9
61.9
61.9
61.9
61.9
61.8
61.9
61.8
61.8
61.7
61.8
61.8
61.9
61.9
61.9
69.6
63.6
63.3
63.1
62.9
62.8
62.7
62.6
62.5
62.4
62.4
62.3
62.2
62.2
62.1
62.1
62.1
62.0
62.0
62.0
61.9
62.0
62.0
62.0
62.4
62.3
62.3
62.2
62.2
62.1
62.1
62.0
62.0
61.9
61.9
61.9
61.9
61.9
61.8
61.9
61.8
61.8
61.9
61.8
61.8
61.8
61.9
61.8
61.8
61.9
62.1
62.2
62.1
62.1
62.0
62.0
