61.9
61.9
62.1
62.1
62.0
62.1
62.5
62.4
62.3
62.4
62.4
62.3
62.4
62.4
62.3
62.3
62.3
62.3
62.2
62.2
62.1
62.1
62.1
62.1
62.2
62.2
62.2
62.2
62.2
62.2
62.3
62.3
62.2
62.5
62.5
62.6
62.5
62.5
62.5
62.8
62.7
62.7
62.9
62.9
62.8
63.0
63.6
63.4
63.3
63.2
63.1
63.1
63.1
62.9
62.9
62.9
62.8
62.7
62.6
62.6
62.6
62.6
62.5
62.5
62.5
62.4
62.5
62.4
62.4
62.6
62.6
62.6
62.6
62.5
62.5
62.6
62.5
62.5
62.4
62.4
62.4
62.4
62.4
62.4
62.6
62.8
62.7
62.7
62.6
62.6
62.5
62.8
62.8
62.9
62.9
62.9
62.8
62.8
62.7
62.7
62.6
62.6
62.6
62.6
62.6
62.6
62.6
62.6
62.6
62.6
62.6
62.6
62.6
62.6
62.6
62.5
62.5
62.5
62.5
62.5
62.5
62.4
62.4
62.4
62.3
62.3
62.4
62.4
62.4
62.5
62.5
62.5
62.5
62.6
62.6
62.6
62.6
62.6
62.6
62.7
62.7
62.7
62.8
62.7
62.8
62.7
62.7
62.7
62.7
62.7
62.7
62.7
62.7
62.7
62.7
62.8
62.7
62.8
62.7
62.7
62.7
62.8
62.8
62.9
62.9
62.8
68.2
62.6
62.6
63.0
62.9
62.9
62.8
62.9
62.9
62.9
62.8
62.8
62.9
62.8
62.8
62.8
62.8
62.7
62.7
62.7
62.7
62.7
62.7
62.6
62.6
62.6
62.6
62.6
62.7
62.6
62.6
62.6
62.6
62.6
62.5
62.6
62.7
62.7
62.7
62.7
62.8
62.9
62.8
62.8
62.8
62.9
68.4
68.4
62.8
62.8
62.8
62.8
62.7
62.7
62.7
62.6
62.9
63.0
62.9
62.9
62.9
62.9
62.8
62.9
62.9
62.8
62.8
62.8
62.7
62.7
62.7
62.7
62.6
62.6
62.6
62.6
62.5
62.5
62.5
62.5
62.9
63.2
63.1
63.0
63.0
62.9
63.0
63.0
63.0
63.0
62.9
62.9
62.8
62.8
62.8
62.7
62.7
62.7
62.7
62.8
62.7
62.7
62.7
62.7
62.6
62.6
62.6
62.6
62.6
62.6
62.6
62.6
62.6
62.6
68.0
67.3
62.1
62.1
62.2
62.2
62.3
62.3
62.3
62.4
62.4
62.4
62.6
62.6
62.5
62.6
62.5
62.7
62.6
62.6
62.6
62.6
62.6
62.6
62.6
62.6
62.6
62.7
62.7
62.6
62.6
62.6
62.6
62.6
62.6
62.6
62.6
63.0
62.9
63.0
62.9
62.8
62.8
62.8
62.7
62.7
62.7
62.7
62.6
62.6
62.7
62.7
62.7
62.6
62.7
62.8
63.3
63.2
63.1
63.1
63.0
63.4
63.3
63.2
63.2
63.1
63.1
63.0
62.9
62.9
62.9
62.8
62.8
62.8
62.7
62.7
62.7
62.7
62.6
73.2
65.1
64.8
64.5
64.2
64.0
63.9
63.6
63.5
63.4
63.2
63.2
63.1
63.0
63.0
62.9
62.8
62.8
62.7
62.7
62.6
62.6
62.6
62.6
62.6
62.6
62.6
62.5
62.5
62.5
62.9
62.9
63.3
63.1
63.1
63.0
63.1
63.5
63.4
63.3
63.2
63.1
63.0
62.9
62.9
62.8
62.8
62.8
73.6
62.6
62.6
62.6
62.6
62.7
62.7
62.7
62.7
62.6
62.6
62.6
62.6
62.5
62.5
63.1
63.4
63.3
63.2
63.2
63.1
63.0
63.0
63.0
62.9
62.9
62.9
62.9
62.8
62.8
62.7
62.7
62.7
