5.1
14.9
14.9
14.9
14.8
14.8
14.8
14.9
14.9
14.9
14.9
14.9
15.0
15.0
15.0
15.0
15.0
15.1
15.1
15.1
15.1
15.1
15.1
15.1
15.1
15.2
15.2
15.2
15.2
15.2
15.2
15.2
15.2
15.2
15.2
15.2
15.2
15.2
15.2
15.2
15.2
15.1
15.2
15.2
15.2
15.2
15.2
15.2
15.2
15.2
15.2
15.2
15.2
15.2
15.2
15.3
15.2
15.2
15.3
15.3
15.3
15.3
15.3
15.3
15.3
15.3
15.3
15.3
15.3
15.4
15.3
15.4
15.4
15.3
15.3
15.4
15.3
15.3
15.4
15.3
15.3
15.4
15.4
15.4
15.4
15.3
15.3
15.3
15.3
15.3
15.3
15.4
15.4
15.3
15.3
15.4
15.4
15.3
15.3
15.4
15.4
15.4
15.4
15.4
15.4
15.4
15.4
15.3
15.3
15.8
15.7
15.7
15.6
15.6
15.6
15.6
15.5
15.5
15.5
15.5
15.4
15.4
15.5
15.4
15.4
15.4
15.4
15.4
15.4
15.4
15.4
15.4
15.4
15.4
15.4
15.4
15.4
15.5
15.5
15.4
15.4
15.4
15.4
15.4
15.4
15.4
15.4
15.4
15.4
15.5
15.4
15.4
15.4
15.4
15.4
15.4
15.4
15.4
15.4
15.4
15.4
15.4
15.4
15.4
15.4
15.4
15.4
15.5
15.5
15.5
15.4
15.4
15.5
15.4
15.4
15.5
15.5
15.4
