4.8
14.9
15.2
15.5
15.8
16.0
16.2
16.4
16.6
16.7
16.9
17.0
17.1
17.2
17.4
17.5
17.5
17.6
17.6
17.7
17.8
17.8
17.8
17.8
17.9
17.9
17.9
17.9
18.0
17.9
18.0
18.0
18.0
18.0
18.0
18.0
18.0
18.1
18.1
18.1
18.1
18.1
18.1
18.1
18.2
18.2
18.2
18.2
18.2
18.2
18.2
18.2
18.2
18.2
18.2
18.2
18.3
18.3
18.2
18.3
18.2
18.2
18.2
18.2
18.2
18.2
18.2
18.2
18.2
18.3
18.3
18.2
18.2
18.2
18.2
18.2
18.2
18.2
18.2
18.2
18.2
18.3
18.2
18.2
18.2
18.2
18.2
18.2
18.2
18.3
18.2
18.3
18.3
18.3
18.3
18.2
18.3
18.3
18.3
18.3
18.2
18.2
18.2
18.2
18.3
18.3
18.2
18.2
18.2
18.2
18.3
18.2
18.2
18.2
18.3
18.2
18.2
18.2
18.2
18.2
18.2
18.2
18.3
18.2
18.2
18.2
18.2
18.3
18.3
18.2
18.3
18.2
18.2
18.2
18.3
18.2
18.2
18.2
18.3
18.2
18.2
18.3
18.2
18.2
18.3
18.3
18.3
18.2
18.2
18.2
18.2
18.2
18.2
18.2
18.2
18.2
18.2
18.2
18.2
18.3
18.2
18.2
18.2
18.3
18.3
18.2
18.3
18.3
18.2
18.2
18.2
18.3
18.3
18.3
18.3
18.2
18.3
18.3
18.3
18.3
18.3
18.3
18.3
18.2
18.2
18.2
18.3
18.3
18.3
18.2
18.3
18.3
18.3
18.3
18.3
18.2
18.3
18.2
18.2
18.2
18.3
18.3
18.3
18.3
18.2
18.3
18.3
18.2
18.2
18.2
18.3
18.3
18.2
18.3
18.2
18.2
18.2
18.2
18.2
18.2
18.3
18.2
18.2
18.2
18.3
18.3
18.3
18.3
18.3
18.3
18.2
18.2
18.2
18.3
18.3
18.3
18.3
18.3
18.3
18.2
18.2
18.3
18.2
18.2
18.3
18.2
18.3
18.3
18.2
18.3
18.3
18.2
18.3
18.3
18.2
18.3
18.3
18.3
18.2
18.3
18.3
18.2
18.2
18.2
18.3
18.3
18.2
18.3
18.2
18.2
18.2
18.2
18.3
18.2
18.2
18.2
18.3
18.3
18.3
18.3
18.3
18.2
18.3
18.3
18.2
18.3
18.2
18.3
18.3
18.2
18.2
18.2
18.2
18.3
18.3
18.2
18.3
18.3
18.3
18.3
18.3
18.2
18.3
18.2
18.2
18.2
18.3
18.2
18.3
18.3
18.2
18.3
18.3
18.2
18.3
18.3
18.2
18.3
18.3
18.3
18.3
18.4
18.3
18.3
18.3
18.3
18.3
18.3
18.3
18.3
18.3
18.3
18.3
18.3
18.3
18.3
18.3
18.3
18.2
18.3
18.3
18.2
18.3
18.3
18.3
18.2
18.3
18.3
18.3
18.3
18.3
18.3
18.3
18.3
18.3
18.3
18.3
18.3
18.3
18.3
18.3
18.3
18.2
18.3
18.3
18.3
18.3
18.3
18.3
18.3
18.3
18.3
18.3
18.3
18.3
18.3
18.3
18.3
18.2
18.3
18.3
18.2
18.3
18.3
18.2
18.3
18.3
18.3
18.3
18.3
18.3
18.3
18.3
18.3
18.2
18.3
18.3
18.2
18.3
18.2
18.2
18.3
18.2
18.2
18.3
18.3
18.2
18.3
18.2
18.3
18.2
18.3
18.3
18.3
18.2
18.3
18.2
18.2
18.3
18.3
18.3
18.2
18.2
18.2
18.2
18.2
18.3
18.3
18.2
18.3
18.3
18.3
18.3
18.3
18.3
18.3
18.3
18.3
18.3
18.3
18.3
18.3
18.3
18.3
18.2
18.3
18.3
18.2
18.2
18.2
18.3
18.3
18.2
18.3
18.3
18.2
18.3
18.3
18.2
18.2
18.2
18.3
18.3
18.3
18.3
18.3
18.3
18.3
18.3
18.3
18.2
18.3
18.3
18.2
18.2
18.3
18.2
18.2
18.3
18.3
18.3
18.3
18.3
18.3
18.3
18.3
18.2
18.3
18.3
18.2
18.3
18.3
18.3
18.2
18.3
18.3
18.3
18.3
18.3
18.2
18.3
18.3
18.3
18.3
18.3
18.3
18.3
18.3
18.3
18.3
18.3
18.3
18.3
18.3
18.3
18.3
18.3
18.3
18.3
18.3
18.3
18.3
18.3
18.3
18.3
18.3
18.3
18.3
18.3
18.3
18.3
18.3
18.3
18.3
18.2
18.3
18.3
18.2
18.3
18.3
18.2
18.3
18.3
18.2
18.3
18.3
18.3
18.3
18.2
18.3
18.3
18.3
18.3
18.3
18.3
18.3
18.3
18.3
18.3
18.3
18.3
18.3
18.2
18.3
18.2
18.3
18.3
18.3
18.3
18.3
18.2
18.3
18.3
18.3
18.3
18.3
18.3
18.3
18.3
18.3
18.3
18.2
18.3
18.2
18.3
18.3
18.2
18.3
18.3
18.2
18.3
18.3
18.3
18.3
18.3
18.2
18.2
18.3
18.3
18.2
18.2
18.3
18.3
18.3
18.2
18.3
18.3
18.2
18.3
18.3
18.2
18.3
18.2
18.2
18.2
18.3
18.3
18.3
18.3
18.3
18.3
18.3
18.2
18.3
18.3
18.2
18.3
18.3
18.3
18.2
18.3
18.3
18.2
18.2
18.2
18.3
18.3
18.2
18.3
18.2
18.2
18.2
18.2
18.3
18.2
18.2
18.2
18.3
18.2
18.3
18.3
18.2
18.2
18.2
18.3
18.3
18.3
18.3
18.3
18.2
18.3
18.3
18.2
18.3
18.3
18.3
18.2
18.3
18.3
18.3
18.3
18.3
18.2
18.3
18.2
18.2
18.3
18.3
18.3
18.3
18.3
18.3
18.2
18.2
18.3
18.3
18.3
18.3
18.3
18.3
18.3
18.2
18.3
18.3
18.3
18.3
18.3
18.3
18.3
18.3
18.3
18.3
18.3
18.3
18.3
18.4
18.3
18.4
18.3
18.3
18.3
18.4
18.4
18.3
18.3
18.3
18.3
18.3
18.3
18.3
18.3
18.3
18.2
18.3
18.2
18.3
18.3
18.3
18.3
18.3
18.3
18.2
18.3
18.2
18.3
18.3
18.4
18.3
18.3
18.3
18.3
18.3
18.3
18.3
18.3
18.3
18.3
18.3
18.3
18.3
18.3
18.3
18.3
18.3
18.3
18.3
18.2
18.3
18.2
18.3
18.3
18.3
18.3
18.2
18.2
18.3
18.2
18.2
18.3
18.3
18.3
18.3
18.3
18.2
18.3
18.2
18.2
18.2
18.3
18.3
18.3
18.3
18.3
18.3
18.2
18.2
18.2
18.3
18.3
18.3
18.2
18.3
18.3
18.2
18.3
18.3
18.3
18.3
18.3
18.3
18.3
18.3
18.2
18.2
18.2
18.3
18.3
18.3
18.3
18.2
18.3
18.3
18.3
18.2
18.2
18.2
18.3
18.3
18.3
18.2
18.2
18.3
18.3
18.2
18.3
18.2
18.2
18.3
18.3
18.2
18.2
18.3
18.3
18.2
18.2
18.3
18.2
18.2
18.3
18.3
18.3
18.3
18.3
18.2
18.3
18.2
18.2
18.2
18.2
18.3
18.3
18.2
18.3
18.2
18.2
18.2
18.3
18.2
18.2
18.2
18.3
18.3
18.2
18.3
18.2
18.2
18.2
18.2
18.2
18.2
18.2
18.2
18.2
18.3
18.3
18.3
18.3
18.3
18.3
18.3
18.3
18.3
18.3
18.2
18.2
18.3
18.2
18.2
18.3
18.2
18.2
18.3
18.3
18.2
18.3
18.2
18.2
18.3
18.2
18.3
18.2
18.2
18.2
18.3
18.3
18.3
18.3
18.3
18.3
18.3
18.2
18.3
18.3
18.3
18.3
18.3
18.3
18.3
18.3
18.3
18.3
18.3
18.3
18.3
18.3
18.3
18.3
18.3
18.3
18.2
18.3
18.3
18.2
18.3
18.2
18.2
18.3
18.3
18.2
18.3
18.3
18.2
18.2
18.3
18.2
18.3
18.3
18.2
18.3
18.3
18.2
18.3
18.3
18.3
18.2
18.3
18.3
18.2
18.3
18.3
18.2
18.3
18.2
18.2
18.3
18.2
18.2
18.3
18.3
18.3
18.3
18.3
18.3
18.3
18.3
18.3
18.3
18.3
18.3
18.3
18.3
18.3
18.3
18.3
18.2
18.3
18.3
18.3
18.3
18.3
18.3
18.3
18.3
18.3
18.3
18.3
18.3
18.3
18.3
18.3
18.3
18.3
18.3
18.3
18.3
18.3
18.3
18.3
18.3
18.3
18.3
18.3
18.3
18.3
18.3
18.3
18.3
18.3
18.3
18.3
18.3
18.3
18.3
18.3
18.3
18.3
18.3
18.3
18.3
18.3
18.3
18.3
18.3
18.3
18.3
18.3
18.3
18.3
18.3
18.3
18.3
18.3
18.3
18.3
18.3
18.3
18.3
18.3
18.3
18.3
18.3
18.3
18.3
18.3
18.3
18.3
18.3
18.4
18.4
18.5
18.6
18.7
18.8
18.9
19.0
19.1
19.1
19.2
19.3
19.3
19.4
19.4
19.4
19.4
19.4
19.3
19.3
19.3
19.3
19.1
19.0
18.9
18.8
18.8
18.8
18.7
18.7
18.6
18.6
18.5
18.5
18.5
18.4
18.4
18.4
18.4
18.4
18.4
18.4
18.4
18.4
18.3
18.3
18.3
18.3
18.3
18.3
18.3
18.3
18.3
18.3
18.3
18.3
18.3
18.3
18.3
18.3
18.3
18.3
18.3
18.3
18.3
18.3
18.3
18.3
18.3
18.3
18.3
18.2
18.3
18.2
18.2
18.3
18.2
18.3
18.3
18.2
18.3
18.2
18.2
18.2
18.2
18.2
18.2
18.2
18.2
18.2
18.2
18.3
18.2
18.3
18.2
18.2
18.2
18.3
18.3
18.3
18.2
18.3
18.3
18.2
18.3
18.2
18.3
18.2
18.3
18.3
18.3
18.3
18.3
18.2
18.3
18.3
18.3
18.3
18.3
