4.7
10.8
11.0
11.3
11.5
11.7
11.9
12.0
12.1
12.2
12.3
12.4
12.5
12.6
12.6
12.7
12.7
12.8
12.8
12.9
12.9
12.9
12.9
13.0
13.0
13.0
13.0
13.0
13.0
13.1
13.1
13.1
13.1
13.1
13.1
13.2
13.1
13.2
13.2
13.2
13.2
13.2
13.2
13.2
13.2
13.2
13.2
13.2
13.3
13.2
13.3
13.2
13.3
13.3
13.2
13.3
13.2
13.3
13.3
13.3
13.3
13.3
13.2
13.3
13.2
13.3
13.3
13.3
13.3
13.3
13.3
13.2
13.3
13.3
13.3
13.3
13.3
13.2
13.3
13.3
13.3
13.3
13.3
13.3
13.3
13.3
13.3
13.3
13.3
13.3
13.3
13.3
13.3
13.3
13.3
13.3
13.3
13.3
13.3
13.3
13.3
13.3
13.3
13.3
13.3
13.3
13.3
13.2
13.3
13.3
13.2
13.3
13.3
13.3
13.3
13.3
13.3
13.3
13.3
13.4
13.4
13.4
13.4
13.4
13.4
13.4
13.4
13.4
13.3
