43.6
62.1
62.1
62.2
62.3
67.6
67.4
67.0
66.5
66.0
65.6
65.1
64.9
64.6
64.3
64.8
64.5
64.3
64.0
63.9
63.7
63.6
63.4
63.3
63.2
63.1
63.1
63.0
62.9
62.9
62.9
62.8
62.8
62.8
62.9
63.0
63.1
63.2
74.4
64.2
64.0
63.8
63.7
63.5
63.4
63.3
63.2
63.1
63.1
63.2
63.2
63.3
63.3
63.3
63.2
63.2
63.1
63.1
63.0
63.0
63.0
62.9
62.9
62.9
62.8
62.8
62.8
62.8
62.8
62.8
62.8
62.8
62.8
62.8
62.8
62.8
62.8
62.8
62.9
62.9
62.9
62.9
62.8
62.9
62.9
62.9
62.9
62.9
62.9
62.9
62.9
62.9
62.9
62.9
63.4
63.4
63.3
63.3
63.2
63.3
63.2
70.7
64.4
64.2
64.0
64.1
64.5
64.3
64.1
64.0
63.9
63.7
63.7
63.5
63.5
63.4
63.4
63.3
63.4
63.3
63.3
63.2
63.2
63.2
63.1
63.2
63.1
63.1
63.1
63.1
63.0
63.0
63.0
63.0
63.0
63.0
63.0
63.0
63.0
63.1
63.1
63.0
63.1
63.0
63.1
63.1
63.1
63.1
63.1
63.1
63.1
63.1
63.1
63.1
63.1
63.1
63.1
63.0
63.1
63.1
63.1
63.2
63.2
63.2
63.3
63.2
63.2
63.2
63.2
63.2
63.1
63.2
63.2
70.1
64.2
64.0
63.8
63.7
63.6
63.5
63.5
63.5
63.4
63.4
63.3
63.3
63.3
63.2
63.3
63.3
63.2
63.2
63.2
63.1
63.1
63.2
63.2
63.1
63.2
63.1
63.1
63.1
63.1
63.1
63.1
63.0
63.2
63.2
63.1
63.4
63.3
63.3
63.2
63.2
63.2
63.2
63.2
63.2
63.1
63.1
63.1
63.1
63.1
63.1
63.1
63.1
63.1
63.0
63.1
63.1
63.1
63.1
63.1
63.2
63.2
63.2
63.2
63.2
63.1
63.1
63.1
63.1
63.1
63.1
63.1
63.3
63.3
63.3
63.5
74.2
73.9
64.9
64.6
64.4
64.3
64.1
64.0
63.9
63.8
63.7
63.6
70.5
64.6
64.4
64.2
64.1
63.9
63.8
63.7
63.6
63.5
63.7
63.7
63.7
63.7
63.6
63.8
63.9
63.8
63.9
69.4
69.1
62.8
62.8
62.8
62.9
62.9
62.9
62.9
62.9
62.9
62.9
62.9
62.9
62.9
63.0
63.1
63.1
63.0
63.5
63.4
69.0
63.2
63.1
63.1
63.2
63.2
63.1
63.1
63.1
63.1
63.1
63.1
63.1
63.0
63.1
63.1
63.0
63.0
63.0
63.0
63.0
63.0
63.0
63.0
63.0
63.0
63.1
63.1
63.1
63.0
63.1
63.0
63.1
63.1
63.1
63.1
63.1
63.1
63.1
63.1
63.1
63.1
63.1
63.1
63.1
63.1
63.1
63.1
63.0
63.0
63.0
63.1
63.1
63.1
63.1
63.0
71.5
71.8
64.6
64.4
64.2
64.0
63.9
63.9
64.3
64.5
64.4
64.2
64.2
64.1
64.5
64.4
64.2
64.1
64.0
63.8
63.7
63.6
63.5
63.5
63.4
63.4
63.3
63.3
63.3
63.2
63.2
63.2
63.1
63.2
63.2
71.9
72.1
65.5
65.2
64.9
64.6
64.4
64.2
64.1
63.9
64.3
64.1
64.0
63.9
63.8
63.7
63.6
63.5
63.4
63.3
63.3
63.3
63.2
63.2
63.2
63.2
63.1
63.2
63.6
73.4
63.2
63.1
63.1
63.1
63.1
63.1
63.0
63.0
63.0
63.0
63.0
63.0
63.1
63.1
63.1
63.1
63.1
63.1
63.1
72.6
72.7
72.1
63.0
63.0
63.0
63.0
63.1
63.1
63.1
63.1
63.1
63.1
63.3
63.2
63.2
63.2
63.2
63.2
63.2
63.4
63.3
63.3
63.3
63.2
63.2
63.2
63.2
63.2
63.2
63.2
63.2
63.2
63.2
63.2
63.2
63.2
63.1
63.2
63.2
63.2
63.2
63.2
63.3
63.8
64.1
64.4
64.7
64.5
64.3
64.2
64.0
63.9
63.8
63.7
63.6
63.5
63.5
63.5
63.6
63.5
63.4
63.4
64.0
71.5
70.9
71.4
64.0
63.8
63.7
63.6
63.6
63.5
63.5
63.5
63.4
63.4
63.3
63.3
63.3
63.3
63.2
63.2
63.2
63.1
63.1
69.4
63.4
63.3
63.5
63.5
63.4
63.4
63.3
63.3
63.3
63.3
63.2
63.4
63.3
63.3
63.3
63.4
63.4
63.3
63.3
63.9
63.8
63.7
63.6
63.5
63.5
63.4
63.3
69.6
62.8
62.8
62.8
62.8
62.8
63.1
63.1
63.1
63.1
63.1
63.1
63.3
63.2
63.2
63.2
63.3
63.3
63.3
63.2
63.2
63.2
63.2
63.2
63.2
63.2
63.2
63.2
63.2
63.1
63.1
63.3
63.3
63.2
63.2
63.2
63.2
63.2
63.2
63.2
63.2
63.2
63.2
63.2
63.2
63.2
63.1
63.1
63.1
63.2
63.6
64.0
64.3
64.4
64.6
64.4
64.2
64.1
64.4
64.2
64.0
64.0
63.9
63.8
63.7
63.6
63.6
63.5
63.5
64.1
64.2
64.1
63.9
63.9
63.8
63.7
63.6
63.6
63.5
63.6
63.5
63.4
63.4
63.4
63.3
63.4
63.7
63.6
63.6
63.5
63.5
63.4
63.4
63.4
63.3
63.3
69.0
62.8
62.8
62.8
62.9
62.9
63.3
63.3
63.2
63.2
63.2
63.2
63.2
63.2
63.2
63.2
63.1
63.1
63.1
63.1
63.1
63.1
63.1
63.1
63.0
63.2
63.2
63.1
63.2
63.2
63.1
63.1
63.1
63.3
63.6
63.6
63.5
63.5
63.4
63.4
63.3
63.3
69.6
63.2
63.1
63.1
63.1
63.1
63.1
63.1
63.1
63.0
63.0
63.0
63.0
63.0
63.0
63.0
63.0
63.0
63.1
63.0
63.1
63.1
63.1
63.1
63.1
63.1
63.0
63.0
63.0
63.0
63.0
63.0
63.3
63.8
64.4
64.2
64.1
64.1
63.9
63.9
63.8
63.7
63.7
63.6
63.5
63.5
63.4
63.3
63.3
63.3
63.3
63.2
63.2
63.2
63.2
63.2
63.1
63.2
63.2
63.1
63.1
63.2
63.2
63.2
63.2
63.2
63.2
63.2
63.2
63.2
63.1
63.1
63.1
63.1
63.2
63.1
63.1
63.2
63.2
63.2
63.2
63.2
63.3
63.3
63.3
63.3
63.3
63.3
63.2
63.1
63.2
63.3
63.3
63.2
63.2
63.2
63.1
63.2
63.1
63.1
63.1
63.6
63.6
63.6
63.5
63.5
63.5
63.4
63.4
63.4
63.4
63.3
63.3
63.3
63.3
63.2
63.3
63.2
63.2
63.3
68.4
67.8
67.2
66.7
66.3
65.9
65.5
65.3
65.0
64.8
64.6
64.4
64.2
64.1
64.1
63.9
63.8
63.7
63.7
63.6
63.5
63.5
63.5
63.4
63.4
63.4
63.4
63.3
63.3
63.3
63.2
63.2
63.5
63.6
63.5
63.5
63.4
63.4
63.3
63.3
63.3
63.2
63.2
63.2
63.2
63.1
63.2
63.1
63.1
63.1
63.1
63.1
63.1
63.1
63.1
63.2
70.9
63.0
63.0
63.0
63.0
63.0
63.1
63.0
63.0
63.0
63.0
63.0
63.0
63.0
63.0
63.1
63.0
63.0
63.0
63.0
63.0
63.0
63.0
63.0
63.0
62.9
63.0
63.0
62.9
63.0
63.0
63.0
63.0
63.0
63.0
63.0
63.2
63.1
63.1
63.1
63.1
63.1
63.1
63.0
63.0
63.0
63.0
63.0
63.0
63.0
63.0
63.0
63.0
62.9
62.9
63.0
63.0
63.0
63.0
62.9
62.9
63.0
63.1
63.1
63.1
63.0
63.0
63.0
63.2
63.2
63.1
63.1
63.1
63.1
63.0
63.1
63.1
63.0
63.0
63.0
63.0
63.0
63.0
63.0
63.0
73.0
63.0
68.4
67.8
67.2
66.8
66.4
65.9
65.9
65.7
65.4
65.1
64.9
64.7
64.5
64.4
64.2
64.0
63.9
63.7
63.7
63.5
63.5
63.4
63.3
63.3
63.2
63.2
63.1
63.1
63.1
63.1
63.1
63.1
63.1
63.1
63.1
63.1
63.0
63.0
63.0
63.0
63.0
63.0
63.3
63.7
63.6
63.5
63.5
63.4
63.3
63.3
63.3
63.2
63.2
63.2
63.4
63.3
63.3
63.3
63.2
63.5
63.4
63.3
63.3
63.3
63.2
63.2
63.2
63.2
63.1
63.1
63.2
63.1
63.1
63.1
63.1
63.1
63.1
63.1
63.1
63.0
63.0
63.0
63.0
63.0
63.4
63.6
63.6
63.5
63.4
63.3
63.3
63.3
63.3
63.4
63.3
63.3
63.5
63.4
63.5
63.4
63.4
63.3
63.3
63.3
63.2
63.3
63.2
63.2
63.2
63.2
63.2
63.1
63.1
63.1
63.1
63.1
63.1
63.0
63.0
63.0
63.1
63.0
63.1
63.1
63.1
63.0
63.0
63.0
63.1
63.5
63.9
63.7
63.6
63.5
63.4
63.4
63.3
63.3
63.2
63.2
63.1
63.1
63.0
63.0
63.0
63.0
63.0
63.0
62.9
62.9
62.9
62.9
62.9
62.8
62.8
62.8
62.8
62.9
62.8
62.9
62.9
62.9
62.9
62.9
63.1
63.1
63.0
63.0
72.3
65.1
64.8
64.5
64.3
64.1
64.0
63.9
63.7
63.6
63.5
63.4
63.3
63.3
63.2
63.7
64.1
64.3
64.3
64.1
63.9
63.8
63.7
63.5
63.5
63.3
63.3
63.2
63.2
63.1
63.1
63.0
63.0
62.9
62.9
62.9
62.9
62.9
62.8
62.9
63.0
62.9
62.9
62.9
62.9
62.9
62.9
62.9
62.9
62.9
69.2
63.0
63.0
62.9
63.0
63.0
63.0
63.0
63.0
63.0
63.0
63.0
63.0
63.0
70.7
62.8
62.8
62.8
62.8
62.8
62.8
62.9
62.9
62.9
62.9
62.9
62.9
62.9
62.9
62.9
62.9
62.9
62.9
62.9
62.9
63.0
63.3
63.3
63.2
63.2
63.1
63.1
63.1
63.1
63.1
63.0
63.1
63.0
63.0
63.0
63.3
63.3
63.2
63.2
63.1
63.1
63.1
63.0
63.1
63.1
63.0
63.0
62.9
63.0
63.0
62.9
62.9
62.9
62.9
63.0
62.9
62.9
62.9
62.8
62.8
62.9
62.9
63.0
62.9
63.0
63.0
63.0
63.0
63.0
63.0
63.0
62.9
62.9
62.9
63.0
63.0
62.9
63.0
62.9
62.9
62.9
62.9
62.9
62.9
62.9
62.9
62.9
62.9
62.8
62.9
62.9
62.9
62.8
62.8
62.8
62.8
62.9
63.0
62.9
62.9
63.0
63.1
63.1
63.0
63.0
71.1
62.6
62.6
62.6
62.7
62.7
62.7
62.7
62.8
62.8
62.8
62.8
62.8
62.9
62.9
62.9
62.9
62.9
63.4
63.4
63.3
63.3
63.2
63.1
63.1
63.1
63.5
63.5
63.4
63.5
69.4
63.0
63.0
63.0
62.9
62.9
62.9
62.9
63.0
62.9
63.0
62.9
63.1
63.4
63.3
63.2
63.2
63.1
63.1
63.1
63.1
63.1
63.1
63.1
63.1
63.1
63.1
63.0
63.1
63.2
63.2
63.1
63.1
63.1
63.1
63.0
63.0
63.0
63.0
62.9
62.9
63.0
68.8
63.0
62.9
62.9
62.9
62.9
63.0
63.0
63.0
63.1
63.1
63.0
63.0
63.0
71.9
72.1
64.0
63.8
63.7
63.6
63.6
63.5
63.4
63.5
63.4
63.4
63.5
63.4
63.4
63.3
63.6
63.5
63.4
63.3
63.3
63.2
63.2
63.1
63.1
63.0
63.0
63.0
73.0
63.0
62.9
62.9
63.0
63.0
63.0
63.0
63.0
63.0
63.0
63.0
63.0
63.0
62.9
62.9
63.0
63.0
63.0
63.3
63.2
63.2
63.2
63.2
63.1
63.1
63.1
63.1
68.2
67.8
67.2
66.7
66.2
65.9
65.5
65.3
65.0
64.7
64.6
64.4
64.2
64.0
63.9
63.8
63.7
63.6
63.5
63.5
63.4
63.4
63.4
63.3
63.3
63.2
63.2
63.2
63.2
63.1
72.1
63.4
63.3
63.2
63.2
63.2
63.2
63.2
63.2
63.6
63.9
63.8
63.7
63.6
63.5
63.4
63.4
63.3
63.3
63.3
63.2
63.2
63.1
63.1
63.2
63.1
63.1
63.1
63.1
63.1
63.0
63.0
63.0
63.0
63.1
69.6
62.8
62.8
62.8
62.9
62.9
62.9
62.9
62.9
62.9
62.9
62.9
62.9
62.9
62.9
62.9
63.0
62.9
62.9
63.0
63.0
62.9
62.9
62.9
62.9
62.9
62.9
62.9
62.9
62.9
62.9
62.9
63.0
63.0
63.0
63.0
63.0
63.0
63.0
63.0
63.0
63.0
63.0
63.0
63.0
63.0
63.0
62.9
62.9
62.9
62.9
62.9
62.9
62.9
62.9
62.9
62.9
62.9
62.8
62.8
62.8
62.8
62.8
63.2
63.1
63.4
63.4
63.3
63.3
63.6
63.5
63.4
63.4
63.4
63.3
63.3
69.4
62.8
62.8
62.8
62.8
62.8
62.8
62.8
62.8
62.8
62.9
62.9
62.9
62.9
62.9
62.9
62.9
62.9
62.9
62.9
62.9
62.9
63.0
63.0
63.0
63.0
63.0
63.0
63.0
62.9
62.9
62.9
62.9
62.9
62.8
62.8
62.8
62.8
62.8
62.8
62.8
62.8
62.8
62.8
62.8
62.8
62.8
62.8
62.8
62.8
62.7
62.8
62.8
62.8
62.8
62.7
62.8
75.5
63.6
63.5
63.4
63.3
63.2
63.2
63.2
63.1
63.1
63.2
63.1
63.1
63.1
63.4
63.3
63.3
63.2
63.2
63.1
63.1
63.1
63.0
63.0
63.0
63.0
63.0
63.0
63.0
62.9
62.9
62.9
62.9
62.9
62.9
62.8
62.9
62.8
62.8
62.8
62.8
62.8
62.8
62.8
62.8
62.8
62.8
62.8
62.9
62.9
62.9
62.9
62.9
62.9
62.9
62.9
62.9
62.9
62.9
62.9
62.9
62.9
62.9
62.9
62.9
62.9
62.9
62.8
62.8
62.8
62.8
62.8
62.9
62.9
62.9
62.9
62.9
62.9
62.8
62.9
62.9
62.9
62.9
62.8
62.9
62.9
62.9
63.0
63.0
62.9
62.9
62.9
62.9
62.9
62.8
62.8
62.8
62.8
62.8
62.8
63.2
63.1
63.1
63.1
63.2
63.1
63.5
63.5
63.5
63.5
63.4
63.3
63.2
63.2
63.1
63.0
63.0
63.0
62.9
62.9
62.8
62.8
62.8
62.8
62.8
62.8
62.7
62.8
62.8
62.7
62.7
62.7
62.7
62.7
62.7
62.6
62.6
62.6
62.7
62.7
62.7
62.8
63.4
63.3
63.2
63.2
63.2
63.1
63.1
63.0
62.9
62.9
62.8
62.8
62.8
62.8
62.8
62.8
62.8
62.8
62.8
62.8
62.8
62.8
62.8
62.8
62.7
62.8
62.7
62.8
63.1
63.5
63.5
63.4
63.4
63.2
63.2
63.2
63.1
63.1
63.1
63.1
63.0
63.0
63.0
63.0
62.9
62.9
63.0
63.7
64.0
64.4
64.6
64.4
64.2
64.0
63.9
63.7
63.8
64.1
64.0
63.8
63.7
63.6
63.5
63.4
63.3
63.2
63.2
63.1
63.0
63.0
62.9
62.9
62.9
62.9
62.9
62.8
62.8
62.8
62.8
62.9
62.9
62.9
62.9
62.9
62.9
62.9
62.8
62.8
62.8
63.4
70.3
63.0
62.9
62.9
62.9
63.0
63.0
63.0
62.9
63.0
63.0
62.9
62.9
63.0
62.9
62.9
62.9
62.9
62.9
62.9
62.9
62.9
62.9
62.9
62.9
69.0
69.6
69.0
62.8
62.8
62.8
62.8
62.8
62.8
62.8
62.8
62.8
62.8
62.8
62.8
62.7
62.7
62.9
62.8
63.0
62.9
63.4
63.3
63.2
63.1
63.1
63.0
63.0
63.0
63.0
62.9
63.0
63.0
70.9
64.9
64.6
64.4
64.2
64.0
63.8
63.7
63.6
63.5
63.4
63.4
63.3
63.2
63.2
63.2
63.1
63.0
63.0
63.0
63.0
62.9
62.9
62.9
62.9
62.8
62.8
62.8
62.8
62.9
62.9
62.9
62.8
62.8
62.7
62.7
62.7
62.7
62.7
62.7
62.7
62.8
62.8
62.8
62.7
62.7
62.8
62.8
62.7
62.7
62.8
62.8
62.8
62.8
62.8
62.8
62.8
62.8
62.8
62.7
62.8
62.8
62.9
62.8
62.8
62.8
62.8
62.8
62.9
62.9
62.9
62.9
62.9
62.9
62.9
62.9
62.9
63.2
63.6
63.5
63.4
63.3
63.3
63.2
63.1
63.1
63.1
63.1
63.0
63.0
63.1
63.0
63.0
63.0
63.0
62.9
62.9
62.9
62.9
62.9
62.9
62.9
62.9
62.9
62.9
62.9
62.9
62.9
62.9
62.9
62.9
62.9
62.9
62.9
62.9
63.0
62.8
62.9
62.9
62.9
63.1
63.3
63.3
63.2
63.1
63.2
63.1
63.1
63.0
63.0
63.0
63.0
63.0
62.9
62.9
62.9
62.8
62.9
68.6
62.6
62.6
62.6
62.6
62.7
62.7
62.7
62.7
62.7
62.8
63.0
63.6
63.6
63.5
63.4
63.4
63.4
63.3
63.3
63.6
63.5
63.5
63.4
63.4
63.7
63.7
63.6
63.5
63.3
63.2
63.2
63.2
63.1
63.0
63.0
63.0
62.9
62.9
62.9
62.9
62.9
63.2
63.2
63.3
63.6
64.0
63.9
63.8
63.7
63.6
63.5
63.4
63.3
63.2
63.2
63.1
63.1
63.1
63.0
62.9
62.9
63.1
63.0
63.0
63.0
63.0
62.9
62.9
62.9
62.9
63.0
63.0
62.9
62.9
62.9
62.9
62.9
62.8
62.8
62.8
62.9
73.8
73.2
64.0
63.9
69.4
69.0
63.0
62.9
62.9
62.8
62.8
62.8
62.8
62.8
62.8
62.9
62.9
62.9
62.9
62.9
63.0
63.3
63.7
64.0
63.8
63.8
63.7
63.5
63.5
63.3
63.3
63.2
63.1
63.1
63.1
63.0
63.0
63.0
62.9
62.9
62.9
62.9
69.6
63.0
63.0
62.9
62.9
62.8
62.9
63.0
63.0
63.0
63.0
63.0
62.9
63.0
63.0
62.9
62.9
62.9
62.8
69.2
69.0
62.6
62.6
62.6
62.5
62.9
63.4
63.3
63.4
63.3
63.3
63.3
63.2
63.2
63.1
63.1
63.1
63.1
63.1
63.1
63.0
63.0
62.9
62.9
62.9
62.8
62.8
62.8
62.8
62.9
63.3
63.8
63.6
63.5
63.4
63.3
63.2
63.2
63.1
63.1
63.0
63.0
63.0
63.1
63.3
63.2
63.0
63.1
63.0
63.0
63.0
63.0
62.9
63.0
62.9
62.9
62.9
62.9
62.9
62.9
62.9
62.8
62.8
62.8
62.8
62.8
62.8
62.8
62.8
62.8
62.8
62.8
62.8
62.9
62.9
62.8
62.8
63.0
63.3
63.7
63.7
63.6
63.5
63.4
63.4
63.3
63.2
63.2
63.1
63.1
63.1
63.0
62.9
62.9
62.9
62.9
62.9
62.9
62.8
63.0
69.0
62.8
62.8
62.8
62.8
62.9
62.8
62.9
62.9
62.9
62.9
63.1
68.6
62.8
62.8
62.8
62.8
62.9
62.8
62.8
62.9
62.9
62.9
62.9
62.8
62.9
62.9
62.9
62.9
62.9
63.0
62.9
62.9
62.9
63.0
63.5
63.4
63.3
63.2
63.2
63.2
63.1
63.1
63.0
63.0
63.0
63.0
62.9
63.0
63.0
63.0
62.9
62.9
62.9
62.9
62.9
62.9
62.9
62.9
62.9
62.9
62.9
62.9
62.8
62.8
62.8
62.9
62.9
62.9
62.9
62.9
62.9
62.9
62.9
62.9
62.9
62.9
63.2
63.2
63.1
63.1
63.1
63.1
63.0
63.0
63.0
63.0
63.0
63.0
62.9
62.9
62.9
62.9
62.9
62.9
63.0
63.0
63.3
63.7
64.0
63.9
63.7
63.7
63.5
63.4
63.4
63.3
63.3
63.3
63.2
63.2
63.1
63.1
63.0
62.9
63.2
63.3
63.2
63.1
63.1
63.0
63.0
63.0
62.9
63.0
62.9
62.9
62.9
62.9
62.9
62.9
62.9
62.9
62.8
62.8
62.8
62.8
62.8
62.8
62.8
62.9
62.9
62.9
62.8
62.8
62.7
62.8
62.8
62.8
62.8
62.8
62.8
62.8
62.8
62.8
62.8
62.8
63.1
63.1
63.1
63.1
63.0
63.0
62.9
62.9
62.9
62.9
62.9
62.9
62.9
62.9
62.8
62.8
62.8
62.8
62.8
62.8
62.8
62.8
62.8
62.8
62.8
62.8
62.8
62.8
62.8
62.8
62.8
62.7
62.8
62.8
62.8
62.9
62.9
62.9
62.8
62.8
62.8
62.9
70.3
70.0
62.8
62.8
62.8
62.8
62.8
62.7
68.2
67.8
67.2
66.6
66.1
65.7
65.6
65.8
65.4
65.1
64.9
64.6
64.4
64.2
64.1
63.9
63.8
63.6
63.5
63.4
63.3
63.3
63.2
63.1
63.7
63.7
63.6
63.5
63.4
63.4
63.3
63.3
63.2
63.2
63.1
63.1
63.1
63.0
63.0
63.0
63.0
63.0
63.0
63.0
63.0
63.0
63.0
63.0
63.0
63.0
63.5
63.8
63.7
63.5
63.5
63.4
63.6
69.8
62.8
62.8
63.1
63.7
63.6
63.5
63.5
63.4
63.3
63.2
63.2
63.2
63.2
63.1
63.0
63.0
63.0
63.0
63.3
63.6
63.5
63.4
63.3
63.2
63.2
63.2
63.1
63.1
63.0
63.0
63.0
63.0
62.9
63.0
63.0
63.0
63.0
62.9
62.9
63.4
63.3
63.3
63.2
63.2
63.1
63.1
63.1
63.0
63.0
63.0
63.0
62.9
62.9
62.9
62.8
62.9
62.8
62.8
62.8
62.8
62.8
62.8
62.8
62.8
62.8
62.8
62.8
62.8
62.8
62.8
62.8
62.8
62.8
62.8
62.8
62.8
62.8
62.8
63.0
63.0
63.0
63.0
63.0
63.0
62.9
63.1
63.1
63.0
63.0
63.0
62.9
62.9
62.9
62.9
63.0
63.1
70.1
64.2
64.0
63.9
63.7
63.8
63.7
63.6
63.5
63.5
63.5
63.7
63.6
63.5
63.4
63.3
63.3
63.2
63.1
63.1
63.1
63.1
63.0
62.9
62.9
62.9
62.9
63.0
63.0
63.0
63.0
63.0
63.0
62.9
62.9
62.9
63.0
62.9
62.9
62.9
63.5
63.8
63.6
63.6
63.5
63.5
63.4
63.3
63.3
63.2
63.2
63.1
63.0
63.0
63.0
63.0
62.9
63.0
63.0
62.9
63.4
63.3
63.3
63.3
63.2
63.2
63.2
63.2
63.1
63.1
63.1
63.1
63.2
63.1
63.0
63.0
63.0
63.0
63.1
63.1
63.1
63.1
62.9
62.9
62.9
63.0
63.0
63.0
63.0
63.0
62.9
62.9
63.0
62.9
62.9
62.9
63.1
63.0
63.0
63.1
63.1
63.1
63.0
63.0
63.0
63.0
62.9
62.9
62.9
62.9
62.9
62.9
62.9
62.9
62.8
62.9
62.8
62.8
62.8
62.8
62.8
62.8
62.8
62.8
62.8
62.8
62.9
62.9
62.9
62.9
62.9
62.8
62.8
62.8
62.8
62.8
62.7
62.7
62.7
62.8
62.7
62.8
62.7
62.7
62.7
62.7
62.8
62.7
62.7
62.7
62.7
62.8
62.7
62.8
62.8
62.8
62.8
62.8
62.8
62.8
62.8
62.8
62.7
62.7
63.0
63.0
62.9
62.8
62.8
63.0
63.0
62.9
63.0
63.0
63.0
63.0
63.0
63.0
63.0
62.9
62.9
62.9
62.9
62.9
71.3
70.6
63.4
63.3
63.3
63.3
63.2
63.2
63.1
63.1
63.0
63.0
63.0
62.9
62.9
62.9
62.9
62.9
62.9
63.2
69.2
68.7
63.0
62.9
62.9
62.9
62.8
62.9
62.9
62.9
62.8
62.9
63.0
63.4
63.8
64.0
63.8
63.7
63.6
63.5
63.4
63.4
63.3
63.2
63.2
63.1
63.1
63.0
63.0
63.0
63.0
63.0
62.9
63.0
62.9
62.9
62.9
62.9
62.8
62.9
62.8
62.8
62.9
62.9
62.8
62.9
62.9
62.8
62.8
62.8
62.8
62.7
62.7
62.7
62.7
62.7
62.7
62.7
70.3
69.7
62.8
62.8
63.0
63.1
63.1
63.4
63.3
63.2
63.2
63.1
63.3
63.2
63.2
63.1
63.0
63.0
63.0
62.9
62.9
62.9
62.9
62.9
62.8
62.8
62.8
62.7
62.7
62.7
62.7
62.7
63.1
63.0
63.0
62.9
62.8
62.8
62.8
62.8
62.7
62.7
62.7
62.7
62.7
62.8
62.8
62.7
62.8
62.8
62.7
62.8
63.4
63.3
63.2
63.1
63.1
63.1
63.0
63.0
63.0
62.9
62.9
62.9
62.8
62.8
62.8
62.9
62.8
62.8
62.8
62.8
62.8
62.8
63.1
63.7
63.9
63.8
63.6
63.5
63.4
63.3
63.2
63.4
63.3
63.2
63.1
63.1
63.0
63.0
63.0
73.4
64.0
63.8
63.9
63.8
63.7
63.6
63.5
63.4
63.3
63.3
63.3
63.2
63.1
63.1
63.1
63.0
63.0
63.0
63.0
63.0
63.0
62.9
62.9
62.9
62.9
62.9
62.9
62.9
62.9
62.8
62.8
62.9
62.8
62.8
62.8
62.9
62.8
62.8
62.8
62.8
62.8
62.8
62.8
62.8
71.3
70.9
62.6
62.6
62.6
62.6
62.6
62.6
62.6
62.6
62.6
62.6
62.6
62.6
62.7
62.7
62.6
62.6
62.6
62.8
62.8
62.9
63.5
63.7
63.6
63.4
63.4
63.3
63.2
63.1
63.0
63.0
62.9
62.9
62.9
62.8
62.8
62.8
62.7
62.7
62.7
62.7
62.7
62.7
62.7
62.6
62.7
62.7
62.7
62.6
62.7
62.7
62.8
62.8
62.7
62.7
62.7
62.7
62.7
63.2
63.0
63.0
63.0
62.9
63.0
63.0
62.9
62.9
62.8
62.8
62.8
62.7
62.8
62.8
62.8
62.8
62.8
62.7
62.7
62.7
70.7
70.3
62.4
62.4
62.4
62.4
62.5
62.6
62.6
62.6
62.6
62.6
62.7
62.7
62.7
62.7
62.7
62.7
62.7
63.0
63.5
63.4
63.4
63.3
63.2
63.2
63.1
63.1
63.1
63.1
63.1
63.0
63.0
63.0
62.9
62.9
62.9
62.8
62.8
63.2
63.1
63.1
63.1
71.7
71.1
63.6
63.7
63.6
63.5
63.4
63.3
63.3
63.2
63.2
63.1
63.1
63.0
63.0
63.0
62.9
62.9
62.9
62.8
62.8
62.7
62.8
62.7
62.7
62.7
62.7
62.7
62.7
62.7
62.7
62.8
62.8
62.8
62.8
62.8
62.8
62.8
62.8
