54.2
54.7
64.4
63.8
58.2
58.2
58.2
58.2
58.2
58.2
58.2
58.2
58.2
58.4
58.4
58.4
58.4
58.4
58.3
58.4
58.3
58.5
58.6
58.6
58.6
58.6
58.5
58.5
58.4
58.4
58.4
58.4
58.4
58.4
58.4
58.4
58.4
58.4
58.4
58.4
58.4
58.5
58.5
59.3
59.1
58.9
58.7
58.6
58.6
58.6
58.5
58.5
58.5
59.0
58.8
58.8
58.7
58.6
58.6
58.6
58.5
58.6
58.5
58.5
58.5
58.5
58.4
58.4
58.4
58.4
58.4
58.4
58.5
58.5
58.5
58.5
58.5
58.6
58.5
58.5
58.5
58.5
58.5
58.5
58.5
58.5
58.4
58.4
58.4
58.5
58.4
58.4
58.4
58.4
58.4
58.4
58.4
58.4
58.4
58.4
58.4
58.4
58.4
58.3
58.3
58.3
58.3
58.4
58.4
58.4
58.4
