58.0
57.9
58.3
58.5
68.8
59.7
59.3
54.2
54.5
55.1
60.9
60.9
55.1
55.2
61.9
61.8
61.7
55.5
61.1
60.6
60.5
60.2
60.2
60.4
60.0
59.8
59.4
59.1
59.0
59.2
58.8
58.8
58.7
58.7
58.1
58.6
58.4
58.4
58.3
58.9
59.4
59.3
59.2
58.9
59.2
59.4
59.6
59.8
60.1
60.0
60.3
60.6
60.8
53.4
63.2
62.8
62.3
61.9
61.8
61.9
61.8
61.4
61.3
60.7
68.8
59.7
59.5
59.5
59.8
59.7
67.6
61.5
55.9
56.0
56.4
61.7
61.6
61.3
60.9
60.9
69.4
55.3
55.6
55.8
62.1
61.6
61.2
60.9
60.8
60.8
60.3
60.2
68.0
67.5
60.7
60.5
60.0
60.3
59.9
59.5
60.0
60.3
60.4
60.4
54.9
60.7
60.6
60.4
60.6
60.2
60.2
60.7
60.4
60.3
60.3
60.2
60.2
60.0
60.0
59.8
59.9
60.0
60.3
65.7
65.1
58.0
58.2
58.7
58.9
58.9
59.3
59.9
60.4
59.9
60.3
60.2
60.2
59.7
59.9
59.8
59.9
59.7
59.6
59.5
59.9
59.9
59.6
54.2
67.6
60.7
67.8
61.7
61.9
61.4
61.3
61.2
61.4
61.0
60.9
60.6
60.9
60.9
60.8
61.2
60.7
60.5
60.5
60.2
60.3
60.6
55.3
55.7
55.9
56.1
69.2
59.9
59.9
59.4
59.1
65.5
65.0
59.2
58.9
66.1
60.1
59.8
60.1
60.0
60.1
60.2
59.9
60.4
59.9
60.0
59.8
60.0
60.0
59.8
59.7
59.5
59.6
59.7
59.8
59.9
60.1
60.3
60.0
