55.9
56.2
56.2
51.1
51.3
51.7
51.7
51.9
58.2
57.6
57.0
56.7
56.9
56.5
56.4
55.8
55.7
50.1
50.5
51.0
58.2
53.0
52.7
52.8
53.1
53.6
53.4
53.4
53.1
53.1
53.0
53.2
53.1
52.9
52.8
53.2
53.6
53.4
53.4
53.4
53.3
53.5
53.3
53.2
53.4
53.1
52.9
52.7
53.2
53.3
53.4
53.3
53.3
53.4
53.7
53.7
53.7
53.8
53.9
53.9
53.7
53.8
53.3
53.5
53.6
53.6
53.5
53.3
53.0
52.8
53.1
53.1
53.0
53.2
52.9
53.2
53.5
53.6
53.7
53.7
53.5
53.6
53.3
53.4
53.2
53.1
53.0
52.9
52.9
53.0
53.1
53.4
53.3
52.8
52.8
53.0
53.1
53.3
53.3
53.4
53.6
53.3
53.5
53.3
53.3
53.0
53.2
53.5
53.1
52.8
52.7
53.0
53.1
53.1
52.9
53.0
52.8
52.8
52.9
53.3
53.2
53.2
53.3
53.0
53.5
53.0
52.9
52.8
53.1
53.0
52.9
53.0
52.9
53.3
53.2
53.6
53.4
53.6
53.1
53.0
53.4
53.6
53.4
53.2
53.4
59.0
52.4
52.6
52.5
52.4
52.3
52.2
52.8
52.8
52.6
53.0
53.3
53.0
53.1
53.4
53.2
53.0
53.1
53.1
52.8
52.7
52.9
52.7
53.0
53.0
53.2
53.1
53.1
53.4
53.1
53.1
53.4
53.4
53.4
53.4
53.2
53.2
52.9
53.0
52.9
53.1
53.1
53.1
53.0
53.0
53.3
60.9
52.2
52.6
52.5
52.5
52.7
52.7
52.7
52.6
52.7
53.1
53.5
53.3
53.1
53.1
52.9
52.9
53.4
53.6
53.6
53.8
53.8
53.8
53.6
53.5
53.7
53.5
53.6
53.4
53.6
53.5
53.5
53.6
53.7
53.8
53.7
53.7
53.8
53.6
53.6
53.2
53.4
53.1
52.8
52.9
52.7
52.7
52.6
52.8
53.0
53.0
52.8
53.0
53.2
53.5
53.3
53.2
53.0
53.3
53.2
53.3
53.1
53.1
53.1
53.3
53.1
53.1
53.3
53.5
53.3
53.5
53.3
53.3
53.3
53.0
53.0
53.0
53.2
53.3
53.1
53.3
53.1
53.1
53.3
53.3
53.4
53.5
53.7
53.7
53.7
53.7
53.6
54.1
54.0
53.6
53.7
53.5
53.8
53.6
53.8
53.8
54.0
54.0
53.9
53.8
54.2
54.3
54.4
54.2
54.6
54.7
54.8
54.8
55.3
55.9
55.4
55.3
55.2
55.3
54.8
54.4
54.5
54.6
54.2
53.9
53.7
53.5
53.6
53.7
53.9
54.2
54.1
54.0
54.0
53.8
53.6
53.7
53.4
53.2
53.2
53.0
52.6
52.7
52.5
52.3
52.1
52.4
52.4
52.6
53.2
53.6
53.3
53.2
53.0
53.4
53.3
53.4
53.1
53.3
53.3
53.6
53.9
53.7
53.7
53.8
53.8
53.5
53.5
53.6
