43.7
59.9
59.9
60.3
67.4
62.1
61.8
61.6
61.2
61.2
61.4
61.6
62.0
67.6
58.6
59.1
59.4
59.5
59.5
59.4
59.8
59.8
59.7
59.6
59.9
60.0
60.0
60.0
59.9
59.8
60.0
60.3
60.4
60.1
60.6
60.7
60.8
60.6
60.6
60.4
60.6
60.8
60.6
60.6
60.7
61.2
61.1
61.2
61.5
61.5
61.8
62.2
62.3
61.9
62.0
62.3
62.2
61.9
61.6
61.7
61.6
61.7
61.9
61.6
61.5
56.1
56.6
62.4
62.2
62.2
62.0
67.1
66.6
61.5
61.6
61.4
61.0
60.7
60.6
60.5
60.8
60.9
60.8
60.8
60.7
60.4
60.6
60.6
60.7
60.7
60.6
60.8
60.8
60.7
60.9
61.0
61.3
61.1
61.0
61.6
62.1
62.0
61.5
61.3
61.1
60.9
61.3
61.1
60.5
60.5
60.7
60.7
61.2
60.6
60.8
60.9
61.3
61.1
60.6
60.5
60.7
60.8
60.8
60.8
60.7
60.7
60.4
60.7
60.5
60.3
60.2
60.2
60.3
60.0
60.1
60.4
60.7
60.6
60.5
60.7
60.8
60.9
60.6
60.4
60.6
60.5
60.2
60.3
60.0
59.8
60.0
60.3
60.6
60.6
60.5
60.7
60.9
61.2
60.6
60.6
60.6
60.6
60.4
60.5
60.6
60.9
60.8
61.2
69.6
63.6
63.3
62.8
62.6
62.3
62.1
61.8
61.9
62.1
61.9
61.9
62.2
62.4
62.0
61.5
61.4
61.4
61.4
61.6
67.1
61.7
61.6
61.4
61.3
61.4
61.3
61.0
61.5
61.5
61.2
61.1
61.6
61.5
61.2
61.0
61.0
61.0
60.8
60.9
60.7
60.9
61.4
61.5
61.7
61.9
62.1
62.1
61.8
62.3
61.9
62.2
62.2
62.1
62.2
62.6
62.5
62.4
62.1
62.0
62.2
62.3
62.1
62.1
61.6
61.4
61.2
61.2
61.1
61.1
60.8
60.6
60.6
60.2
60.8
61.0
61.2
61.1
61.2
61.5
61.2
61.2
61.0
61.3
61.6
61.2
61.4
61.6
61.3
61.8
61.4
61.5
61.9
62.2
62.1
61.8
61.8
61.7
62.2
62.0
61.6
61.7
62.0
62.3
62.0
61.8
61.7
61.7
61.9
61.8
61.9
61.7
61.6
62.0
62.5
62.4
62.2
62.2
62.1
62.1
61.9
62.0
62.4
62.2
62.3
62.0
61.6
61.4
61.1
61.3
61.0
61.1
61.2
61.4
61.6
61.6
61.9
61.5
61.5
61.3
66.9
60.9
61.1
66.9
66.5
66.3
65.9
65.5
64.8
64.4
58.4
58.6
58.8
59.2
59.1
59.2
59.5
59.6
59.9
60.0
60.5
60.2
60.1
60.2
60.3
60.0
60.2
60.2
60.0
60.2
60.1
59.9
59.8
60.4
60.6
60.4
60.2
60.8
60.8
61.0
61.1
61.1
61.0
61.3
61.7
61.8
61.8
62.1
62.1
62.1
61.9
62.0
62.1
61.6
61.8
61.4
61.5
61.2
61.3
61.2
61.5
61.4
61.3
61.1
61.2
60.9
61.0
61.0
60.8
60.6
60.7
60.9
60.9
60.8
60.6
60.4
60.8
60.9
61.3
61.5
61.3
61.2
61.0
61.0
61.0
60.9
60.9
61.1
61.0
61.0
60.9
60.9
61.4
61.6
61.9
62.0
62.1
61.8
61.5
61.4
61.3
66.5
60.1
60.7
60.7
60.8
60.7
60.6
60.6
60.8
60.6
60.3
60.8
60.7
60.8
60.9
61.1
61.4
61.7
61.4
61.3
61.7
61.6
61.6
61.1
61.0
61.5
61.8
62.0
61.9
61.6
61.4
61.2
61.5
61.1
60.9
61.4
61.6
61.1
60.8
60.7
61.0
61.4
61.9
62.0
61.5
61.3
61.1
60.7
60.7
60.7
60.9
61.0
61.0
60.9
61.0
60.7
61.1
61.0
61.1
60.9
61.3
61.4
61.5
61.5
61.6
61.4
61.5
61.3
61.1
60.9
60.9
61.0
61.5
61.6
61.9
61.9
61.9
61.7
61.6
61.4
61.5
61.4
61.5
61.2
61.3
61.3
61.1
61.6
61.7
61.4
61.5
61.4
61.6
61.4
61.3
61.5
68.6
59.4
59.5
59.6
59.9
59.9
59.6
59.8
59.8
59.9
59.7
60.0
60.1
59.9
60.3
60.8
60.9
61.0
60.8
61.4
61.4
61.1
61.0
60.9
60.9
61.2
61.4
62.0
61.6
61.6
61.8
61.8
61.6
61.5
61.9
61.9
61.7
67.4
57.6
57.7
58.1
64.2
64.0
63.7
63.1
63.0
62.6
62.7
62.5
62.6
62.6
74.0
74.5
74.6
74.2
74.7
75.3
81.7
81.1
72.8
72.9
67.8
73.6
74.1
74.7
75.0
75.3
75.1
74.6
74.1
62.4
62.2
62.6
62.5
63.0
63.5
69.4
69.1
69.0
68.4
68.2
61.9
68.8
68.4
68.1
67.6
67.4
67.1
66.7
61.3
69.4
69.3
68.9
68.3
67.8
67.2
67.4
67.3
66.9
66.7
66.7
61.5
62.0
62.3
62.7
62.5
67.8
67.6
67.7
67.6
67.4
67.9
67.5
62.1
61.8
61.7
62.1
61.9
61.7
61.8
61.4
61.4
61.4
61.4
61.1
61.1
61.3
61.1
61.2
61.5
61.4
61.4
61.8
61.9
62.0
61.8
61.7
61.7
61.9
62.0
62.1
61.9
61.5
61.4
61.6
61.6
61.8
61.9
62.2
62.1
62.6
63.1
63.3
62.8
62.9
62.4
62.2
62.3
61.9
62.0
62.2
61.9
61.6
61.7
62.0
61.7
61.7
61.6
61.8
61.5
61.4
61.4
61.6
61.8
61.7
61.7
61.6
61.6
61.8
61.6
61.5
61.4
61.5
61.3
61.3
61.4
61.4
61.7
61.5
61.6
61.6
61.5
61.6
61.6
61.8
62.3
62.2
62.5
62.5
62.3
62.2
61.9
62.2
62.2
62.5
62.2
62.3
62.6
62.1
62.1
61.8
62.0
62.3
62.3
62.7
62.5
62.1
61.9
61.8
61.6
61.5
61.5
61.1
60.9
60.9
60.8
60.9
60.8
60.7
61.0
61.2
61.5
61.4
61.5
62.0
62.4
62.3
62.1
61.9
61.8
62.3
62.4
62.3
62.4
62.3
62.7
62.4
62.2
61.7
62.2
62.4
62.2
61.7
61.9
62.1
61.9
61.9
62.1
61.8
61.9
61.5
61.6
62.0
61.9
62.1
61.9
61.5
61.2
60.8
60.6
60.8
60.7
61.0
60.9
60.9
60.8
60.9
60.9
68.0
60.7
60.7
60.8
60.7
60.4
60.5
60.4
60.9
60.4
60.3
60.7
60.9
60.8
60.8
60.8
60.7
61.0
61.0
61.3
61.1
66.9
59.0
59.2
64.9
64.9
59.2
66.1
59.7
59.7
59.4
59.7
59.6
60.0
60.0
60.2
60.7
61.2
61.2
61.2
60.9
60.6
60.5
60.0
67.6
57.6
64.6
64.0
63.9
63.7
63.4
63.1
63.0
63.0
63.4
57.4
64.4
58.2
58.6
58.5
59.2
59.4
65.9
65.6
59.4
59.5
67.4
59.4
59.5
59.9
59.8
60.0
60.5
60.5
60.3
60.2
60.1
59.9
59.9
60.3
60.1
60.3
65.7
65.6
65.0
64.5
64.1
63.8
63.4
63.8
63.2
62.8
62.6
62.1
62.1
61.8
61.8
62.0
62.0
62.1
62.2
62.2
62.2
61.9
62.0
62.2
62.1
62.0
61.7
62.3
62.1
62.0
62.1
62.0
62.5
62.0
62.0
62.1
62.0
62.0
61.6
61.5
61.6
61.5
61.5
61.7
61.8
61.7
61.6
62.0
62.1
62.0
62.2
62.0
62.3
62.0
62.0
61.5
61.9
55.5
55.7
56.3
56.7
56.9
57.3
63.2
63.0
62.6
62.5
62.6
62.8
62.5
62.4
61.8
61.8
61.6
61.2
60.9
60.8
60.7
60.4
60.9
60.4
60.5
65.9
65.5
65.0
64.6
64.2
64.0
63.7
63.3
62.8
62.8
62.8
62.3
62.1
61.9
61.6
61.5
61.5
61.5
61.5
61.2
61.0
60.7
60.6
60.5
60.2
60.6
60.1
66.1
59.2
59.2
59.6
59.7
59.8
60.1
60.4
60.7
60.7
60.6
60.7
60.5
60.5
60.5
60.7
60.4
60.5
61.0
61.3
61.2
61.5
61.5
67.1
66.4
65.9
59.4
59.5
60.0
60.2
60.0
60.0
60.1
60.2
60.0
60.5
60.5
61.0
60.6
61.0
61.2
61.0
60.9
60.8
60.8
61.2
61.1
61.5
61.5
61.2
61.4
66.9
60.9
61.4
61.5
61.7
61.6
61.8
62.4
62.5
63.0
63.2
63.1
63.2
63.3
62.8
63.0
63.1
62.9
62.9
62.8
62.4
61.9
61.8
61.6
61.5
61.3
61.5
61.4
61.2
61.2
60.9
60.9
60.7
60.6
60.6
60.7
61.2
61.4
61.7
61.6
61.7
61.8
62.2
61.8
61.7
61.9
62.2
62.0
61.9
61.7
61.8
61.8
62.1
61.6
61.8
61.5
61.6
61.8
61.7
61.5
61.6
61.2
61.6
61.2
60.9
60.8
60.8
61.1
61.2
60.9
61.1
61.2
61.2
61.0
61.6
62.0
62.0
62.1
61.7
61.7
61.6
62.0
62.4
62.5
62.7
62.8
62.6
62.8
63.3
62.7
63.0
62.7
62.6
62.4
62.3
62.0
62.2
62.4
62.6
62.5
62.5
62.3
62.0
61.7
62.1
62.5
62.2
62.5
62.8
62.5
62.3
62.1
62.2
62.0
61.7
61.2
61.2
61.1
60.9
61.3
61.7
61.7
61.8
61.4
61.4
61.3
61.6
61.5
61.5
61.1
61.1
61.3
60.8
60.7
61.1
61.6
61.3
61.4
61.5
61.4
61.3
61.7
62.0
62.2
67.8
67.1
60.9
60.6
60.4
60.7
60.9
61.0
61.5
61.2
61.3
61.3
61.4
61.6
61.8
62.3
62.4
62.3
61.9
61.9
61.7
62.1
61.8
61.3
67.6
58.8
59.0
59.6
59.9
59.9
60.1
60.5
60.8
60.9
61.4
61.5
61.5
61.4
61.3
61.1
61.5
61.5
61.8
67.1
59.4
59.5
59.7
59.9
60.0
60.2
60.4
60.2
60.2
60.3
60.2
60.7
60.7
61.0
61.2
60.9
61.2
61.2
61.2
61.2
61.2
61.2
61.2
61.2
61.8
61.9
62.1
62.0
62.0
61.9
62.1
62.1
62.3
62.2
62.1
61.7
61.5
61.2
61.2
66.5
66.1
60.7
60.5
60.9
69.0
57.4
63.2
