43.7
64.4
54.5
55.0
55.5
55.7
56.0
56.5
56.5
56.6
63.4
63.4
62.9
63.0
63.0
57.4
63.8
63.6
63.4
70.5
70.0
69.5
69.1
68.6
68.0
58.4
58.4
58.3
58.5
63.8
56.7
66.1
59.2
59.3
58.9
58.3
58.2
58.5
58.4
58.1
57.8
58.0
58.1
68.8
60.3
59.6
59.5
59.2
59.0
58.8
58.9
59.0
58.5
58.3
58.8
68.8
56.5
73.2
60.7
55.3
55.9
61.9
56.1
56.3
56.6
56.4
56.7
56.6
57.0
57.2
57.0
57.6
57.7
58.0
64.0
63.8
63.2
62.6
57.4
57.2
57.5
57.7
58.3
58.6
68.4
56.5
57.0
65.7
55.5
55.5
55.8
55.5
55.5
55.4
55.6
55.7
56.1
56.3
63.0
56.5
56.9
56.9
66.1
60.5
59.9
59.5
66.7
66.4
55.9
56.0
71.7
64.0
57.6
57.9
65.7
66.0
55.9
69.2
69.0
69.1
58.8
59.1
59.1
66.7
66.3
66.7
53.8
54.0
54.5
54.9
55.0
69.8
62.6
62.1
61.8
62.2
56.1
56.7
56.4
62.1
61.6
61.5
61.3
61.9
61.9
67.6
62.1
78.8
58.0
58.2
58.3
58.7
59.1
58.7
68.6
63.4
62.8
62.6
56.5
56.8
56.5
56.5
56.8
57.3
57.5
57.7
57.8
58.4
58.4
58.4
68.4
56.9
57.0
62.8
62.4
57.2
57.6
57.4
57.2
57.2
57.6
58.0
58.0
58.3
57.9
57.7
62.8
62.7
57.4
57.6
57.5
57.0
62.8
62.6
62.6
62.1
56.3
56.6
57.0
57.4
57.2
57.8
57.9
57.8
58.3
58.7
59.3
66.3
55.7
55.6
66.1
59.2
59.2
59.6
59.8
59.3
59.4
59.4
59.2
59.1
59.0
58.8
59.1
58.9
59.0
58.9
58.9
64.9
55.5
55.9
65.5
57.4
57.7
57.7
63.6
56.5
56.7
56.6
56.6
63.6
64.1
64.5
65.0
64.9
64.5
58.4
58.0
58.2
58.0
57.9
58.1
58.6
58.4
58.1
57.9
57.7
58.0
63.4
63.5
57.4
57.9
58.3
58.4
58.2
58.2
58.6
58.6
58.7
58.6
58.9
59.1
59.1
59.4
59.2
65.5
56.7
56.7
64.0
55.3
67.4
67.2
61.5
62.0
61.4
60.8
60.2
60.3
60.0
59.4
59.9
60.3
66.5
58.0
58.3
58.5
67.1
66.6
66.9
66.3
66.2
65.9
65.3
65.2
65.6
65.3
64.9
64.4
63.8
57.2
57.5
64.0
64.1
63.8
63.3
63.5
63.1
63.3
63.5
63.9
63.4
57.4
57.7
69.4
60.9
61.1
60.6
60.8
60.2
60.3
59.8
59.6
59.7
59.3
59.5
59.4
