58.8
58.8
68.0
61.9
61.7
61.6
61.6
61.3
61.3
61.1
60.9
61.0
60.6
60.8
60.9
60.9
61.0
60.9
60.8
60.7
60.4
60.3
59.9
59.8
59.8
59.9
59.9
59.7
59.7
59.7
59.7
59.8
59.6
59.7
60.0
60.0
60.3
60.0
60.0
60.0
60.3
60.4
60.6
60.7
61.0
60.9
60.6
60.4
60.5
60.4
60.3
60.4
59.9
60.2
60.3
60.4
60.7
60.9
60.9
60.8
60.6
60.7
60.4
60.6
61.0
61.0
61.2
61.2
61.2
61.3
61.8
61.5
61.3
61.0
60.8
60.6
60.5
60.5
60.7
60.6
60.4
60.1
59.9
59.9
60.0
59.9
60.1
59.8
59.6
59.6
59.7
59.8
59.7
59.8
59.9
59.8
60.0
59.9
60.2
60.1
59.9
60.0
59.9
59.7
59.8
59.7
59.7
59.6
59.7
59.7
65.3
64.8
58.2
58.3
58.3
58.5
68.2
57.8
58.1
58.6
59.0
59.2
59.3
59.4
59.4
59.4
59.6
59.8
60.2
60.2
60.2
60.4
60.1
60.1
68.2
59.4
59.7
59.6
59.6
59.7
59.7
59.8
59.8
65.9
59.9
59.8
60.1
60.0
60.3
60.3
60.4
60.5
60.4
60.6
60.7
60.8
61.0
60.7
60.4
60.3
60.4
60.4
60.2
60.4
60.5
60.3
60.3
61.0
61.0
60.9
60.5
60.5
60.3
60.1
60.1
60.2
60.7
61.4
61.5
61.4
61.0
61.6
61.8
61.7
61.9
61.7
61.4
61.5
61.4
61.3
61.0
61.1
60.8
60.6
60.8
60.7
61.0
60.9
61.0
61.0
60.7
60.9
60.7
60.5
60.6
60.5
60.5
60.3
60.3
60.6
60.7
60.6
60.3
60.3
60.4
60.1
60.2
60.1
60.0
60.0
60.2
60.2
60.3
60.5
60.5
60.5
60.7
60.6
60.8
60.6
60.3
60.4
60.2
60.2
60.5
60.6
60.8
60.5
60.3
60.4
60.4
60.4
60.3
60.4
60.3
60.3
60.2
60.0
59.9
59.7
59.7
59.7
59.6
59.7
59.6
59.6
59.7
59.6
59.9
60.0
60.3
60.4
60.4
60.6
60.6
60.4
60.3
60.2
60.0
59.9
59.7
59.9
59.9
59.9
59.7
59.8
59.9
59.7
59.7
60.1
60.1
60.3
60.4
60.4
60.6
60.5
60.2
60.2
60.2
60.2
60.2
60.2
60.2
60.0
60.5
60.7
61.1
60.9
61.1
60.9
61.0
61.1
61.3
61.2
61.3
61.3
61.0
60.7
60.7
60.8
61.0
61.0
60.8
60.5
60.3
60.2
60.4
60.3
60.4
60.7
60.7
60.8
60.9
60.9
60.8
60.5
60.3
60.4
60.2
60.3
60.1
60.0
59.9
59.8
59.9
59.7
59.8
59.9
59.9
60.0
59.9
59.7
59.6
60.0
60.1
59.9
60.1
59.9
60.0
60.2
60.3
60.6
60.3
60.4
60.5
60.3
60.6
60.4
60.3
60.2
60.3
60.2
60.1
59.9
59.9
59.7
59.8
59.8
59.6
59.8
60.0
60.0
59.8
59.7
59.8
59.9
59.7
59.7
59.5
59.7
59.8
59.8
59.9
60.3
60.3
60.1
60.1
59.8
59.7
59.7
59.9
60.1
60.0
60.1
60.1
60.1
60.3
60.3
60.1
60.0
60.2
60.2
60.0
60.0
60.0
59.8
59.9
59.8
59.9
59.9
59.8
59.9
60.5
60.4
60.2
60.6
60.8
61.2
61.0
61.0
61.1
60.6
60.4
60.6
60.5
60.5
60.7
60.4
60.2
60.2
60.1
60.0
59.9
59.7
59.6
59.5
59.5
59.7
59.8
59.8
59.7
59.7
59.5
59.6
59.6
59.4
59.5
59.4
59.8
60.0
60.2
60.2
60.0
60.0
60.2
59.9
60.0
60.0
