61.5
67.1
66.6
66.0
60.5
60.1
60.1
60.1
53.6
60.7
60.9
61.0
61.2
61.7
67.6
67.0
56.1
56.2
56.5
56.4
56.7
57.3
68.6
62.4
61.9
62.0
62.5
62.7
62.1
61.8
61.3
61.8
61.5
60.9
61.1
60.8
61.1
60.9
61.2
60.9
60.6
60.6
60.4
60.1
54.0
65.1
57.6
58.1
58.4
59.0
58.8
58.8
64.0
63.6
63.1
63.6
63.1
62.7
62.4
61.9
62.1
62.4
62.2
61.7
61.9
62.1
62.2
61.7
53.8
60.5
60.9
61.2
60.5
60.7
61.0
60.4
60.5
61.0
67.4
56.5
56.1
56.7
57.1
56.8
57.0
63.2
63.2
62.7
62.8
56.3
56.5
57.1
66.9
60.7
60.3
60.1
60.0
60.4
60.5
60.4
60.0
59.4
59.2
59.4
60.0
59.4
59.6
59.4
59.4
59.6
60.0
60.2
59.9
54.7
55.2
55.3
64.9
64.4
58.0
64.6
64.3
63.8
63.8
63.6
58.0
58.3
58.2
58.1
58.0
58.3
58.8
59.2
59.4
59.6
68.2
59.9
65.9
71.1
61.7
61.9
62.6
62.9
63.1
62.6
62.2
62.5
62.1
61.7
61.4
68.4
58.6
58.7
58.8
58.9
64.2
64.8
64.2
69.6
62.4
61.9
55.1
67.6
67.3
57.2
57.3
57.4
65.5
59.2
70.5
70.9
70.5
61.9
62.1
62.6
67.8
67.6
67.7
60.5
60.3
59.7
59.6
60.2
60.6
60.3
59.9
59.7
59.6
54.5
54.7
66.7
66.1
60.1
60.5
55.1
62.6
55.9
56.2
56.0
56.3
62.6
62.6
62.4
57.2
57.0
57.1
56.8
66.7
66.5
60.7
66.5
66.3
60.1
59.9
60.2
59.6
66.3
60.1
65.7
56.9
63.2
62.8
62.7
62.5
62.8
62.6
69.6
60.5
60.4
60.5
60.2
60.7
61.0
61.5
61.5
61.3
61.5
61.7
61.2
60.9
60.4
60.1
59.8
59.4
59.5
59.5
54.0
65.3
65.1
64.4
58.8
58.7
58.8
59.2
59.0
66.9
58.8
65.3
65.0
64.5
58.4
65.3
71.5
63.8
57.6
58.0
58.2
66.1
66.0
58.4
65.7
56.7
62.1
56.7
62.8
68.4
55.9
56.3
56.5
57.0
57.5
57.8
57.7
57.6
57.6
63.4
62.8
62.7
57.2
57.1
57.1
68.0
56.9
62.1
61.7
56.1
