52.2
52.5
52.9
53.1
59.2
58.8
69.2
55.1
55.3
55.3
55.6
56.2
65.9
57.4
63.0
62.7
56.7
56.6
56.3
56.3
56.4
56.9
57.5
57.7
58.2
58.3
57.8
57.5
57.8
57.8
58.0
57.9
63.0
63.2
63.3
73.2
57.8
57.6
57.2
57.1
63.6
63.2
55.9
55.7
56.0
56.6
56.6
62.4
56.3
56.3
56.7
57.0
57.0
57.6
63.0
62.5
61.9
61.4
61.3
60.9
60.6
60.1
60.0
60.0
59.9
59.8
59.9
60.1
59.6
59.1
59.1
59.3
59.2
59.6
59.5
59.0
59.4
59.1
59.1
59.3
68.0
62.4
61.9
61.9
70.5
56.1
56.2
56.6
56.4
57.0
56.9
57.2
57.4
57.3
69.2
55.1
55.2
55.6
61.7
61.2
60.8
54.7
55.1
55.5
61.7
61.9
67.6
57.8
58.1
58.7
58.3
58.6
59.0
58.6
58.7
58.4
58.2
58.0
57.8
57.4
63.0
62.6
62.4
52.4
59.0
58.3
53.2
53.7
54.2
54.7
55.1
55.4
60.9
60.2
53.8
54.1
54.6
55.0
55.2
60.9
60.8
53.4
59.0
59.4
58.9
58.7
53.6
59.7
59.9
59.6
59.5
59.4
59.0
59.1
58.5
64.0
63.8
64.0
64.0
63.6
71.3
64.2
63.6
63.8
63.6
63.5
63.4
63.0
62.5
62.5
62.1
61.7
61.5
54.5
55.0
55.4
55.6
55.8
55.9
55.6
55.8
56.1
56.7
56.8
57.0
57.4
57.2
56.9
56.8
56.8
57.0
64.4
63.8
56.5
56.9
63.0
63.5
57.2
57.4
57.6
57.9
58.1
57.6
65.9
71.5
60.9
60.3
60.1
59.6
59.5
59.4
69.2
56.9
57.0
62.6
62.4
62.2
61.8
54.2
60.1
59.9
59.9
59.5
59.5
59.0
58.3
58.5
58.6
58.2
65.3
56.9
63.8
57.6
57.5
57.6
57.3
57.2
64.6
64.4
64.1
56.1
56.4
56.9
56.7
56.6
57.0
57.4
57.6
57.7
58.1
64.9
64.8
64.5
54.2
54.4
