60.4
61.0
60.7
60.8
60.6
60.8
60.8
60.6
60.4
60.6
61.0
61.3
61.2
61.1
61.2
61.5
61.5
61.0
61.0
61.3
61.3
61.5
61.1
61.0
60.8
60.9
61.2
61.2
61.6
62.0
62.6
62.6
62.1
61.8
61.7
61.4
61.3
60.9
60.8
60.5
60.8
60.9
60.9
60.7
60.8
60.7
60.8
60.7
60.5
60.6
60.4
60.9
60.8
60.5
60.7
61.1
61.3
61.4
61.2
61.2
61.3
61.2
61.0
61.1
61.2
61.5
61.8
61.7
61.5
61.4
61.5
61.7
61.5
61.2
61.3
61.4
61.7
61.5
61.8
61.6
61.5
61.4
61.0
60.8
60.8
60.9
60.9
60.7
60.6
60.9
60.9
61.2
60.9
60.5
60.5
60.8
60.9
60.4
60.3
60.5
60.8
61.1
60.6
60.4
60.5
60.9
61.0
60.6
60.4
60.6
60.6
61.0
60.8
61.0
61.0
61.1
61.2
61.5
61.3
61.3
61.7
61.9
61.6
61.4
61.4
61.5
61.6
61.3
61.2
61.2
61.0
61.3
61.0
60.8
60.5
60.7
61.0
60.7
61.1
60.9
61.0
60.6
60.4
60.4
60.5
60.9
67.6
67.0
61.3
61.2
61.3
61.6
56.3
56.8
57.2
57.7
63.4
62.8
62.5
62.6
62.4
62.3
61.7
61.4
61.5
61.7
61.9
61.6
61.4
61.5
61.4
61.2
60.9
60.8
61.0
61.6
61.7
61.5
61.1
61.0
61.2
61.4
61.4
61.4
61.3
61.5
61.7
61.3
61.2
61.0
61.2
61.5
61.2
61.2
61.4
61.4
61.5
61.2
61.0
60.9
61.0
60.8
60.7
60.7
60.8
60.9
61.1
60.8
60.7
60.9
61.1
61.2
60.9
61.0
60.9
61.1
61.3
61.0
60.9
60.8
60.7
61.2
61.0
61.1
61.0
60.8
60.8
60.6
60.6
60.8
61.1
61.1
60.9
60.9
60.8
60.8
61.2
61.0
61.1
61.1
61.3
61.5
61.3
61.2
61.2
61.3
61.6
61.2
61.0
60.9
61.0
61.3
61.1
60.9
60.9
60.9
60.9
60.7
60.6
60.6
60.8
60.8
60.8
60.6
60.7
60.7
61.2
61.4
61.6
61.9
61.7
62.0
61.7
61.3
61.0
61.2
61.2
61.1
61.0
60.8
60.8
60.9
60.7
60.6
60.8
60.5
60.7
60.7
60.8
61.2
61.3
61.4
61.1
61.1
61.1
60.8
60.9
60.6
60.6
60.5
60.4
60.5
60.5
60.2
60.1
60.2
60.4
60.1
60.0
59.8
59.7
59.8
59.6
59.6
59.6
59.7
60.0
59.8
59.8
59.9
60.1
60.6
60.1
60.1
60.2
60.4
65.7
59.4
59.4
59.6
59.6
59.6
59.5
59.6
59.9
60.4
60.7
60.5
60.5
60.5
60.4
60.3
60.1
60.2
60.5
60.7
60.8
60.4
60.1
60.2
60.3
60.3
60.3
60.1
60.3
60.5
60.5
61.0
60.9
60.8
60.8
61.1
60.9
60.7
60.7
60.9
60.9
60.8
60.6
60.7
60.7
61.0
60.6
60.3
60.2
60.4
60.3
60.3
60.3
60.5
60.8
61.2
60.9
60.8
60.6
60.7
66.9
66.3
66.1
65.7
65.2
64.9
58.6
58.7
59.3
59.6
59.9
59.7
59.8
59.8
59.9
60.3
60.3
60.0
60.1
60.3
60.2
60.1
60.2
60.3
60.3
60.4
60.0
60.2
60.5
60.5
60.5
60.4
60.5
60.6
60.8
