ackermann-function:  38,484.6 102,424.5 91,052.1 625,083.2 883,237.5 461,865,888,051.7 160,572,125,325.6 1,348,203,948.8 181,980,944,346.4 184,814,629,569,331.22 6,342,326,157.6 1,355,496.7 113,359.5 976,276,787.2
array-concatenation:  9,262.5 256.8 4,403.2 55,449.6 682,981.6 4,155,677,670.4 44,486,400 367,027.2 4,992,120.1 6,231,859.2 1,419,857 3,846,873,988 24,587,410,620 10,775
call-an-object-method:  436.5 262.4 276 1,490.4 19.5 153,932,421.6 13,726,090,007.2 44,409,600 46,379,102,472 1,341,388,624,900,065 352,734,846.4 60,838,412.8 1,765.8 21
classes:  3,820.8 1,833.3 1,946.7 355.2 221,900 5,429,415.2 22,917.6 1,838.7 14,937.5 10,656,328.8 29,224.8 2,011.5 12,825 12,462.5
concurrent-computing:  26,642,684,717.5 43,080.8 182,885,908,170,536.1 197,121.1 -1 355,534,502,922.9 16,675,952,795,837,688 268,007,756,622,524.9 57,911,292,037.5 -1 41,593,503,706,560 11,212.5 567,265.4 46,807,476,117.6
exponentiation-operator:  6,507,397,272.8 2,386,246.1 3,796,012 306,374.4 1,265,097.5 103,147,319,916 15,026,958,610,893.9 15,051,425,931.9 2,262,230,598,287,476 372,351,414,679,851.6 633,555,079,931,494.4 4,202,143,717.5 3,522,166,784 6,405,456,812.8
factorial:  7,768,592 31,308,619.3 21,141,621.6 29,976,445.4 57,920,849.5 4,924,343,867,421.6 353,524,011,392,555.9 191,009,402,057.6 34,994,608,608,512 2,222,773,314,241,651.2 2,656,081,970,380.8 1,213,400,165.6 7,499,679.2 3,824,761.6
file-input-output:  1,894,044,038.4 11,599,848,000 22,206,951,900 299,979,417.6 1,173,209,409.8 5,996,888,677,166.4 1,398,967,393.6 619,594,342.4 739,702,886.4 387,288,183,486.6 331,948,206.1 226,835,454.6 1,805,524,923,897,936,640 556,260,971,164.8
function-composition:  35,877.8 3,332,807,419.2 405,345,567.2 1,734,476,600.8 494,325 62,054,850,036.3 68,489,255,490,007.6 431,785,350,202.5 959,310,590,300 37,284,413,568,526.2 8,680,269,275,314.6 52,081,497.6 8,547,604,126,202.7 -1
huffman-coding:  34,150,252.6 18,208.8 192,224,342.4 3,973,833.6 24,018,674.4 194,534,988.8 4,594,663,634.4 9,386,822.7 150,292,172.8 2,655,083,635,047.9 27,727,474,259.1 1,987,670,413 2,001,220,227.8 17,897,400,235,648.8
inheritance-multiple:  -1 -1 12,450 -1 272,616,370,017,782.4 29,057,447.2 75,724.8 -1 211,500 -1 22,550.4 -1 123,930 -1
inheritance-single:  25,077.6 -1 10,737.5 -1 2,753,600 26,703,137.6 47,368.3 10,387.5 23,479.2 2,293,142.4 40,405.4 -1 130,855.5 23,090.4
json:  1,114,112 947,362.5 14,779,123,652.7 2,530,105.2 185,200 739,219,236,454,400 1,890,151.2 74,240 396,813,184 7,047,415,200 2,627,926,400 229,024,800 8,890,425,000 337,305.6
lzw-compression:  84,272.4 22.7 31,754,426.4 243,648 0 3,969,657,298.8 6,448,437.5 1,093.5 489,931 -1 4,738,867.2 62,924.8 4,882,173,400 89,885.7
numerical-integration:  189,142,497,917,260.7 42,818,257,054.4 693,078,135,552 1,806,855,335,325 41,465,441,600 4,477,061,826,640,280.5 5,438,800,057,318,363,100 8,266,803,308,790,974 150,034,795,039,669,568 71,175,275,202,279.3 818,101,132,846,735,230 57,041,614,182.4 1,050,179,694,256,959,100 32,723,690,304,935,387,000
palindrome-detection:  74,105,580,820.8 8,877,033 65,637,500,000 32,579,661,004.8 4,747,784,132,736 212,557,823,953,904 8,306,105,215,744,114 822,058,169.9 61,952,256,000 748,045,334,231,642,500 15,052,886,547.4 1,956,412,833,758,947.2 1,977,383,749,829,265.8 6,012,500
regular-expressions:  995,936,484.8 31,911,656.7 19,635,396,608 13,558,547,944.8 29.9 188,965,972 9,887.5 12,650 2,461,695.1 1,622,915,128.6 3,225.6 10,820,140.8 573,792,187.5 190,489,519.8
sorting-algorithms-bubble-sort:  345,600 12,973,500 60,548,787.2 14,451,614.1 838,350 41,167,297,600 2,254,017,277,770.3 729,051,981,414.4 5,656,306,132,999.2 6,898,534,518,630.4 1,502,429,079,745.1 10,853,285,056.7 536,456,645,508,856.8 1,359,427.1
sorting-algorithms-insertion-sort:  217,485.4 39,376.4 1,128,857.6 326,419.2 1,544.4 70,202,700 267,303,752,179.2 2,740,031,078.4 46,580,821,875 418,372,547,862.5 8,974,465,637 157,157,825 12,764,473,344 166,100
sorting-algorithms-merge-sort:  68,505.6 41,022.8 21,729.6 264.8 5,663,692.8 280,402,705.8 141,411,143,212.5 11,129,812,268 27,997,355,926 197,871,075,000 3,669,939,270.2 1,512,589,663.2 904,067,044,213.9 470,377.7
sorting-algorithms-quick-sort:  27 362.4 1,493.1 7,600 37,642,192 1,799,755.2 1,948,271,767.2 211,519,832.1 2,084,158,207.1 52,599,552,940.8 2,985,894,175 32,308,633.6 4,263,601,366,201.3 8,385,509.6
sorting-algorithms-selection-sort:  39,445 604,777.6 2,736,800 635,236 34,608.7 388,363,339.8 135,894,195,158.4 6,367,818,456 143,652,341,550 429,766,279,124.4 156,255,789,875.2 1,727,900,000 15,408,366,439.2 305,510.4
synchronous-concurrency:  201.6 16 14.7 17.8 -1 166.4 6,337.5 -1 1,088.1 -1 16.7 174.4 -1 137,359.2
url-decoding:  312.8 1,525.5 35,843.5 25.3 963.9 21,247,124,300 4,101,609.6 14.7 3,616,420.5 67,850,250,028.8 1,480,704 24 359,769.6 25,056
url-encoding:  1,433.7 5,796,403.2 187,200 8,335,750.5 289.6 53,808,537,600 4,876,533.6 18.3 1,224,294.4 1,017,819,629,575.2 214,395,138.1 25.3 167,520,102.4 114,015.6
