ackermann-function:  5,497.8 11,380.5 10,116.9 44,648.8 58,882.5 1,091,863,080 521,321,402.5 14,342,595.2 579,557,147.6 104,886,562,097.6 45,295,227.7 79,735.1 12,595.5 10,843,349.4
array-concatenation:  1,852.5 128.4 1,100.8 8,772.3 48,784.4 33,513,529.6 1,057,247.1 30,585.6 198,585.2 259,660.8 83,521 31,016,958.5 124,139,520 2,155
call-an-object-method:  436.5 131.2 138 496.8 19.5 2,700,568.8 80,706,827.2 1,110,240 207,036,999 461,423,414,835 5,108,716.8 1,382,691.2 588.6 21
classes:  59.7 611.1 648.9 177.6 17,973.9 184,073.9 954.9 272.4 478 320,732.7 541.2 298 410.4 99.7
concurrent-computing:  89,490,722.5 502.4 310,056,457.5 2,369.6 -1 1,020,513,645.9 2,541,750,380,225.2 74,954,031,429.2 278,206,971.9 -1 614,722,940 807.3 9,295.2 98,846,508.3
factorial:  298,792 846,178.9 585,773.1 810,174.2 1,285,074 6,428,514,720 168,742,352,585.3 585,850,880 29,960,539,424 679,731,600,738.6 4,202,145,480 12,635,324.1 288,449.2 173,852.8
file-input-output:  3,148,387.2 24,066,900 1,498,687.5 65,099.7 2,207.5 6,871,017,587.2 1,879,360 58,188.8 1,136,819.2 814,269,330.6 246,603.7 61,090.2 4,678,031,790 392,465,475.6
huffman-coding:  873,763.2 3,034.8 3,314,212.8 197,422.8 706,431.6 3,297,203.2 36,465,584.4 347,660.1 2,588,795 4,345,437,286.4 139,323,307.2 19,297,771 19,429,322.6 17,772,136,780
inheritance-multiple:  -1 -1 99.6 -1 72.4 621,751.3 1,331.1 -1 846 -1 417.6 -1 680 -1
inheritance-single:  116.1 -1 85.9 -1 99,473.8 571,375.4 1,242.9 83.1 434.8 77,067.2 471.2 -1 718 106.9
json:  69,632 63,157.5 85,419,730 120,481.2 18,520 286,506,002,250 105,008.4 9,280 5,665,118 49,622,124.3 23,457,846.4 3,817,080 58,481,874.2 23,619.2
palindrome-detection:  287,177,788.8 328,779 258,366,003.2 153,635,294.4 6,800,960,482 63,677,091,608 1,136,400,716,755 9,904,315.3 255,987,761.5 28,857,928,486,604.8 88,019,366.4 578,986,155,062.4 552,182,910,617.8 240,500
regular-expressions:  6,443.5 13,990,622.4 96,931,080 455,506,329.6 142.4 2,552,958 24.1 510.3 89,734.5 22,729,636.8 2,025 338,256 44,919,082.8 1,698,301.6
sorting-algorithms-bubble-sort:  28,800 404,100.5 1,376,108.8 466,181.1 55,890 185,426,818.2 3,762,452,281.7 1,612,850,711.2 7,582,014,840 8,844,099,080.4 2,766,178,483.2 66,584,570.9 225,969,692,845.2 79,966.3
sorting-algorithms-insertion-sort:  16,340 5,625.2 70,553.6 27,201.6 514.8 1,491,494.4 759,310,701.6 24,029,646.3 205,189,734.4 1,075,421,065.7 59,425,552 2,857,415 75,979,008 16,610
sorting-algorithms-merge-sort:  6,556.2 5,860.4 3,621.6 16 235,987.2 4,450,836.6 479,359,807.5 70,890,524 140,679,392 231,149,179.8 30,839,825.8 15,434,588.4 1,811,735,628.8 36,182.9
sorting-algorithms-quick-sort:  27 181.2 497.7 1,520 939,134 99,986.4 18,728,015.9 3,464,583.6 19,843,549.2 230,699,793.6 31,430,465 850,227.2 5,896,960,692.3 322,519.6
sorting-algorithms-selection-sort:  5,635 43,198.4 136,840 45,374 4,944.1 5,466,492.8 462,225,153.6 46,143,612 483,661,281.6 1,099,058,730 510,623,296.2 17,279,000 84,629,529.6 25,459.2
url-decoding:  156.4 508.5 5,120.5 25.3 142.8 110,652,941.7 186,436.8 14.7 172,210.5 275,800,164.3 70,854 24 29,980.8 4,176
url-encoding:  477.9 241,516.8 18,720 308,731.5 144.8 222,337,780.4 212,023.2 18.3 76,518.4 2,077,077,675.2 3,511,679.6 25.3 2,991,430.4 12,668.4
