ackermann-function:  785.4 1,264.5 1,124.1 3,189.2 3,925.5 2,605,863.7 1,714,854.6 152,580.8 1,845,723.4 60,209,932.8 333,035.4 4,690.3 1,399.5 126,068.8
array-concatenation:  370.5 64.2 275.2 866.4 3,484.6 270,270.4 27,804 2,548.8 9,436.9 10,819.2 4,913 258,457 653,295 431
call-an-object-method:  436.5 65.6 69 165.6 19.5 47,378.4 498,116.2 27,756 941,058 160,493,865 78,577.6 31,424.8 196.2 21
classes:  238.8 203.7 216.3 88.8 2,219 11,217.8 636.6 204.3 597.5 15,763.8 811.8 223.5 513 498.5
concurrent-computing:  535,757.5 879.2 37,547,028.9 1,629.1 -1 2,233,242.9 453,794,045.6 56,758,108.1 824,653.5 -1 19,092,060 448.5 3,356.6 799,253.4
exponentiation-operator:  293,112.8 6,610.1 7,843 2,127.6 4,377.5 1,297,059 4,247,109.9 480,431.1 186,693,340.1 55,550,619.6 81,507,737.6 252,517.5 214,976 292,433.2
factorial:  11,492 22,869.7 18,288.6 21,896.6 31,325.5 8,480,831.4 81,478,003.1 1,842,226.4 25,917,248 210,181,312.8 6,821,380.8 137,324.6 11,094.2 7,902.4
file-input-output:  182,049.6 358,020 503,559 57,866.4 441.5 10,327,995.6 124,507.6 80,009.6 63,417.6 2,667,990.6 62,290.9 50,531.4 1,147,999,955 3,183,655.2
function-composition:  732.2 223,918.8 74,022.2 154,367.8 2,925 91,800,727.6 34,498,519.6 2,712,202.5 4,078,268 25,592,503.8 11,985,994.6 26,901.6 11,266,994.7 -1
huffman-coding:  24,945.4 505.8 57,141.6 8,210.4 20,777.4 55,884.8 289,409.4 12,876.3 47,924.8 7,158,855.9 714,459.9 187,357 188,634.2 17,933,248.8
inheritance-multiple:  -1 -1 498 -1 90.5 25,136.2 1,183.2 -1 2,115 -1 626.4 -1 1,530 -1
inheritance-single:  696.6 -1 429.5 -1 6,884 23,099.6 966.7 415.5 652.2 7,077.6 824.6 -1 1,615.5 641.4
json:  4,352 4,210.5 505,424.7 5,737.2 1,852 112,795,904 5,833.8 1,160 85,816 359,562 217,184 63,618 395,130 2,342.4
lzw-compression:  1,040.4 22.7 21,990.6 1,692 0 238,546.8 10,317.5 121.5 2,899 -1 8,227.2 983.2 288,886 1,109.7
numerical-integration:  32,864,620.7 838,324.4 3,333,132 4,777,197 856,724 -1 6,833,860,851 369,032,483.3 599,031,508.6 35,447,813.7 3,588,956,148.6 927,445.6 2,793,814,677.6 13,299,839,097.1
palindrome-detection:  1,148,638.8 12,177 1,050,200 753,043.2 9,471,624 19,260,956 157,025,524.6 119,329.1 1,075,560 1,126,329,286.3 527,043.4 172,573,564.8 155,237,937.8 9,620
regular-expressions:  920.5 150,436.8 538,506 942,175.5 71.2 48,152.5 24.1 170.1 5,278.5 210,459.6 405 12,528 327,859.3 35,314.4
sorting-algorithms-bubble-sort:  2,400 14,415 31,275.2 15,038.1 3,726 850,564 6,453,306.3 3,632,473.6 10,273,657.8 11,456,010.4 5,288,585.9 408,494.3 95,830,807.8 4,703.9
sorting-algorithms-insertion-sort:  1,797.4 803.6 4,409.6 2,266.8 171.6 34,668 2,207,224.8 218,433.6 920,115 2,822,550.5 404,237 51,953 452,256 1,661
sorting-algorithms-merge-sort:  1,070.4 837.2 603.6 16 9,832.8 70,648.2 1,624,948.5 451,532 721,414 273,870 259,158.2 157,495.8 3,660,057.1 2,783.3
sorting-algorithms-quick-sort:  27 90.6 165.9 304 26,068 5,554.8 187,261.8 60,764.1 196,451.9 1,011,841.2 330,847 22,374.4 8,247,433.3 12,404.6
sorting-algorithms-selection-sort:  805 3,085.6 6,842 3,241 706.3 81,571.8 1,572,194.4 334,374 1,650,702 2,869,527.6 1,690,787.2 172,790 486,313.8 2,121.6
synchronous-concurrency:  50.4 16 14.7 17.8 -1 -1 253.5 -1 120.9 -1 16.7 43.6 -1 1,135.2
url-decoding:  78.2 169.5 731.5 25.3 107.1 588,563 8,474.4 14.7 8,200.5 1,139,650.8 5,784 24 2,498.4 696
url-encoding:  159.3 10,063.2 1,872 11,434.5 72.4 934,176 9,218.4 18.3 4,782.4 4,309,216.2 61,590.1 25.3 53,418.4 1,407.6
