ackermann-function: 0 0.73 0.61 2.09 2.37 12.2 11.47 7.87 11.57 16.77 9.03 2.67 0.83 7.61
array-concatenation: 2.67 0 2.15 3.99 5.94 12.47 9.07 5.47 7.43 7.61 6.48 12.41 13.8 2.82
call-an-object-method: 3.11 1.91 1.96 3.24 0 11.84 15.26 10.95 16.19 23.89 12.51 11.17 3.41 0.07
classes: 1.68 1.24 1.3 0 4.83 7.24 3.07 1.24 2.82 7.74 3.31 1.33 2.67 2.64
concurrent-computing: 10.88 1.01 17.43 2.08 -1 12.89 20.93 17.82 11.49 -1 16.35 0 2.97 11.37
exponentiation-operator: 7.44 1.59 1.91 0 1.07 9.57 12.65 8.11 17.05 15.54 16 7.15 6.98 7.44
factorial: 0.54 1.58 1.27 1.54 2.05 10.52 13.79 8.14 12.06 15.18 10.11 4.31 0.51 0
file-input-output: 9.04 10.28 10.78 7.54 0 15.09 8.7 8.07 8.04 13.04 7.63 7.34 23.75 13.31
function-composition: 0 8.58 6.97 8.07 2 17.61 16.07 12.26 12.86 15.61 14.5 5.44 14.47 -1
huffman-coding: 5.72 0 7 4.09 5.45 6.99 9.39 4.74 6.78 14.18 10.74 8.76 8.76 15.59
inheritance-multiple: -1 -1 1.71 -1 0 7.54 3.04 -1 3.84 -1 2.12 -1 3.42 -1
inheritance-single: 0.7 -1 0.03 -1 4.19 5.94 1.18 0 0.63 4.12 1.02 -1 1.95 0.62
json: 2.02 1.92 9.14 2.56 0.69 17.25 2.43 0 6.44 8.6 7.85 6.02 8.76 1.11
lzw-compression: 6.02 0 10.51 6.8 0 14.12 9.34 2.78 7.41 -1 9.07 5.85 14.32 6.09
numerical-integration: 6.04 0.01 2.09 2.75 0 8.4 13.84 9.13 10.83 5.59 12.57 0.2 12.57 15.07
palindrome-detection: 7.1 0.31 7 6.48 10.24 12.49 15.37 3.72 6.98 18.61 5.91 14.7 14.65 0
regular-expressions: 5.59 13.27 15.21 16.29 1.78 11.61 0 3.05 8.22 13.76 4.43 9.55 14.45 11.07
sorting-algorithms-bubble-sort: 0 2.71 3.87 2.78 0.66 8.78 11.79 10.94 12.49 12.64 11.49 7.75 15.88 1.02
sorting-algorithms-insertion-sort: 3.65 2.39 4.92 3.97 0 8.02 14.22 10.77 12.9 14.56 11.67 8.62 11.9 3.47
sorting-algorithms-merge-sort: 4.17 3.79 3.31 0 7.49 10.42 15.1 13.19 13.89 14.38 12.36 11.67 16.44 5.61
sorting-algorithms-quick-sort: 0 1.9 2.91 4.03 10.51 8.22 13.47 11.8 13.53 15.96 13.97 10.36 19.21 9.39
sorting-algorithms-selection-sort: 0.13 2.17 3.32 2.22 0 7.04 11.45 9.14 11.5 12.32 11.55 8.16 9.77 1.64
synchronous-concurrency: 1.93 0.08 0 0.19 -1 -1 4.46 -1 3.21 -1 0.13 1.78 -1 6.74
url-decoding: 2.36 3.54 5.85 0.54 3.08 15.84 9.45 0 9.37 16.76 8.75 0.49 7.62 5.65
url-encoding: 3.26 9.49 6.93 9.73 2.07 16.32 9.36 0 8.34 18.56 12.2 0.32 12 6.54
