ackermann-function: 0 0.48 0.36 1.4 1.61 8.11 7.69 5.27 7.76 11.25 6.05 1.79 0.58 5.08
array-concatenation: 1.75 0 1.46 2.6 3.99 8.35 6.07 3.68 4.99 5.13 4.34 8.3 9.23 1.9
call-an-object-method: 3.11 1.21 1.26 2.14 0 7.8 10.15 7.26 10.78 15.92 8.3 7.38 2.31 0.07
classes: 0.99 0.83 0.89 0 3.22 4.84 1.97 0.83 1.91 5.18 2.21 0.92 1.75 1.73
concurrent-computing: 7.09 0.67 11.34 1.29 -1 8.51 13.83 11.75 7.52 -1 10.66 0 2.01 7.49
exponentiation-operator: 4.93 1.13 1.3 0 0.72 6.41 7.6 5.42 11.38 10.17 10.55 4.78 4.62 4.92
factorial: 0.37 1.06 0.84 1.02 1.38 6.98 9.24 5.45 8.1 10.19 6.76 2.86 0.34 0
file-input-output: 6.02 6.7 7.04 4.88 0 10.06 5.64 5.2 4.97 8.71 4.95 4.74 14.77 8.88
function-composition: 0 5.72 4.62 5.35 1.38 11.74 10.76 8.22 8.63 10.46 9.7 3.6 9.64 -1
huffman-coding: 3.9 0 4.73 2.79 3.72 4.7 6.35 3.24 4.55 9.56 7.25 5.91 5.92 10.48
inheritance-multiple: -1 -1 1.71 -1 0 5.63 2.57 -1 3.15 -1 1.93 -1 2.83 -1
inheritance-single: 0.52 -1 0.03 -1 2.81 4.02 0.84 0 0.45 2.84 0.69 -1 1.36 0.43
json: 1.32 1.29 6.08 1.6 0.47 11.48 1.62 0 4.3 5.74 5.23 4 5.83 0.7
lzw-compression: 3.82 0 6.88 4.31 0 9.26 6.12 1.68 4.85 -1 5.89 3.77 9.45 3.89
numerical-integration: 3.67 0 1.38 1.74 0.02 5.23 9.01 6.09 6.57 3.74 8.36 0.1 8.11 9.67
palindrome-detection: 4.78 0.24 4.69 4.36 6.89 7.6 9.7 2.52 4.72 11.67 4 9.79 9.69 0
regular-expressions: 3.64 8.74 10.01 10.57 1.08 7.6 0 1.95 5.39 9.07 2.82 6.25 9.52 7.29
sorting-algorithms-bubble-sort: 0 1.79 2.57 1.84 0.44 5.87 7.9 7.32 8.36 8.47 7.7 5.14 10.59 0.67
sorting-algorithms-insertion-sort: 2.35 1.54 3.25 2.58 0 5.31 9.46 7.15 8.59 9.71 7.76 5.71 7.88 2.27
sorting-algorithms-merge-sort: 2.78 2.54 2.21 0 5 6.97 10.11 8.83 9.3 8.33 8.27 7.77 10.92 3.74
sorting-algorithms-quick-sort: 0 1.21 1.82 2.42 6.87 5.33 8.84 7.72 8.89 10.53 9.41 6.72 12.63 6.13
sorting-algorithms-selection-sort: 0.13 1.47 2.27 1.52 0 4.75 7.71 6.16 7.76 8.31 7.78 5.5 6.53 1.1
synchronous-concurrency: 1.23 0.08 0 0.19 -1 -1 2.85 -1 2.11 -1 0.13 1.09 -1 4.35
url-decoding: 1.67 2.45 3.91 0.54 1.99 10.6 6.36 0 6.32 11.26 5.98 0.49 5.14 3.86
url-encoding: 2.16 6.31 4.63 6.44 1.38 10.84 6.22 0 5.57 12.37 8.12 0.32 7.98 4.34
