ackermann-function: 0 0.43 0.37 1.21 1.36 7.08 6.62 4.54 6.67 9.68 5.22 1.55 0.47 4.4
array-concatenation: 1.56 0 1.23 2.33 3.42 7.21 5.24 3.16 4.29 4.39 3.74 7.18 7.98 1.62
call-an-object-method: 1.35 1.13 1.15 1.88 0 6.9 8.85 6.36 9.38 13.84 7.26 6.49 1.96 0.03
classes: 1.03 0.71 0.74 0 2.8 4.18 1.81 0.71 1.62 4.48 1.92 0.75 1.56 1.55
concurrent-computing: 6.38 0.58 10.21 1.25 -1 7.5 12.17 10.38 6.71 -1 9.57 0 1.7 6.62
exponentiation-operator: 4.33 0.89 1.09 0 0.62 5.53 7.69 4.69 9.87 9.08 9.32 4.14 4.06 4.32
factorial: 0.31 0.91 0.74 0.89 1.18 6.11 7.97 4.7 6.96 8.76 5.84 2.5 0.29 0
file-input-output: 0.92 1.71 1.99 0.12 0.71 4.42 0.79 0.44 0.51 3.23 0.17 0 9.9 3.39
function-composition: 3.48 3.06 2.82 3.3 0 8.32 7.96 5.75 6.1 7.69 7.06 1.84 7.05 -1
huffman-coding: 3.27 0 4.02 2.34 3.12 4.03 5.4 2.71 3.92 8.16 6.18 5.04 5.04 8.99
inheritance-multiple: -1 -1 0 -1 10.34 3.37 0.78 -1 1.23 -1 0.26 -1 1 -1
inheritance-single: 0.38 -1 0.01 -1 2.42 3.41 0.66 0 0.35 2.34 0.59 -1 1.1 0.35
json: 1.18 1.11 5.3 1.53 0.4 10 1.41 0 3.73 4.98 4.55 3.49 5.08 0.66
lzw-compression: 3.57 0 6.15 4.03 0 8.24 5.45 1.68 4.33 -1 5.32 3.44 8.33 3.6
numerical-integration: 3.66 0.01 1.22 1.64 0 5.03 8.12 5.3 6.56 3.23 7.3 0.14 7.4 8.9
palindrome-detection: 4.09 0.17 4.04 3.73 5.9 7.55 9.14 2.14 4.01 11.09 3.4 8.51 8.52 0
regular-expressions: 7.52 6.03 8.82 8.66 0 6.8 2.52 2.63 4.92 7.73 2.03 5.56 7.28 6.8
sorting-algorithms-bubble-sort: 0 1.57 2.24 1.62 0.38 5.08 6.81 6.32 7.21 7.3 6.64 4.5 9.19 0.59
sorting-algorithms-insertion-sort: 2.15 1.41 2.86 2.33 0 4.66 8.24 6.25 7.48 8.43 6.76 5.01 6.92 2.03
sorting-algorithms-merge-sort: 2.41 2.19 1.91 0 4.33 6.02 8.73 7.62 8.02 8.87 7.14 6.76 9.53 3.25
sorting-algorithms-quick-sort: 0 1.13 1.74 2.45 6.14 4.82 7.86 6.89 7.89 9.29 8.04 6.08 11.2 5.49
sorting-algorithms-selection-sort: 0.06 1.24 1.9 1.26 0 4.05 6.59 5.26 6.62 7.09 6.65 4.7 5.65 0.95
synchronous-concurrency: 1.14 0.04 0 0.08 -1 1.05 2.63 -1 1.87 -1 0.06 1.07 -1 3.97
url-decoding: 1.33 2.02 3.39 0.24 1.82 9.16 5.45 0 5.39 9.66 5 0.21 4.39 3.23
url-encoding: 1.89 5.5 4.01 5.66 1.2 9.47 5.43 0 4.83 10.75 7.07 0.14 6.96 3.79
