ackermann-function: 6.67 7.14 7.02 8.07 8.28 14.77 14.35 11.94 14.43 17.91 12.72 8.45 7.24 11.74
array-concatenation: 5.91 4.16 5.62 6.76 8.16 12.51 10.23 7.84 9.15 9.29 8.5 12.46 13.39 6.07
call-an-object-method: 6.08 4.18 4.23 5.11 2.97 10.77 13.12 10.23 13.75 18.89 11.27 10.36 5.28 3.04
classes: 5.48 5.32 5.38 4.49 7.7 9.33 6.46 5.32 6.39 9.67 6.7 5.41 6.24 6.21
concurrent-computing: 13.19 6.78 17.44 7.4 -1 14.62 19.93 17.85 13.62 -1 16.76 6.11 8.12 13.59
exponentiation-operator: 12.59 8.8 8.97 7.66 8.38 14.08 15.26 13.08 19.04 17.83 18.22 12.44 12.28 12.59
factorial: 9.35 10.04 9.81 9.99 10.35 15.95 18.22 14.43 17.07 19.16 15.74 11.83 9.31 8.97
file-input-output: 12.11 12.79 13.13 10.97 8.68 16.15 11.73 11.29 11.06 14.8 11.04 10.83 20.86 14.97
function-composition: 6.6 12.32 11.21 11.95 7.98 13.78 17.36 14.81 15.22 17.06 16.3 10.2 16.24 -1
huffman-coding: 10.12 6.23 10.95 9.01 9.94 10.93 12.58 9.46 10.78 15.78 13.48 12.14 12.15 16.7
inheritance-multiple: -1 -1 6.21 -1 15.57 10.13 7.08 -1 7.66 -1 6.44 -1 7.33 -1
inheritance-single: 6.55 -1 6.06 -1 8.84 10.05 6.87 6.03 6.48 8.86 6.71 -1 7.39 6.46
json: 8.38 8.35 13.13 8.65 7.52 18.54 8.67 7.06 11.36 12.79 12.29 11.06 12.89 7.76
lzw-compression: 6.95 3.12 10 7.43 0 12.38 9.24 4.8 7.97 -1 9.02 6.89 12.57 7.01
numerical-integration: 17.31 13.64 15.02 15.38 13.66 18.87 22.65 19.73 20.21 17.38 22 13.74 21.75 23.31
palindrome-detection: 13.95 9.41 13.86 13.53 16.06 16.77 18.87 11.69 13.89 20.84 13.18 18.97 18.86 9.17
regular-expressions: 6.82 11.92 13.2 13.76 4.27 10.78 3.18 5.14 8.57 12.26 6 9.44 12.7 10.47
sorting-algorithms-bubble-sort: 7.78 9.58 10.35 9.62 8.22 13.65 15.68 15.11 16.15 16.25 15.48 12.92 18.38 8.46
sorting-algorithms-insertion-sort: 7.49 6.69 8.39 7.73 5.15 10.45 14.61 12.29 13.73 14.85 12.91 10.86 13.02 7.42
sorting-algorithms-merge-sort: 6.98 6.73 6.4 4.19 9.19 11.17 14.3 13.02 13.49 12.52 12.47 11.97 15.11 7.93
sorting-algorithms-quick-sort: 3.3 4.51 5.11 5.72 10.17 8.62 12.14 11.01 12.19 13.83 12.71 10.02 15.93 9.43
sorting-algorithms-selection-sort: 6.69 8.03 8.83 8.08 6.56 11.31 14.27 12.72 14.32 14.87 14.34 12.06 13.09 7.66
synchronous-concurrency: 3.92 2.77 2.69 2.88 -1 3.73 5.54 -1 4.79 -1 2.82 3.78 -1 7.03
url-decoding: 4.36 5.13 6.6 3.23 4.67 13.29 9.04 2.69 9.01 13.95 8.66 3.18 7.82 6.55
url-encoding: 5.07 9.22 7.53 9.34 4.28 13.75 9.13 2.91 8.47 15.28 11.03 3.23 10.89 7.25
