38.0
60.7
60.7
60.8
60.8
70.9
61.1
61.1
61.1
61.1
61.1
61.1
61.1
61.1
61.1
61.1
61.1
61.1
61.1
61.1
61.1
61.1
61.2
61.2
61.2
61.2
61.1
61.2
61.1
61.1
61.1
61.1
61.1
61.1
61.2
61.1
61.1
61.1
61.1
61.2
61.3
61.2
61.2
61.2
61.2
61.2
61.2
61.2
61.2
61.2
68.8
61.5
61.4
61.4
61.4
61.5
61.9
62.3
62.2
62.1
61.9
61.9
61.8
61.7
61.6
61.6
61.6
61.6
61.5
61.5
61.4
68.0
61.5
61.4
61.4
61.4
61.4
61.4
61.4
61.4
61.4
61.4
61.4
61.4
61.4
61.4
61.4
61.4
61.4
61.3
61.3
61.4
61.3
61.3
61.4
61.4
61.4
61.4
61.4
61.4
61.3
61.3
61.3
61.4
61.4
61.3
61.3
61.3
61.4
61.4
61.4
61.4
61.3
61.3
61.3
61.4
68.8
62.6
69.2
62.6
62.4
62.3
62.2
62.0
62.0
61.9
61.8
61.7
61.8
61.7
61.7
61.6
61.6
61.6
61.5
61.5
61.4
61.4
61.4
61.4
61.4
61.5
61.5
61.4
61.4
61.4
61.4
61.3
61.3
61.7
61.6
61.6
61.6
61.5
61.5
61.5
61.5
61.6
61.6
61.6
61.5
61.5
61.5
61.5
61.5
61.5
61.6
61.5
61.5
61.7
61.7
61.7
61.6
61.6
61.6
61.7
61.7
