17.6
17.7
17.8
17.9
18.0
18.0
18.1
18.2
18.2
18.3
18.4
18.4
18.5
18.5
18.5
18.6
18.6
18.7
18.7
18.7
18.7
18.8
18.7
18.8
18.8
18.8
18.8
18.8
18.8
18.8
18.9
18.9
18.9
18.9
18.9
18.9
19.0
19.0
19.0
19.0
19.0
19.0
19.0
18.9
19.0
19.0
19.1
19.1
19.1
19.1
19.1
19.1
19.1
19.1
19.1
19.1
19.1
19.0
19.1
19.0
19.0
19.0
19.0
19.0
19.0
19.0
19.0
19.0
19.0
19.0
19.0
19.0
19.0
19.0
19.0
19.0
19.0
19.1
19.1
19.0
19.0
19.0
19.0
19.0
19.0
19.0
19.0
19.0
19.0
19.0
19.0
19.0
19.0
19.0
19.0
19.0
19.0
19.0
19.0
19.0
19.0
19.0
19.0
19.0
19.0
19.0
19.0
19.0
19.0
19.0
19.0
19.0
19.0
19.0
19.0
19.0
19.0
19.0
19.0
19.0
19.0
19.0
19.0
19.0
19.0
19.0
19.0
19.0
19.0
19.0
19.0
19.0
19.0
19.0
19.0
19.0
19.0
19.0
19.0
19.0
19.0
19.0
19.0
19.0
19.0
19.0
19.0
19.0
19.0
19.1
19.0
19.0
19.0
19.0
19.0
19.0
19.1
19.0
19.0
19.0
19.0
19.0
19.0
19.0
19.0
19.1
19.1
19.1
19.1
19.1
19.2
19.2
19.2
19.2
19.2
19.2
19.2
19.2
19.2
19.2
19.2
19.1
19.1
19.1
19.1
19.0
19.1
19.0
19.0
19.0
19.0
19.0
19.0
19.0
19.0
19.1
19.1
19.0
19.0
19.0
19.0
19.0
19.0
19.0
19.0
19.0
19.0
19.0
19.0
19.0
19.0
19.0
19.0
19.0
19.0
19.0
19.0
19.0
19.0
19.0
19.0
19.0
19.0
19.0
19.0
19.0
19.1
19.1
19.1
19.1
19.1
19.2
19.2
19.2
19.2
19.1
19.1
19.1
19.1
19.1
19.1
19.0
19.0
19.0
19.0
19.0
19.0
19.0
19.0
19.0
19.0
19.0
19.0
19.0
19.0
19.0
19.0
19.0
19.0
19.0
19.0
19.0
19.0
19.0
19.0
19.0
19.0
19.0
19.0
19.0
19.0
19.0
19.0
19.0
19.0
18.9
19.0
19.0
19.0
19.0
18.9
19.0
19.0
19.0
19.0
19.0
19.1
19.1
19.1
19.2
19.1
19.2
19.2
19.2
19.2
