13.1
13.1
13.1
13.1
13.1
13.1
13.1
13.1
13.2
13.1
13.2
13.2
13.2
13.2
13.1
13.2
13.2
13.2
13.2
13.2
13.2
13.2
13.2
13.1
13.1
13.2
13.2
13.2
13.2
13.2
13.2
13.2
13.2
13.2
13.2
13.2
13.2
13.2
13.2
13.2
13.2
13.2
13.2
13.2
13.2
13.2
13.2
13.2
13.3
13.3
13.3
13.4
13.5
13.5
13.5
13.5
13.5
13.5
13.5
13.5
13.5
13.5
13.5
13.5
13.5
13.5
13.5
13.5
13.5
13.5
13.5
13.5
13.5
13.5
13.5
13.5
13.5
13.5
13.5
13.5
13.5
13.5
13.5
13.5
13.5
13.5
13.5
13.5
13.5
13.5
13.5
13.5
13.5
13.4
13.4
13.4
13.5
13.4
13.5
13.5
13.5
13.5
13.5
13.5
13.4
13.4
13.4
13.5
13.4
13.5
13.5
13.5
13.5
13.5
13.4
13.4
13.4
13.4
13.7
13.6
13.6
13.6
13.6
13.6
13.5
13.5
13.6
13.6
13.5
13.5
13.5
13.5
13.5
13.4
13.5
13.5
13.5
13.5
13.5
13.5
13.4
13.4
13.4
13.5
13.4
13.5
13.4
13.4
13.4
13.4
13.5
13.4
13.5
13.4
13.5
13.4
13.4
13.4
13.4
13.5
13.4
13.5
13.4
13.4
13.4
13.4
13.4
13.4
13.4
13.4
13.4
13.4
13.4
13.5
13.5
13.5
13.5
13.5
13.5
13.5
13.5
13.5
13.5
13.5
13.5
13.5
13.5
13.5
13.5
13.4
13.5
13.5
13.5
13.4
13.5
13.4
13.4
13.5
13.5
13.5
13.5
13.4
13.4
13.4
13.5
13.5
13.5
13.5
13.5
13.5
13.5
13.5
13.5
13.5
13.5
13.5
13.5
13.4
13.4
13.4
13.4
13.4
13.5
13.4
13.4
13.4
13.4
13.4
13.4
13.4
13.4
13.5
13.4
13.4
13.4
13.4
13.5
13.4
13.4
13.5
13.4
13.4
13.4
13.4
13.4
13.4
13.5
13.5
13.4
13.4
13.4
13.4
13.4
