6.4
15.3
15.3
15.2
15.2
15.2
15.2
15.5
15.9
15.8
15.8
15.8
15.8
15.8
15.8
15.8
15.7
15.7
15.7
15.7
15.7
15.8
15.8
15.9
15.9
15.9
15.9
15.9
15.9
15.9
15.9
15.9
15.9
15.9
16.0
16.0
16.0
16.0
15.9
16.0
15.9
15.9
15.9
15.9
16.0
16.0
16.0
16.0
16.0
16.0
16.0
16.0
16.0
16.0
16.0
16.0
16.0
16.0
16.0
16.0
16.0
16.0
16.0
16.0
16.0
16.0
16.0
16.0
16.0
16.0
16.0
16.0
16.0
16.0
16.0
16.0
16.0
16.0
16.0
16.0
16.0
16.0
16.0
16.0
16.0
16.0
16.0
16.0
16.0
16.0
16.1
16.0
16.0
16.1
16.1
16.1
16.1
16.1
16.1
16.1
16.2
16.1
16.1
16.1
16.1
16.1
16.1
16.1
16.1
16.1
16.1
16.1
16.1
16.1
16.1
16.1
16.1
16.2
16.2
16.2
16.2
16.1
16.2
16.1
16.2
16.2
16.2
16.2
16.1
16.2
16.1
16.1
16.1
16.1
16.1
16.2
16.1
16.2
16.1
16.1
16.2
16.2
16.1
16.2
16.2
16.2
16.1
16.1
16.1
16.1
16.1
16.1
16.2
16.1
16.2
16.1
16.1
16.1
16.2
16.1
16.1
16.2
16.2
16.1
16.1
16.1
16.1
16.1
16.1
16.1
16.1
16.1
16.1
16.1
16.1
16.1
16.1
16.1
16.1
16.1
16.1
16.1
16.1
16.2
16.1
16.1
16.1
16.1
16.2
16.1
16.1
16.2
16.1
16.1
16.1
16.1
16.1
16.1
16.1
16.1
16.1
16.1
16.2
16.2
16.2
16.2
16.3
16.3
16.3
16.3
16.3
16.2
16.2
16.2
16.2
16.2
16.2
16.2
16.2
16.2
16.1
16.1
16.1
16.1
16.1
16.1
16.1
16.1
16.1
16.1
16.1
16.1
16.0
16.0
16.1
16.1
16.1
16.0
16.0
16.1
16.0
16.1
16.1
16.1
16.0
16.0
16.0
16.0
16.0
16.0
15.9
15.9
15.9
15.9
15.9
16.0
16.0
16.0
16.0
16.0
16.0
16.0
16.1
16.1
16.1
16.1
16.1
16.1
16.1
16.1
16.1
16.1
16.1
16.1
16.1
16.1
16.1
16.1
16.1
16.1
16.1
16.1
16.1
16.1
16.1
16.1
16.1
16.1
16.1
16.1
16.1
16.1
16.1
16.0
16.0
16.1
16.1
16.1
16.1
16.1
16.1
16.0
16.0
16.1
16.1
16.0
16.0
16.1
16.1
16.0
16.1
16.1
16.1
16.1
16.1
16.1
16.0
16.0
16.1
16.1
16.1
16.1
16.1
16.1
16.1
16.1
16.1
16.1
16.0
16.1
16.1
16.1
16.1
16.1
16.1
16.1
16.1
16.1
16.1
16.1
16.1
16.1
16.1
16.1
16.1
16.1
16.1
16.0
16.1
16.1
16.1
16.1
16.0
16.0
16.0
16.1
16.1
16.0
16.0
16.0
16.0
16.1
16.1
16.0
16.1
16.1
16.1
16.1
16.1
16.1
16.1
16.1
16.0
16.0
16.0
16.0
16.0
16.1
16.1
16.1
16.1
16.1
16.1
16.1
16.1
16.0
16.0
16.0
16.1
16.1
16.1
16.1
16.1
16.1
16.0
16.1
16.1
16.0
16.0
15.9
15.9
15.9
15.9
15.9
15.9
15.8
15.8
15.8
15.8
15.8
15.8
15.8
15.7
15.7
15.7
15.7
15.7
15.7
15.6
15.7
15.6
15.7
15.7
15.7
15.7
15.7
15.7
15.7
15.7
15.7
15.7
15.7
15.7
15.8
15.8
15.8
15.9
15.9
15.9
15.9
15.9
16.0
16.0
16.0
16.0
16.0
16.0
16.1
16.1
16.1
16.1
16.1
16.1
16.1
16.1
16.1
16.1
16.1
16.1
16.1
16.1
16.1
16.1
16.1
16.1
16.1
16.1
16.1
16.1
16.1
16.1
16.1
16.0
16.1
16.1
16.0
16.1
16.1
16.1
16.1
16.1
16.1
16.1
16.1
16.1
16.1
16.0
16.0
16.0
16.0
16.0
16.0
16.0
6.3
