12.4
12.3
12.3
12.3
12.3
12.3
12.3
12.3
12.2
12.2
12.2
12.2
12.3
12.3
12.2
12.2
12.2
12.3
12.3
12.3
12.3
12.3
12.3
12.3
12.3
12.2
12.2
12.2
12.2
12.2
12.2
12.2
12.2
12.2
12.2
12.3
12.2
12.2
12.2
12.2
12.3
12.2
12.2
12.2
12.2
12.2
12.2
12.2
12.2
12.2
12.2
12.2
12.2
12.2
12.2
12.2
12.2
12.2
12.2
12.2
12.2
12.2
12.2
12.2
12.2
12.2
12.2
12.2
12.2
12.2
12.2
12.2
12.2
12.2
12.2
12.2
12.2
12.2
12.2
12.2
12.2
12.2
12.2
12.2
12.2
12.2
12.2
12.2
12.2
12.2
12.2
12.2
12.2
12.2
12.3
12.2
12.2
12.2
12.2
12.2
12.2
12.2
12.2
12.2
12.2
12.2
12.2
12.2
12.3
12.3
12.3
12.2
12.2
12.2
12.2
12.2
12.2
12.2
12.2
12.2
12.2
12.2
12.2
12.2
12.2
12.2
12.2
12.2
12.2
12.2
12.2
12.2
12.2
12.2
12.1
12.2
12.2
12.2
12.2
12.2
12.1
12.1
12.2
12.2
12.2
12.2
12.2
12.2
12.2
12.2
12.2
12.2
12.2
12.2
12.2
12.2
12.2
12.2
12.2
12.2
12.4
12.4
12.3
12.3
12.3
12.3
12.3
12.3
12.2
12.4
12.4
12.4
12.3
12.3
12.3
12.3
12.3
12.3
12.2
12.3
12.2
12.2
12.2
12.2
12.2
12.2
12.2
12.2
12.2
12.2
12.2
12.2
12.2
12.2
12.2
12.2
12.2
12.2
12.2
12.2
12.1
12.2
12.2
12.2
12.2
12.2
12.2
12.2
12.2
12.2
12.2
12.2
12.2
12.2
12.2
12.1
12.1
12.1
12.1
12.2
12.2
12.1
12.1
12.1
12.1
12.2
12.2
12.2
12.2
12.2
12.2
12.2
12.2
12.2
12.2
12.2
12.2
12.1
12.1
12.2
12.2
12.1
12.1
12.2
12.1
12.1
12.1
12.1
12.2
12.2
12.2
12.2
12.1
12.1
11.8
