12.4
12.4
12.4
12.5
12.5
12.6
12.6
12.6
12.6
12.6
12.7
12.7
12.6
12.7
12.7
12.7
12.7
12.7
12.7
12.7
12.7
12.7
12.7
12.7
12.7
12.7
12.8
12.8
12.7
12.7
12.8
12.8
12.8
12.8
12.8
12.8
12.8
12.8
12.8
12.8
12.8
12.9
12.8
12.8
12.8
12.8
12.8
12.8
12.8
12.8
12.8
12.8
12.8
12.8
12.8
12.7
12.8
12.8
12.8
12.8
12.8
12.8
12.9
12.9
13.0
13.0
13.0
13.0
13.0
13.0
13.1
13.0
13.1
13.0
13.1
13.0
13.1
13.1
13.1
13.0
13.1
13.1
13.0
13.1
13.0
13.1
13.1
13.1
13.1
13.1
13.1
13.1
13.1
13.1
13.1
13.1
13.1
13.1
13.1
13.1
13.1
13.1
13.1
13.1
13.1
13.1
13.2
13.1
13.2
13.1
13.1
13.1
13.2
13.2
13.1
13.1
13.1
13.1
13.1
13.1
13.1
13.2
13.1
13.2
13.2
13.1
13.1
13.1
13.1
13.1
13.2
13.1
13.1
13.1
13.1
13.1
13.1
13.1
13.1
13.1
13.1
13.1
13.1
13.1
13.0
13.1
13.1
13.1
13.1
13.1
13.1
13.1
13.1
13.1
13.1
13.1
13.1
13.1
13.1
13.1
13.2
13.2
13.2
13.2
13.2
13.1
13.2
13.1
13.1
13.1
13.1
13.1
13.1
13.1
13.1
13.2
13.2
13.1
13.1
13.1
13.2
13.2
13.2
13.2
13.2
13.2
13.2
13.2
13.1
13.2
13.1
13.1
13.1
13.1
13.1
13.1
13.1
13.1
13.1
13.1
13.1
13.1
13.1
13.1
13.1
13.1
13.1
13.1
13.1
13.1
13.1
13.1
13.1
13.1
13.1
13.1
13.1
13.1
13.1
13.1
13.1
13.1
13.1
13.1
13.1
13.1
13.1
13.1
13.1
13.1
13.1
13.1
13.1
13.1
13.1
13.1
13.1
13.1
13.1
13.0
13.1
13.0
13.1
13.1
13.1
13.1
