12.4
12.6
12.9
13.1
13.3
13.5
13.7
13.9
14.0
14.1
14.2
14.3
14.4
14.4
14.5
14.5
14.6
14.6
14.6
14.6
14.7
14.7
14.7
14.7
14.7
14.8
14.8
14.8
14.8
14.8
14.8
14.9
14.9
14.9
14.9
14.9
14.9
14.9
14.9
14.9
15.0
15.0
15.0
15.0
15.1
15.0
15.0
15.0
15.0
15.0
15.0
15.0
15.0
15.0
15.0
15.0
15.0
14.9
15.0
14.9
14.9
14.9
15.0
15.0
14.9
14.9
15.0
15.0
15.0
14.9
15.0
15.0
15.1
15.0
15.1
15.0
15.0
15.0
15.0
15.0
15.0
15.0
15.0
15.0
15.0
15.0
15.0
15.0
15.0
15.0
15.0
15.0
15.0
15.0
15.0
15.0
15.0
15.0
15.0
15.0
