42.2
60.7
60.7
60.7
60.7
60.7
60.7
60.7
60.9
60.9
61.1
61.1
61.1
61.0
61.0
61.0
61.0
60.9
61.0
60.9
60.9
60.9
60.8
60.8
68.4
60.7
60.6
60.6
60.6
60.6
60.7
60.7
60.7
60.6
60.7
60.6
60.7
60.9
61.5
61.6
61.5
61.4
61.3
61.3
61.2
61.1
61.0
61.0
60.9
60.8
60.8
60.8
60.8
60.7
60.7
60.7
67.1
61.1
61.0
61.1
61.1
61.1
61.0
61.0
61.0
61.0
61.0
61.0
60.9
60.9
61.0
61.0
60.9
60.9
60.9
60.9
68.4
63.2
62.9
62.6
62.4
62.2
62.1
61.9
61.8
61.7
61.6
61.5
61.4
61.4
61.3
61.3
61.2
61.1
61.1
61.1
61.1
61.1
61.0
61.0
61.0
61.0
61.0
60.9
60.9
60.9
60.9
60.9
60.9
61.0
60.9
60.9
60.9
60.9
60.9
60.9
61.1
61.1
61.1
61.1
61.0
61.0
61.0
60.9
60.9
61.3
73.4
61.3
61.2
61.3
61.3
61.2
61.1
61.1
61.3
61.6
61.4
61.4
61.5
62.0
61.8
61.7
61.6
61.5
61.4
61.3
61.3
61.3
61.2
61.2
61.2
61.2
61.2
61.1
61.1
61.1
