42.2
58.0
57.9
57.9
58.3
58.3
58.3
58.3
69.0
58.2
58.2
58.2
58.2
58.2
58.2
58.2
58.2
58.2
58.3
58.3
58.3
58.5
58.4
58.4
58.4
58.4
58.3
58.3
58.3
58.3
58.3
58.2
58.2
58.3
58.5
58.8
58.7
58.6
58.5
58.5
58.4
58.4
58.3
58.3
58.3
58.3
58.2
58.3
58.3
58.2
58.2
58.2
58.2
58.2
58.2
58.2
58.2
58.2
67.1
66.9
58.4
58.3
58.3
58.3
58.3
58.3
58.2
58.2
58.2
58.2
58.2
58.1
58.1
58.1
58.1
58.1
58.2
58.1
58.1
58.1
58.1
58.1
58.1
58.1
58.1
58.1
58.1
58.3
58.4
58.3
58.3
58.3
58.2
58.2
58.2
58.2
58.2
58.1
58.2
58.3
58.2
58.2
66.9
58.2
58.1
58.2
67.1
58.2
58.2
58.2
58.2
58.2
58.8
58.7
64.4
58.0
58.0
58.0
58.0
58.0
58.0
58.5
58.9
64.4
58.0
58.0
58.0
58.1
58.1
58.2
58.1
58.1
58.2
58.2
58.2
58.2
58.2
58.2
58.2
58.3
58.3
58.3
58.3
58.4
58.4
58.3
58.3
58.3
58.3
58.3
58.2
58.2
58.2
58.2
58.2
58.2
58.2
58.2
58.2
58.2
58.2
58.2
58.2
58.1
58.2
58.1
58.1
58.2
58.2
58.2
58.2
58.2
58.1
58.1
58.2
58.1
58.1
58.1
58.2
58.2
58.2
58.5
58.4
58.4
58.3
58.3
58.3
58.4
58.5
58.4
58.4
58.4
58.4
58.3
68.0
58.2
58.2
58.2
58.2
58.2
58.2
58.2
58.2
58.2
58.3
58.3
58.3
58.6
58.5
58.5
58.8
58.7
58.7
58.6
63.8
58.0
58.0
58.1
58.1
58.1
58.2
58.2
58.2
58.2
58.2
58.2
58.2
58.2
64.2
58.2
58.2
58.1
58.1
58.2
58.2
58.3
58.2
58.2
58.2
58.2
58.2
58.2
58.2
58.2
58.2
58.2
58.1
58.2
58.1
58.1
58.2
58.1
58.1
58.2
58.2
58.4
58.7
58.8
69.0
58.2
58.2
58.1
58.1
58.1
58.2
58.2
58.2
58.2
58.4
58.3
58.3
58.4
58.4
58.3
58.5
58.4
58.4
58.4
58.3
58.3
58.6
58.5
58.5
58.4
58.4
58.3
58.3
58.3
58.3
58.7
65.1
57.8
57.8
57.9
57.9
57.9
57.9
57.9
58.0
58.0
58.0
58.1
58.1
58.1
58.1
58.1
58.1
58.1
58.1
58.1
58.1
58.1
58.1
58.1
68.0
68.1
58.4
58.3
58.3
58.3
58.2
58.2
58.2
58.2
58.3
58.4
58.3
58.3
58.3
58.3
58.3
58.8
59.3
59.2
59.1
59.0
58.9
58.9
58.8
58.7
58.7
58.6
58.5
58.5
58.8
58.7
58.7
58.6
58.6
58.6
58.5
58.4
58.4
58.8
59.0
59.1
59.0
58.9
58.8
58.9
58.7
58.7
58.6
58.6
58.8
58.8
58.7
58.6
58.5
58.5
58.5
58.4
58.4
58.4
58.4
58.3
58.3
58.3
58.7
58.6
58.6
58.5
58.4
58.4
58.3
58.4
58.3
58.3
58.3
58.2
58.2
58.2
58.2
58.1
58.1
58.1
58.1
58.1
58.1
58.1
63.8
58.2
58.1
58.1
58.1
58.1
58.1
58.1
58.2
58.4
58.4
58.3
58.3
58.4
58.4
58.4
58.3
58.3
58.9
67.6
58.2
58.2
58.2
58.2
58.2
58.2
58.2
58.2
58.2
58.2
58.2
58.2
58.2
58.2
58.2
58.2
58.4
58.4
58.3
58.3
58.3
58.3
58.2
58.2
58.1
58.2
58.8
58.7
58.6
58.5
58.4
58.4
58.3
58.3
58.2
58.2
58.2
58.2
58.1
58.1
58.1
58.2
58.1
58.7
58.7
58.6
58.6
58.5
58.4
58.4
58.3
58.3
58.3
58.4
58.3
58.4
58.3
58.5
58.5
58.9
59.1
59.1
59.0
58.9
58.8
58.8
58.7
58.6
58.6
58.5
58.4
58.4
58.3
58.3
58.4
58.4
58.6
58.5
58.5
58.4
58.4
58.3
58.3
58.2
58.2
58.2
58.1
58.1
58.1
58.1
58.1
58.1
58.1
58.1
58.0
58.0
58.0
58.0
58.0
58.0
58.0
58.0
58.0
57.9
58.0
58.0
58.0
58.2
58.2
