50.9
59.2
59.2
59.2
59.1
59.0
58.9
58.8
58.7
58.6
58.5
58.5
58.4
58.4
58.3
58.3
58.3
58.3
58.3
58.3
58.2
58.2
58.2
58.2
58.2
58.2
58.2
58.1
58.2
58.2
58.1
58.1
58.1
58.1
58.2
58.5
58.5
58.4
58.4
58.4
68.2
58.6
58.5
58.5
58.4
58.5
58.4
65.3
64.9
64.3
58.0
58.0
58.3
58.3
58.3
58.2
58.3
58.2
58.2
58.2
58.2
58.2
58.2
58.2
58.3
58.3
58.2
58.3
58.3
58.2
58.2
58.3
58.6
64.9
58.6
58.5
58.5
58.5
58.7
59.2
59.1
59.0
59.2
64.4
58.6
58.5
58.5
58.5
58.4
58.4
58.4
58.4
58.4
58.4
58.4
58.4
58.9
59.3
59.6
59.5
59.3
59.2
59.1
59.1
59.0
58.9
58.8
58.7
58.7
58.9
58.8
58.8
58.9
59.2
59.5
59.4
59.7
59.5
59.4
