59.7
60.1
66.5
66.0
65.6
65.1
64.7
64.4
64.7
64.3
64.0
63.8
63.6
63.4
63.2
63.1
62.9
62.8
62.8
62.7
63.1
63.0
62.8
62.8
62.7
62.6
62.6
62.8
62.8
62.7
62.6
62.6
62.5
62.5
62.5
62.4
62.4
62.3
62.3
62.3
62.4
62.3
62.3
62.3
62.3
62.3
67.4
66.7
66.2
65.6
66.0
65.5
65.1
64.8
64.5
73.6
63.4
63.2
63.1
63.1
69.6
69.1
68.7
68.2
62.4
62.4
62.3
62.3
62.3
62.4
62.4
62.4
62.4
62.4
62.3
62.4
62.6
62.6
62.6
62.9
72.1
62.4
62.3
62.3
62.3
62.3
62.3
62.4
62.4
62.4
62.3
62.4
62.4
62.3
62.3
62.3
62.3
62.4
62.4
63.0
62.9
62.8
62.7
62.6
62.6
62.5
62.5
62.4
62.5
62.5
62.4
62.4
62.4
62.4
62.5
62.5
62.4
62.4
62.4
62.4
62.3
62.3
62.4
62.4
62.3
62.7
71.5
65.7
65.2
64.9
64.6
64.3
64.0
63.8
63.6
63.5
63.3
63.1
63.0
63.0
62.9
62.8
62.7
62.7
62.6
62.6
62.5
62.5
62.4
62.4
62.4
62.4
62.3
62.4
62.3
62.3
62.2
62.3
62.2
62.2
62.2
62.2
62.2
62.2
62.2
62.2
62.2
62.2
62.1
62.1
62.1
62.1
62.1
62.2
62.2
62.2
62.2
62.4
68.0
67.7
67.4
67.3
61.9
61.9
61.9
61.9
62.3
62.6
62.6
62.5
62.5
62.4
62.4
62.3
62.3
62.3
62.2
62.2
62.2
62.2
62.3
62.2
62.2
69.4
62.1
62.0
62.3
62.3
62.9
62.7
62.7
62.6
62.5
62.4
62.4
62.3
62.3
62.3
62.3
62.2
62.2
62.2
62.2
62.2
62.2
62.1
62.1
62.1
62.1
62.1
62.1
62.1
62.1
62.1
62.1
62.2
62.7
62.6
62.5
62.4
62.4
62.3
62.3
62.3
62.3
62.3
62.2
62.2
62.2
62.2
62.1
62.1
62.1
62.1
69.4
62.1
62.0
62.0
62.0
62.0
62.0
62.0
62.0
62.0
62.0
62.5
62.7
62.6
62.6
62.5
62.5
62.4
62.4
62.3
62.5
62.4
62.8
62.7
62.7
62.6
62.6
62.6
62.5
62.5
62.4
62.4
62.4
62.3
62.3
62.3
62.3
62.4
62.4
62.3
62.3
62.3
62.3
62.5
63.0
63.3
63.6
63.9
64.2
63.9
63.8
63.5
63.4
63.2
63.1
63.0
62.9
62.8
62.7
62.6
62.6
62.6
62.5
62.4
62.4
62.4
62.4
62.4
62.3
62.3
62.3
62.3
62.3
62.3
62.3
62.3
62.3
62.3
62.3
62.3
62.3
62.3
62.3
62.3
70.9
62.4
62.4
62.4
62.5
62.4
62.4
62.4
62.4
62.3
62.3
62.3
62.2
62.2
62.2
62.1
62.1
62.1
62.2
62.2
62.2
62.2
62.2
62.2
70.7
63.0
62.8
62.8
62.7
62.6
62.6
62.5
62.6
62.5
62.5
62.5
62.4
62.4
62.4
62.4
62.4
62.3
62.3
62.3
62.2
62.2
62.2
62.2
62.2
62.2
62.3
62.3
62.3
62.3
62.2
62.3
62.2
62.3
62.3
62.3
62.3
62.5
72.6
62.1
62.1
62.1
62.1
62.1
62.2
62.2
62.2
62.2
62.2
62.2
62.2
62.2
62.3
62.3
62.3
62.3
62.4
62.8
63.2
63.5
63.8
64.1
63.9
63.7
69.8
62.4
62.4
62.3
62.3
62.3
62.3
62.2
62.2
62.2
62.2
62.3
62.2
62.3
62.3
62.3
62.2
62.2
62.3
62.4
62.4
62.5
62.4
62.4
62.4
62.3
62.4
62.3
62.4
62.4
62.4
62.4
62.4
62.4
62.4
62.4
62.3
62.3
62.7
62.6
62.6
62.5
62.5
62.5
62.5
62.4
62.5
62.5
62.4
62.4
68.4
62.1
62.1
62.1
62.1
62.1
62.1
62.1
62.1
62.2
62.2
62.2
62.2
62.2
70.3
62.8
62.6
62.6
62.6
62.5
62.5
62.5
62.5
62.6
62.5
62.5
62.4
62.4
62.6
62.6
62.5
62.5
70.1
64.2
63.9
63.8
63.6
63.5
63.3
63.2
63.1
63.0
62.9
62.9
62.8
62.8
62.7
70.3
62.4
62.3
62.3
62.3
62.3
62.3
68.0
62.6
69.8
62.1
62.3
62.3
62.3
62.6
63.0
63.4
63.7
64.0
63.7
63.6
63.5
63.4
63.3
63.1
63.0
62.9
62.9
62.8
62.7
62.7
62.6
62.6
62.6
62.5
62.5
62.4
62.4
62.4
68.4
62.4
62.4
62.4
62.3
62.4
62.4
62.4
62.4
62.4
62.4
62.4
62.4
62.4
62.3
62.3
62.3
62.3
62.3
62.3
62.2
62.2
62.2
62.2
62.3
62.2
62.2
62.3
62.3
62.4
62.3
62.3
62.3
62.3
62.2
62.3
62.2
62.3
62.2
62.2
62.2
62.2
62.2
62.2
62.6
62.9
62.9
62.8
62.7
62.7
69.6
64.4
64.3
64.5
64.2
63.9
64.2
64.0
63.8
63.6
63.5
63.3
63.2
63.4
63.4
63.3
63.2
63.1
63.0
62.9
62.8
62.8
63.1
63.0
62.9
62.9
62.8
62.7
62.7
62.6
62.6
62.6
62.6
62.5
62.5
62.5
72.8
62.1
62.1
62.1
62.2
62.1
62.2
62.2
62.2
62.5
62.9
63.3
63.6
63.9
63.7
63.5
63.4
63.4
73.6
65.3
64.9
64.5
64.3
64.0
63.8
63.6
63.4
63.3
63.1
63.0
62.9
62.9
62.8
62.7
62.7
62.6
62.6
62.5
69.8
63.4
63.3
63.1
63.1
71.1
62.8
62.8
62.7
62.7
62.6
62.6
62.5
62.5
62.5
62.4
62.4
62.4
62.4
62.4
62.4
62.4
62.4
62.4
62.4
62.4
62.4
62.3
62.4
62.3
62.3
62.4
62.4
62.6
62.9
62.9
62.8
62.7
62.7
62.6
62.9
63.3
63.2
63.1
63.0
63.0
62.8
62.8
62.7
62.7
62.6
62.6
62.6
62.5
62.5
62.5
62.4
62.4
62.3
62.4
62.4
62.4
62.4
62.4
62.4
62.4
62.4
62.4
62.4
62.3
62.3
62.3
62.3
62.3
62.3
62.3
62.3
62.3
62.5
62.5
62.5
62.5
62.4
62.4
62.4
62.4
62.4
62.4
62.4
62.4
62.4
62.5
62.5
62.9
63.3
63.6
63.5
63.3
63.2
63.1
63.1
63.0
63.2
63.1
62.9
62.9
62.9
62.8
62.7
62.7
62.7
62.6
62.6
62.5
62.5
62.5
62.5
62.4
62.4
62.3
62.3
62.3
62.4
62.4
62.4
71.7
62.6
62.5
62.5
62.5
62.5
62.5
62.5
62.5
62.5
62.5
62.5
62.5
62.6
62.5
62.5
62.5
62.4
62.4
62.3
62.3
62.3
62.3
62.3
62.3
62.5
62.5
62.4
62.4
62.3
62.3
62.3
62.3
62.2
62.3
62.2
62.2
62.2
62.2
62.4
62.4
62.4
62.4
62.3
62.3
73.0
63.4
63.2
63.1
68.2
62.4
62.3
62.3
62.2
62.2
62.2
62.3
62.3
62.3
62.2
62.3
62.2
62.3
62.3
62.3
62.3
62.3
62.3
62.2
62.3
62.3
62.3
62.3
62.3
62.3
62.3
62.3
62.2
62.2
62.3
62.8
63.1
63.5
63.3
63.2
63.1
63.0
62.9
62.8
62.7
62.6
62.5
62.5
62.5
62.4
62.4
62.5
62.5
62.5
62.4
62.4
62.7
63.2
63.1
62.9
62.9
63.3
63.5
63.6
63.7
63.6
63.5
63.3
63.3
63.1
63.1
63.3
63.2
63.1
63.1
63.0
62.9
62.9
62.8
62.8
62.7
62.7
62.7
70.7
63.0
62.9
62.8
62.8
62.8
62.7
62.7
62.6
62.6
62.6
62.6
62.6
62.6
62.5
62.5
62.5
62.5
62.6
62.5
62.6
62.5
62.5
62.5
62.6
62.6
62.6
62.5
62.5
62.5
62.4
62.5
62.5
62.6
62.6
62.6
62.6
62.6
62.6
63.1
63.2
63.0
63.6
63.5
70.1
62.4
62.4
62.4
62.4
62.4
62.4
62.5
62.5
62.5
62.5
62.5
62.5
62.5
62.5
62.5
62.5
62.6
62.6
62.6
62.7
62.7
62.6
63.2
63.2
63.1
63.0
62.9
68.6
68.2
68.0
67.7
62.4
62.4
62.5
62.5
62.5
62.5
62.6
62.5
62.5
62.5
62.5
62.5
62.5
62.5
62.6
62.5
62.5
62.7
62.7
62.7
62.7
62.7
62.6
62.6
62.6
62.6
62.6
62.6
62.6
62.6
62.7
62.6
62.6
62.6
62.6
62.6
62.6
62.6
62.6
62.6
62.5
62.5
62.5
62.6
71.3
62.6
62.5
62.7
62.7
62.7
62.7
62.6
68.8
62.6
62.6
62.6
62.6
62.6
62.6
62.6
62.7
62.6
62.7
62.7
63.3
63.2
63.2
63.1
63.2
63.1
63.1
63.0
62.9
62.9
62.9
62.8
69.0
62.4
62.5
62.5
62.5
62.5
62.6
62.6
62.5
62.6
62.6
62.5
62.6
62.6
62.6
62.6
62.7
62.7
62.7
62.7
62.7
62.6
62.7
62.6
62.7
62.6
62.6
62.6
62.6
62.7
62.7
62.7
69.0
62.6
62.6
62.5
62.5
62.6
62.6
62.7
63.1
63.5
63.9
64.2
64.4
64.2
64.1
63.9
63.8
63.6
63.5
63.4
63.3
63.2
63.1
63.1
63.0
62.8
62.8
62.8
62.8
62.8
68.6
62.6
62.6
62.6
62.6
62.5
62.5
62.6
62.6
62.6
62.6
62.6
62.6
62.6
62.6
62.6
62.6
62.6
72.6
66.1
66.6
66.2
65.9
65.4
65.1
64.8
64.5
64.2
64.0
63.8
63.7
63.5
63.4
63.3
63.2
63.1
63.1
63.0
63.0
62.9
63.0
62.9
62.9
62.9
62.8
62.8
62.7
62.8
62.7
62.7
62.7
62.7
62.6
62.6
62.6
62.6
62.7
62.7
62.7
62.6
62.6
62.6
69.6
62.8
62.8
62.8
62.7
62.7
62.8
62.7
62.7
62.7
62.7
62.6
62.7
62.6
62.6
62.6
62.6
62.6
62.5
62.6
62.6
62.6
62.6
62.6
62.6
62.6
62.6
62.6
62.6
62.5
62.6
62.5
62.6
62.6
62.6
62.6
62.7
63.2
63.5
63.9
63.7
63.6
63.4
63.3
63.2
63.2
63.1
63.0
62.9
62.9
62.8
62.8
62.8
62.7
62.7
62.7
62.7
63.1
73.4
62.8
62.7
62.7
62.7
62.6
62.7
62.7
