43.8
63.9
63.6
63.3
63.0
62.8
62.6
62.4
62.4
62.2
62.1
62.0
61.9
61.8
61.8
61.7
74.2
63.8
63.9
63.5
63.3
63.0
63.2
68.4
61.1
61.1
61.1
61.1
61.1
61.2
61.1
61.2
61.2
61.2
61.3
61.3
61.7
62.1
62.4
62.7
62.8
62.7
62.5
62.3
62.2
69.8
69.3
61.3
61.3
61.3
61.3
61.3
61.3
61.3
61.3
61.3
61.3
61.3
61.3
61.3
61.2
61.2
61.2
61.2
61.3
61.3
61.3
61.3
61.4
61.6
61.6
61.6
61.9
61.8
61.8
61.8
61.7
61.7
61.7
61.7
61.6
61.6
61.6
61.9
61.9
62.0
61.9
61.8
61.8
61.7
61.7
61.7
61.6
61.6
61.6
61.6
61.6
61.6
61.5
61.5
61.5
61.5
61.5
61.5
61.5
61.5
61.5
61.5
61.5
61.5
61.5
61.5
61.5
