ackermann: 0.86 0.16 0.16 0 0.75 2.53 3.31 3.73 3.79 4.78 3.1 0.41 0.2 2.02
array: 2.07 0 0.25 2.07 1.78 3.68 3.35 2.47 2.96 4.35 2.7 2.01 3.82 2.01
obj.-meth.: 4.64 0 0 2.06 0.67 5.28 4.99 5.13 5.63 5.41 4.94 3.29 2.44 0.01
classes: 1.86 0 1.43 1.31 0 2.68 5.11 3.4 4.53 4.77 3.57 1.79 2.26 3.49
conc.-comp.: 1.36 0 3.94 0.22 -1 3.03 4.79 -1 3.08 -1 3.09 3.65 3.22 2.19
exp.-operat.: 3.53 0 0.99 1.76 2.09 4.65 6.18 4.28 6.78 6.85 6.66 0 3.42 3.48
factorial: 1.5 0.56 0.61 0.48 1.28 2.82 3.73 4.04 2.92 3.41 3.79 2.63 0 1.17
file-I/O: 0.17 0.62 0.44 0.05 2.11 1.89 0.16 0.12 0.18 0.85 0.02 0 4.26 0.73
func.-comp.: 5.3 4.12 0 5.14 3.3 6.9 5.27 4.28 4.57 5.23 4.84 2.4 7.97 -1
huffman: 1.87 0 1.41 1.38 1.79 1.51 2.55 1.91 2.07 2.66 2.93 2.09 2.48 4.95
inher.-multi.: -1 -1 0.08 -1 7.93 0.93 0.18 -1 0.3 -1 0 -1 3.24 -1
inher-single: 0.1 -1 0 -1 3.7 0.96 0.05 0.05 0.03 1.01 0.05 -1 3.25 0.12
json: 0.71 0.53 2.32 1.23 3.32 3.91 0.74 0.17 1.97 2.5 2.21 0 4.94 0.46
lzw-compr: 3.89 2.15 4.83 4.52 3.78 5.8 4.92 3.34 4.53 -1 4.82 0 9.56 3.94
num.-integ.: 1.68 0.22 0.61 0.43 3.19 3.92 5.61 4.88 4.4 1.56 2.78 0 2.45 3.35
palindrome: 2.35 0.3 2.02 2.77 2.25 2.77 3.5 2.09 2.29 3.67 2.26 2.19 3.63 0
regex: 3.29 2.03 1.31 3.57 0 3.89 0.78 0.17 1.7 3.15 0.74 0.11 3.5 2.94
bubble: 0.06 0.48 0.34 0 0.78 2.57 2.81 3.54 3.61 4.85 3.11 2.39 3.73 0.08
insertion: 0.8 0.19 0.46 0.03 0 2.09 3.37 3.87 2.75 5.14 2.97 2.06 2.7 0.47
merge: 2.54 2.12 1.72 0 3.63 3.87 5.13 5.44 3.98 6.53 4.71 4.36 5.58 2.81
quick: 0.18 0.31 0.49 0 3.08 2.2 3.34 4.12 3.75 4.34 3.94 2.9 5 2.93
selection: 0.31 0.54 0.81 0 0.41 2.34 3.3 3.93 3.61 3.93 3.99 3.04 2.35 0.48
synch.s-conc.: 0.03 0 0 0.11 -1 0 0.58 -1 0.16 -1 0.06 0.04 -1 0.1
url-decode: 4.03 0 0.95 3.74 3.28 6.36 4.15 2.75 5.04 5.24 5.28 3.35 4.85 4.96
url-encode: 1.82 1.15 1.03 3.64 0.82 4.21 0.68 0 2.76 7.38 2.31 0.94 3.73 2.51
ackermann: 0 0.21 0.16 0.61 0.7 3.52 3.34 2.29 3.37 4.88 2.63 0.78 0.25 2.21
array: 1.91 0 0.4 1.37 2.44 4.42 4.09 2.7 3.33 3.97 3.22 1.86 3.42 1.78
obj.-meth.: 2.46 0.1 0 0.7 0 5.38 7.16 5.06 5.75 6.74 4.81 0.1 3.01 0.72
classes: 2.23 0.76 2.76 0 0.1 5.46 6.11 4.92 6.06 6.87 5.13 0 4.03 6.69
conc.-comp.: 3.36 0 4.63 0.27 -1 3.4 5.71 4.81 2.97 -1 4.24 2.78 0.58 2.96
exp.-operat.: 3.74 0 1.58 1.82 1.93 4.48 5.77 4.29 5.68 5.82 5.66 3.04 3.63 3.41
factorial: 0.16 0.46 0.36 0.44 0.6 3.03 4.01 2.37 3.52 4.42 2.94 1.24 0.15 0
file-I/O: 2.38 1.09 0.88 0.19 2.38 4.24 0.29 0.47 0.36 3.15 0.05 0 1.7 4.45
func.-comp.: 4.82 0.84 0 1.18 0.64 4.44 5.62 2.97 3.4 4.11 3.7 1.55 3.25 -1
huffman: 1.69 0 2.05 1.21 1.61 2.04 2.76 1.41 1.98 4.15 3.15 2.57 2.57 4.55
inher.-multi.: -1 -1 0 -1 5.89 1.73 0.32 -1 0.71 -1 0.32 -1 0.39 -1
inher.-single: 0.3 -1 0 -1 1.35 1.8 0.32 0.24 0.52 1.45 0.37 -1 0.83 0.39
json: 0.57 0.56 2.64 0.69 0.2 4.99 0.7 0 1.87 2.49 2.27 1.74 2.53 0.31
lzw-compr.: 1.66 0 2.99 1.87 0 4.02 2.66 0.73 2.11 -1 2.56 1.64 4.1 1.69
num.-integ.: 1.59 0 0.6 0.76 0.01 2.27 3.91 2.64 2.85 1.63 3.63 0.04 3.52 4.2
palindrome: 2.08 0.1 2.04 1.89 2.99 3.3 4.21 1.09 2.05 5.07 1.74 4.25 4.21 0
regex: 2.73 1.77 1.28 3.33 0 4.4 1 0.21 1.42 3.19 0.44 0.13 2.65 2.37
bubble: 0 0.78 1.11 0.8 0.19 2.55 3.43 3.18 3.63 3.68 3.34 2.23 4.6 0.29
insertion: 1.02 0.67 1.41 1.12 0 2.31 4.11 3.1 3.73 4.22 3.37 2.48 3.42 0.99
merge: 1.21 1.1 0.96 0 2.17 3.03 4.39 3.83 4.04 3.62 3.59 3.38 4.74 1.62
quick: 0 0.53 0.79 1.05 2.98 2.31 3.84 3.35 3.86 4.57 4.09 2.92 5.48 2.66
selection: 0.06 0.64 0.99 0.66 0 2.06 3.35 2.68 3.37 3.61 3.38 2.39 2.84 0.48
synch.-conc.: 0.54 0.04 0 0.08 -1 0.45 1.24 -1 0.92 -1 0.06 0.47 -1 1.89
url-decode: 1.45 0.18 0 0.82 0.99 4.87 2.25 0.43 2.76 3.2 2.95 1 2.53 2.07
url-encode: 1.69 2.56 1.65 3.18 1.06 5.07 1.02 0 2.74 5.64 2.37 1.01 2.67 2.19
ackermann: 0.51 0.68 0.67 0.62 1.02 3.33 0 2.6 3.72 5.06 2.91 1.02 0.64 1.67
array: 1.36 0 0.21 1.19 1.89 4.35 3.68 2.74 2.92 3.97 2.81 1.54 3.9 1.24
obj.-meth.: 2.34 0.02 0 0.3 0.47 5.41 6.84 5.13 5.56 6.93 4.49 0 1.71 0.37
classes: 2.28 0.74 3.5 0 1.91 5.37 6.66 5.35 4.82 5.59 5.26 0.35 3.85 6.8
conc.-comp.: 2.66 0 4.6 0.07 -1 2.55 4.9 3.87 2.77 -1 3.94 5.06 0.14 2.38
exp.-operat.: 1.79 0.14 0.26 0 0.28 2.59 4.25 2.15 4.75 4.61 4.09 1.77 1.72 1.75
factorial: 0 0.61 0.57 0.49 0.98 3.03 3.52 2.64 3.39 4.47 3.06 1.46 0.33 0.36
file-I/O: 1.12 0 0 0.72 1.1 4.37 0.01 0.4 0.35 2.3 0.07 0.21 4.68 1.53
func.-comp.: 1.69 0.97 0 1.93 1.82 4.49 4.1 2.77 2.93 3.69 3.25 0.65 3.24 -1
huffman: 1.41 0 1.8 1.09 1.55 2.06 2.19 1.36 1.98 4.25 3.05 2.24 2.39 4.38
inher.-multi.: -1 -1 0 -1 3.33 1.83 0.63 -1 0.63 -1 0.36 -1 0.63 -1
inher.-single: 0.13 -1 0 -1 1.47 1.69 0.39 0 0.21 1.36 0.22 -1 0.5 0.09
json: 0.33 0.36 2.37 0.74 0.4 3.94 0.65 0.05 1.94 2.56 2.08 1.42 2.41 0
lzw-compr.: 1.68 0 3.05 2.33 0.77 4.47 2.83 1.02 2.27 -1 2.61 1.91 4.26 1.62
num.-integ: 1.99 0.05 0 0.71 0.25 1.7 3.36 2.63 1.96 1.5 1.66 0.09 3.25 3.26
palindrome: 1.81 0 1.94 1.56 3.24 3.97 3.95 1.11 1.95 5.01 1.64 3.4 3.75 0.02
regex: 2.82 2.05 1.74 3.9 0 4.38 1.15 0.51 1.8 2.96 0.67 0 3.11 2.44
bubble: 0.77 1.35 1.68 0 1.25 2.78 4.19 3.53 3.42 4.22 3.38 2.51 5.13 0.98
insertion: 1.32 0.87 1.65 0 0.61 2.71 4.16 3.72 4.14 4.73 3.81 2.79 3.67 1.43
merge: 0.95 0.93 0.94 0 2.48 3.05 4.36 3.92 4.08 2.61 3.58 3.18 4.68 1.43
quick: 0 0.55 0.94 0 3.51 2.71 4.01 3.54 4.02 4.9 4.06 3.02 5.55 2.7
selection: 0 0.47 0.95 0.22 0.32 1.97 3.48 2.92 2.6 3.53 3.45 2.33 2.61 0.41
synch.-conc.: 0.18 0 0.16 0.29 -1 0.29 1.54 -1 1.16 -1 0.41 0.26 -1 2.13
url-decode: 3.31 0 1.41 2.5 2.51 5.37 3.63 1.87 0 4.24 4.28 2.44 3.93 3.29
url-encode: 1.95 1.97 1.27 3.12 0.87 4.66 0.88 0 2.55 5.07 1.87 0.61 3.29 1.92
