86.7
86.6
86.5
86.4
86.3
86.2
86.2
86.1
86.3
86.2
86.2
86.1
86.1
86.1
86.0
85.9
85.9
85.9
85.9
86.3
86.2
86.2
86.1
86.1
86.0
86.0
86.0
85.9
86.0
85.9
85.9
85.9
85.9
85.9
85.9
85.9
85.9
86.0
86.0
86.0
86.1
86.1
86.1
86.1
94.6
87.3
87.1
87.0
86.9
86.9
86.8
86.8
86.6
86.6
86.5
86.5
86.4
86.3
86.3
86.3
86.3
86.2
86.3
86.2
86.2
86.2
86.1
86.1
86.1
86.1
86.1
86.1
86.0
86.0
86.0
86.0
85.9
86.0
85.9
86.0
86.0
86.0
86.0
85.9
85.9
86.0
86.0
85.9
86.0
86.0
86.0
86.0
86.1
86.0
86.0
86.0
86.0
86.0
86.0
86.0
86.0
86.0
86.0
86.0
86.0
86.0
86.0
86.0
86.0
86.0
86.1
86.1
86.1
86.1
86.1
86.2
86.2
86.1
86.1
86.1
86.1
86.1
86.1
86.1
86.1
86.1
86.1
86.1
86.1
86.1
86.1
86.1
92.9
87.5
87.3
87.1
87.0
86.8
86.8
86.7
86.6
86.6
86.5
86.4
91.7
86.5
86.4
86.3
86.3
86.2
86.2
86.2
86.2
86.2
86.2
86.2
86.2
86.2
86.2
86.2
86.2
86.2
86.2
86.2
86.3
86.2
86.2
86.1
86.1
86.1
86.2
86.1
86.1
86.1
86.1
86.0
86.1
86.1
86.1
86.1
86.0
86.0
86.1
86.1
86.1
86.2
86.2
86.2
86.2
86.2
86.2
86.3
86.3
86.2
86.3
86.3
86.3
86.3
86.3
86.3
86.3
86.3
86.3
86.3
86.2
86.2
86.2
86.2
86.1
86.1
86.1
86.1
86.1
86.1
86.1
86.1
86.1
86.1
86.1
86.1
86.4
94.0
86.3
86.2
86.2
86.3
86.3
86.2
86.2
86.2
86.2
86.1
86.2
86.3
86.2
86.2
86.2
86.1
86.1
86.1
86.2
86.2
86.2
86.2
86.2
86.2
86.2
86.2
86.2
86.2
86.1
86.2
86.2
86.2
86.3
86.3
86.4
86.4
86.4
86.4
86.4
86.4
86.4
86.5
86.5
86.5
86.5
86.5
86.5
86.5
86.5
86.5
86.6
86.5
86.5
86.5
86.5
86.5
86.5
86.4
86.4
86.3
86.3
86.3
86.3
86.2
86.3
86.2
86.2
86.2
86.2
86.2
86.1
86.1
86.2
86.1
86.2
86.3
86.3
86.3
86.3
86.2
86.3
86.3
86.4
86.4
86.4
86.4
86.4
86.4
86.4
86.3
86.3
86.3
86.3
86.3
86.3
86.3
86.3
86.3
86.4
86.4
86.3
86.3
86.3
86.3
86.3
86.3
86.2
86.2
86.2
86.2
86.2
86.3
86.3
86.3
86.3
86.2
86.3
86.3
86.3
86.4
86.4
86.4
86.4
86.4
86.5
86.5
86.5
86.5
86.5
86.6
86.5
86.6
86.6
86.6
86.6
86.6
86.6
86.6
86.6
86.6
86.6
86.6
86.6
86.5
86.5
86.4
86.4
86.3
86.3
86.3
86.2
86.3
86.2
86.2
86.2
86.2
86.2
86.1
86.2
86.2
86.1
86.1
86.2
86.2
86.3
86.3
86.8
86.7
86.7
86.6
86.6
86.6
86.6
86.6
86.6
86.5
86.5
86.5
86.5
86.5
86.5
86.5
86.4
86.4
86.3
86.3
86.3
86.3
86.3
86.3
86.3
86.3
86.2
86.3
86.2
86.2
86.2
86.2
86.3
