53.4
85.2
85.2
85.2
85.2
85.1
85.1
85.1
85.1
85.1
85.1
85.1
85.1
85.0
85.0
85.0
84.9
84.9
84.9
84.9
84.9
84.9
84.9
84.9
85.0
84.9
84.9
85.0
84.9
84.9
85.0
85.0
85.0
85.0
85.0
85.0
85.1
92.3
92.1
85.9
85.7
85.7
85.6
85.6
85.5
85.5
85.5
85.4
85.4
85.4
85.4
85.4
85.4
85.3
85.3
85.3
85.3
85.2
85.2
85.2
85.2
85.2
85.3
85.3
85.2
85.2
85.2
85.2
85.1
85.1
85.1
85.1
85.1
85.3
85.4
85.4
85.3
85.3
85.3
85.3
85.3
85.2
85.2
85.2
85.2
85.2
85.1
85.2
85.1
85.1
85.2
85.1
85.1
85.1
85.1
85.1
85.1
85.2
85.1
85.1
85.1
85.1
85.1
85.1
85.2
85.1
85.1
85.2
85.1
85.1
85.2
85.2
85.2
85.2
85.1
85.1
85.1
85.1
85.1
85.1
85.1
85.1
85.1
85.1
85.2
85.2
85.1
85.1
85.1
85.1
85.2
85.2
93.1
86.3
86.1
86.0
86.0
85.8
85.8
85.7
85.7
85.6
85.6
85.5
85.5
85.5
85.4
85.4
85.3
85.3
85.2
85.3
85.3
85.2
85.3
85.3
85.2
85.2
85.2
85.2
85.2
85.2
85.2
85.2
85.2
85.2
85.2
85.2
85.2
85.2
85.2
85.2
85.2
85.2
85.2
85.2
85.2
85.2
85.3
85.2
85.2
85.3
85.2
85.2
85.3
85.2
85.2
85.2
85.2
85.2
85.2
85.2
85.1
85.1
85.1
85.1
85.1
85.2
85.2
85.1
85.1
85.2
85.2
85.1
85.1
85.1
85.1
85.2
85.2
85.1
85.1
85.2
85.1
85.1
85.2
85.2
85.2
85.2
85.1
85.2
85.2
85.2
85.2
85.2
85.2
85.1
85.1
85.1
85.1
85.1
85.1
85.1
85.2
85.2
85.2
85.2
85.2
85.2
85.2
85.2
85.2
85.2
85.2
85.2
85.1
85.1
85.2
85.2
85.1
85.1
85.2
85.1
85.1
85.2
85.2
85.2
85.2
85.1
85.2
85.2
85.2
85.1
85.1
85.1
85.2
85.2
85.2
85.1
85.2
85.1
85.1
85.2
85.4
85.3
85.3
85.3
85.2
85.2
85.2
85.2
85.2
85.2
85.1
85.2
85.2
85.1
85.1
85.2
85.1
85.1
85.2
85.1
85.1
85.1
85.1
85.1
85.1
85.1
85.2
85.2
85.2
85.3
85.4
85.4
85.5
85.4
85.4
85.5
85.5
85.5
85.6
85.5
85.6
85.6
85.6
85.6
85.6
85.6
85.6
85.7
85.7
85.7
85.7
85.7
85.7
85.7
85.7
85.7
85.7
85.7
85.7
85.7
85.7
85.6
85.7
85.6
85.6
85.7
85.7
85.7
85.7
85.6
85.6
85.6
85.6
85.6
85.6
85.6
85.5
85.6
85.6
85.6
85.6
85.6
85.6
85.7
85.6
85.7
85.7
85.7
85.7
85.7
85.6
85.7
85.7
85.6
85.6
85.6
85.7
85.7
85.7
85.6
85.6
85.7
85.7
85.6
85.6
85.6
85.6
85.6
85.6
85.7
85.6
85.7
85.7
85.7
85.7
85.7
85.7
85.7
85.7
85.7
85.7
85.7
85.7
85.7
85.7
85.7
85.7
85.7
85.7
85.7
85.7
85.7
85.7
85.7
85.7
85.7
85.6
85.6
85.6
85.5
85.5
85.4
85.4
85.4
