17.0
17.1
17.3
17.4
17.6
17.7
17.8
18.0
18.0
18.2
18.2
18.3
18.3
18.4
18.4
18.4
18.5
18.5
18.5
18.5
18.6
18.6
18.6
18.7
18.7
18.7
18.7
18.8
18.8
18.8
18.8
18.8
18.8
18.8
18.8
18.9
18.9
18.9
18.9
18.9
18.9
19.0
18.9
18.9
18.9
18.9
19.0
19.0
19.0
19.0
19.0
19.0
19.0
19.0
19.0
19.0
18.9
19.0
19.0
19.0
19.0
18.9
19.0
19.0
19.0
19.0
19.0
19.0
19.0
19.0
19.0
19.0
19.0
19.0
19.0
19.1
19.1
19.1
19.1
19.1
19.1
19.1
19.1
19.1
19.1
19.1
19.2
19.1
19.1
19.1
19.2
19.2
19.2
19.2
19.2
19.2
19.3
19.2
19.2
19.2
19.2
19.2
19.2
19.2
19.2
19.1
19.1
19.1
19.1
19.1
19.1
19.2
19.2
19.2
19.2
19.2
19.2
19.2
19.2
19.2
19.2
19.2
19.2
19.2
19.3
19.2
19.2
19.2
19.2
19.2
19.2
19.2
19.2
19.2
19.2
19.2
19.2
19.2
19.2
19.2
19.2
19.3
19.3
19.3
19.3
19.3
19.2
19.2
19.3
19.3
19.2
19.2
19.3
19.3
19.3
19.3
19.3
19.3
19.3
19.3
19.2
19.2
19.2
19.2
19.2
19.2
19.3
19.2
19.2
19.2
19.2
19.2
19.2
19.2
19.2
19.2
