2713.5
2731.4
2717.3
2745.8
2888.9
2889.4
2877.5
2883.9
2893.9
2886.2
2898.9
2888.9
2889.3
2889.5
2917.6
2875.4
2893.1
2926.2
2868.5
2892.5
2881.2
2887.7
2887.7
2899.7
2880.8
2896.8
2890.6
2891.0
2890.6
2906.0
2891.8
2872.9
2883.1
2872.7
2872.8
2890.8
2890.8
2884.1
2898.1
2917.0
2872.5
2887.9
2887.4
2876.8
2882.5
2883.0
2883.6
2892.5
2892.0
2880.8
2887.7
2887.4
2905.1
2880.2
2880.0
2880.1
2879.8
2885.0
2884.4
2884.0
2890.2
2883.1
2883.6
2890.6
2883.7
2900.6
2900.6
2900.2
2899.9
2899.6
2899.3
2885.8
2896.6
2918.9
2929.5
2900.6
2881.6
2907.6
2907.2
2925.1
2903.7
2873.7
2880.0
2879.5
2885.8
2872.9
2872.9
2883.1
2883.2
2890.0
2874.8
2868.5
2886.2
2886.4
2873.1
2908.9
2908.9
2886.4
2900.6
2917.4
2899.5
2899.1
2911.8
2898.5
2930.7
2921.2
2901.0
2900.5
2918.0
2910.1
2932.4
2906.8
2912.2
2896.4
2896.3
2906.2
2887.3
2887.7
2896.8
2883.1
2890.0
2884.1
2884.2
2894.7
2888.5
2882.3
2888.9
2888.3
2897.0
2897.5
2890.2
2924.9
2918.9
2945.9
2890.4
2899.3
2923.4
2883.9
2910.3
2892.7
2883.7
2872.5
2888.1
2875.0
2882.1
2899.1
2881.4
2881.7
2891.8
2891.6
2891.7
2879.8
2880.2
2886.4
2886.4
2880.4
2901.0
2888.9
2888.4
2925.7
2905.6
2911.8
2887.5
2888.0
2933.0
2899.9
2906.0
2896.2
2896.2
2895.8
2895.4
2881.4
2898.3
2890.6
2891.1
2882.1
2894.1
2893.9
2893.7
2901.4
2889.5
2889.2
2889.2
2878.7
2897.0
2897.4
2892.0
2927.6
2892.0
2911.0
2883.9
2889.1
2926.2
2905.6
2890.2
2890.1
2883.7
2863.7
2886.2
2878.5
2897.2
2896.8
2868.7
2887.0
2880.8
2893.9
2886.2
2899.3
2898.9
2899.2
2891.2
2891.1
2902.2
2891.2
2922.8
2884.1
2920.3
2919.7
2883.9
2975.9
2899.1
2879.8
2894.9
2894.7
2875.6
2901.8
2883.9
2884.3
2883.9
2897.7
2892.2
2879.6
2879.5
2896.8
2896.2
2895.6
2895.0
2894.4
2888.7
2908.7
2908.9
2922.8
2898.7
2898.7
2925.5
2911.8
2923.0
2886.8
2887.0
2906.8
2906.6
2906.3
2915.3
2901.4
2891.4
2902.0
2885.6
2902.9
2897.4
2908.9
2889.1
2889.1
2888.6
2893.9
2893.5
2886.8
2921.2
2907.4
2925.3
2898.1
2926.4
2879.8
2926.8
2883.7
2908.7
2918.5
2872.9
2897.7
2891.2
2913.7
2907.6
2902.0
2889.3
2907.4
2900.1
2900.1
2899.7
2900.3
2899.8
2899.3
2898.8
2914.1
2888.5
2902.0
2921.4
2928.2
2882.5
2890.8
2928.4
2889.5
2908.7
2901.2
2892.0
2899.9
2885.8
2877.1
2895.4
2895.7
2895.8
2885.8
2902.0
2902.4
2907.8
2868.1
2885.6
2901.6
2886.2
2915.5
2901.0
2900.4
2914.9
2915.1
2904.5
2891.2
2923.0
2905.4
2925.7
2898.5
2889.3
2898.7
2891.6
2905.4
2905.0
2896.2
2895.6
2895.8
2895.2
2895.4
2895.7
2919.3
2888.3
2899.5
2900.0
2900.4
2911.0
2902.4
2895.6
2896.1
2926.6
2927.0
2899.3
2910.8
2911.3
2919.9
2911.6
2906.4
2892.7
2905.8
2905.5
2911.8
2898.1
2905.6
2905.5
2906.0
2905.8
2892.0
2891.5
2904.5
2914.5
2909.1
2908.8
2909.4
2901.4
2917.0
2911.0
2947.8
2917.6
2934.5
2906.8
2944.3
2916.4
2916.2
2905.6
2886.2
2901.6
2920.3
2906.6
2915.1
2924.1
2915.1
2908.7
2918.7
2905.8
2905.1
2896.6
2906.2
2911.6
2911.0
2911.2
2928.7
2917.8
2924.1
2923.6
2923.6
2937.6
2917.2
2897.7
2950.7
2911.8
2898.7
2952.2
2904.9
2893.1
2893.6
2909.5
2903.1
2903.6
2922.8
2890.6
2890.8
2907.4
2907.0
2899.9
2899.9
2899.8
2900.3
2900.2
2900.1
2907.8
2900.4
2941.5
2898.3
2921.6
2895.8
2944.3
2880.0
2909.9
2935.3
2900.6
2882.5
2905.6
2905.8
2906.2
2896.6
2896.7
2897.1
2915.5
2906.4
2892.5
2898.9
2907.0
2907.0
2906.4
2912.2
2904.7
2912.8
2903.5
2928.4
2944.0
2927.0
2950.1
2909.7
2930.5
2912.4
2912.9
2913.0
2907.2
2919.5
2901.6
2925.5
2912.0
2912.2
2912.8
2912.7
2912.3
2912.4
2890.0
2898.1
2912.6
2912.3
2911.7
2906.0
2911.2
2919.9
2889.7
2960.9
2925.1
2925.1
2901.6
2932.8
2913.3
2913.7
2920.3
2920.0
2904.1
2887.7
2903.9
2911.0
2919.7
2901.6
2893.9
2909.9
2901.0
2910.8
2899.9
2900.2
2916.8
2916.3
2916.1
2907.6
2914.7
2922.4
2914.7
2924.5
2924.5
2911.0
2947.6
2933.4
2933.7
2926.8
2912.6
2912.7
2900.4
2912.6
2920.7
2920.6
2898.9
2899.2
2906.6
2912.0
2903.1
2913.9
2891.4
2908.7
2924.9
2906.2
2912.8
2892.9
2924.3
2923.7
2937.8
2894.1
2937.0
2902.6
2932.6
2899.9
2913.7
2913.1
2901.8
2924.7
2908.3
2908.1
2908.7
2898.3
2907.4
2906.8
2906.8
2906.5
2906.8
2916.0
2924.9
2906.6
2912.8
2912.3
2897.4
2920.3
2919.8
2943.8
2909.9
2947.8
2916.6
2939.1
2898.5
2922.4
2907.4
2896.2
2906.2
2905.5
2905.2
2921.2
2904.7
2905.1
2898.5
2908.9
2908.2
2890.6
2906.2
2911.6
2917.8
2908.3
2893.5
2901.4
2901.7
2927.8
2921.6
2896.2
2908.7
2915.5
2908.1
2933.4
2908.7
2908.1
2894.7
2895.2
2903.1
2913.0
2913.4
2906.4
2912.0
2906.6
2906.9
2916.0
2923.7
2906.8
2916.8
2909.7
2904.3
2915.3
2925.1
2925.1
2924.6
2929.7
2929.2
2928.6
2893.7
2927.8
2906.6
2930.1
2903.7
2913.5
2904.1
2909.7
2926.2
2908.7
2916.0
2899.3
2911.4
2910.9
2910.3
2932.2
2924.5
2924.3
2923.8
2923.6
2916.8
2916.4
2916.8
2909.9
2932.6
2917.0
2945.5
2922.2
2921.8
2940.5
2904.7
2904.6
2916.4
2916.3
2906.6
2925.1
2894.9
2909.3
2909.5
2909.2
2902.2
2914.7
2907.8
2921.4
2921.2
2914.9
2915.1
2907.8
2929.1
2928.5
2946.7
2907.2
2948.8
2908.3
2934.5
2911.4
2911.8
2911.3
2922.4
2906.0
2900.1
2909.9
2898.3
2907.0
2907.6
2916.0
2899.5
2916.4
2916.2
2916.4
2910.3
2910.3
2918.2
2903.7
2903.7
2932.0
2932.2
2949.7
2917.8
2934.7
2909.1
2908.7
2937.8
2911.8
2912.2
2911.7
2894.3
2894.8
2910.1
2897.2
2886.2
2886.2
2901.0
2900.7
2900.2
2900.1
2899.6
2915.1
2908.3
2916.6
2899.3
2899.4
2917.6
2917.1
2917.3
2907.6
2919.3
2944.7
2911.2
2932.2
2896.0
2902.6
2902.7
2903.1
2911.8
2901.4
2919.9
2914.7
2907.0
2906.6
2882.5
2904.9
2896.8
2906.6
2898.9
2899.3
2918.2
2904.3
2904.0
2904.0
2931.4
2903.7
2949.2
2902.0
2943.8
2929.9
2930.4
2936.8
2902.4
2884.8
2898.5
2898.5
2914.7
2904.5
2904.4
2904.4
2904.7
2904.5
2904.6
2910.6
2902.2
2902.3
2915.1
2915.2
2904.5
2918.0
2899.9
2923.0
2916.4
2917.0
2900.6
2909.9
2922.0
2893.1
2902.6
2938.0
2898.1
2898.5
2906.8
2896.2
2896.8
2910.6
2898.5
2898.2
2891.2
2904.1
2894.7
2894.6
2911.8
2911.4
2895.6
2911.8
2911.3
2916.4
2923.2
2905.6
2921.8
2916.6
2940.3
2909.9
2896.2
2939.7
2903.7
2937.2
2936.7
2922.0
2921.4
2909.9
2902.9
2912.6
2903.9
2903.3
2903.5
2903.1
2919.3
2894.1
2909.1
2896.6
2902.6
2902.6
2908.3
2900.6
2900.6
2884.3
2925.1
2909.7
2927.2
2898.3
2912.2
2940.7
2891.8
2916.0
2909.7
2915.3
2908.1
2907.6
2896.8
2908.9
2908.2
2907.6
2908.0
2908.5
2908.8
2909.3
2923.0
2903.7
2909.9
2915.1
2903.3
2918.9
2918.4
2918.1
2938.8
2922.4
2906.4
2897.4
2940.5
2911.6
2905.4
2937.6
2912.0
2912.4
2890.8
2915.5
2898.3
2926.2
2911.4
2924.5
2915.8
2910.1
2898.5
2909.7
2909.2
2909.0
2917.8
2899.1
2899.1
2884.5
2919.7
2939.9
2948.0
2917.6
2908.3
2953.8
2911.6
2941.5
2911.0
2910.6
2910.6
2918.5
2906.2
2898.5
2903.9
2904.1
2921.2
2911.4
2911.5
2911.9
2911.5
2922.4
2903.5
2903.6
2903.9
2903.6
2903.3
2913.7
2914.1
2914.4
2928.2
2909.3
2928.2
2905.6
2905.9
2937.8
2915.1
2915.0
2909.1
2909.2
2909.1
2909.0
2908.8
2903.1
2911.0
2911.4
2903.9
2929.7
2918.7
2918.9
2892.7
2915.8
2910.1
2910.3
2923.4
2909.1
2925.5
2932.0
2922.4
2894.7
2933.6
2891.6
2926.4
2894.9
2919.5
2910.8
2910.2
2910.6
2893.9
2914.5
2907.0
2907.1
2896.8
2916.0
2915.7
2921.2
2907.8
2908.0
2913.9
2904.1
2916.2
2905.8
2905.4
2933.6
2908.5
2941.3
2913.9
2928.2
2912.0
2911.4
2933.4
2898.3
2924.3
2899.7
2894.3
2906.4
2899.1
2899.2
2890.6
2909.7
2909.6
2910.0
2915.8
2909.3
2923.0
2904.7
2911.4
2923.7
2945.3
2917.0
2934.3
2924.5
2943.0
2918.0
2947.8
2912.0
2934.3
2923.4
2900.8
2915.8
2915.3
2906.6
2896.4
2906.4
2905.8
2905.3
2896.2
2906.2
2905.5
2913.9
2914.1
2908.1
2896.2
2917.2
2899.9
2899.4
2926.6
2899.3
2931.4
2924.5
2916.6
2911.4
2925.5
2903.1
2926.8
2909.3
2903.1
2887.0
2897.4
2909.7
2909.9
2910.2
2909.7
2909.4
2909.4
2909.3
2909.7
2915.3
2891.8
2909.1
2908.8
2908.6
2908.8
2909.2
2902.0
2917.8
2935.5
2949.9
2925.9
2893.1
2940.3
2899.9
2909.7
2943.4
2896.0
2917.2
2900.4
2899.8
2912.4
2890.0
2902.0
2911.6
2901.4
2901.7
2908.1
2915.3
2901.6
2912.4
2905.4
2905.7
2898.9
2911.6
2926.6
2926.7
2900.8
2890.4
2906.0
2926.2
2898.1
2915.3
2909.3
2909.3
2903.7
2903.7
2904.1
2920.3
2920.6
2890.8
2890.6
2901.6
2901.0
2910.1
2910.4
2902.0
2916.6
2916.7
2929.1
2921.8
2921.7
2910.8
2905.1
2940.5
2940.1
2949.2
2939.7
2925.1
2910.8
2910.6
2900.1
2914.7
2914.8
2901.2
2920.1
2908.9
2908.6
2902.6
2910.8
2904.5
2915.1
2891.2
2918.0
2898.5
2929.9
2930.1
2939.1
2912.6
2912.4
2943.2
2902.2
2931.4
2918.9
2898.7
2908.5
2896.4
2914.9
2898.7
2898.8
2908.5
2909.0
2921.6
2921.0
2914.3
2890.2
2905.4
2905.1
2904.6
2904.0
2903.4
2903.0
2887.7
2903.1
2902.7
2918.0
2929.7
2906.0
2913.7
2938.2
2893.5
2922.0
2901.6
2901.4
2914.7
2900.6
2915.8
2931.8
2920.3
2900.8
2900.8
2911.4
2895.6
2908.1
2908.2
2914.7
2906.0
2913.7
2913.2
2912.9
2906.4
2906.1
2922.0
2921.9
2898.9
2911.6
2943.4
2918.7
2929.3
2899.9
2900.4
2917.4
2892.9
2914.9
2906.8
2898.5
2898.1
2906.8
2906.7
2900.8
2895.4
2909.7
2910.2
2909.8
2909.5
2886.8
2905.8
2884.8
2915.5
2915.0
2905.8
2913.0
2924.9
2900.1
2935.5
2938.6
2911.4
2911.6
2935.1
2912.6
2912.8
2907.2
2921.2
2902.9
2911.2
2911.6
2919.3
2693.8
