2711.3
2962.6
2916.6
2916.8
2907.4
2876.2
2898.1
2934.1
2925.7
2870.6
2932.8
2913.3
2901.6
2934.5
2901.4
2909.7
2919.5
2892.9
2943.4
2892.9
2893.3
2911.4
2903.9
2922.0
2908.5
2908.7
2925.3
2887.0
2918.0
2894.7
2921.8
2937.0
2905.4
2956.3
2897.9
2924.9
2956.7
2890.4
2937.4
2899.5
2899.7
2906.0
2906.4
2906.2
2906.0
2888.7
2934.1
2885.8
2905.1
2914.9
2901.0
2914.5
2903.1
2902.8
2903.4
2917.0
2909.1
2914.5
2931.1
2922.8
2908.9
2938.2
2902.2
2893.1
2937.0
2907.8
2907.8
2936.8
2907.4
2914.3
2907.2
2920.1
2903.1
2903.6
2922.0
2889.5
2901.6
2895.2
2907.0
2919.3
2892.9
2909.1
2901.4
2900.9
2910.1
2910.2
2900.4
2906.4
2897.4
2923.7
2916.2
2905.1
2921.0
2920.4
2928.4
2922.0
2907.2
2899.9
2899.7
2951.7
2912.4
2924.3
2911.4
2886.6
2911.2
2899.9
2890.0
2919.1
2918.7
2918.8
2926.6
2899.3
2918.7
2901.2
2911.8
2905.6
2931.8
2913.5
2927.2
2969.2
2923.7
2923.2
2939.9
2913.5
2948.8
2914.7
2914.5
2922.6
2914.9
2930.5
2919.7
2911.4
2911.3
2921.2
2909.1
2929.7
2913.0
2912.6
2895.8
2911.2
2939.1
2901.0
2918.7
2907.0
2919.1
2919.2
2919.0
2909.7
2938.4
2893.1
2933.6
2908.3
2929.3
2913.3
2907.8
2908.4
2919.1
2896.4
2927.4
2900.6
2910.8
2899.5
2899.8
2899.5
2925.1
2896.0
2895.6
2922.2
2910.8
2892.2
2908.7
2908.2
2908.3
2940.3
2926.4
2919.3
2919.4
2946.1
2936.6
2936.3
2923.9
2945.5
2930.9
2924.3
2911.0
2916.2
2923.4
2895.4
2901.6
2901.7
2909.7
2910.0
2910.0
2896.2
2896.1
2903.9
2893.7
2881.0
2912.2
2912.3
2926.8
2937.6
2897.9
2914.9
2902.6
2937.0
2919.9
2928.0
2898.7
2942.4
2917.8
2908.9
2903.7
2924.1
2905.4
2905.8
2929.9
2897.0
2909.5
2924.1
2907.2
2923.4
2909.7
2892.7
2913.5
2913.6
2921.2
2942.2
2923.7
2923.1
2917.4
2961.5
2914.9
2942.8
2919.3
2911.0
2923.4
2904.1
2929.9
2929.7
2909.1
2926.4
2926.0
2901.0
2936.6
2912.4
2912.9
2912.7
2913.2
2912.9
2899.1
2893.9
2923.2
2909.5
2901.6
2937.4
2905.6
2946.7
2900.4
2923.9
2916.0
2944.3
2911.6
2922.4
2922.5
2922.5
2888.9
2908.7
2918.7
2939.1
2895.4
2918.2
2901.4
2913.5
2913.2
2913.0
2927.0
2910.3
2915.8
2926.2
2905.4
2928.4
2933.6
2921.2
2954.7
2894.7
2946.3
2898.5
2907.0
2939.3
2913.5
2913.9
2914.5
2922.0
2915.8
2916.1
2925.7
2902.9
2927.8
2934.9
2926.4
2912.2
2924.3
2915.5
2924.1
2923.8
2935.1
2942.0
2887.5
2913.9
2934.1
2916.6
2924.3
2924.0
2924.3
2924.0
2935.9
2909.7
2909.6
2910.0
2910.5
2910.1
2910.3
2910.9
2910.9
2910.5
2911.0
2911.3
2911.3
2926.8
2907.4
2907.5
2898.1
2885.2
2885.5
2910.3
2910.4
2940.1
2925.1
2912.2
2922.6
2905.4
2917.6
2938.8
2921.6
2896.0
2913.9
2914.0
2913.4
2897.9
2889.5
2890.0
2926.4
2898.5
2921.2
2904.1
2923.9
2914.7
2943.0
2908.9
2921.0
2900.1
2932.4
2901.8
2928.7
2888.7
2959.2
2908.5
2940.7
2940.5
2908.1
2933.6
2924.5
2924.4
2924.6
2900.6
2926.2
2925.7
2906.8
2906.8
2912.6
2912.6
2939.5
2908.3
2920.3
2920.9
2933.0
2933.0
2915.8
2906.0
2916.8
2910.1
2903.7
2920.3
2937.8
2917.6
2889.5
2930.3
2904.5
2946.3
2911.4
2899.5
2956.5
2910.8
2903.1
2894.7
2910.6
2910.5
2890.4
2926.2
2901.4
2910.3
2925.7
2908.5
2924.3
2901.0
2901.1
2922.6
2941.3
2936.1
2919.5
2929.7
2929.5
2936.6
2911.4
2910.8
2922.6
2935.5
2946.5
2917.8
2910.1
2922.8
2923.0
2913.7
2925.5
2911.2
2901.6
2930.1
2887.9
2913.7
2908.5
2908.2
2923.4
2901.2
2917.4
2923.7
2923.4
2930.5
2907.0
2907.0
2938.0
2903.9
2955.9
2926.6
2949.0
2924.5
2923.9
2950.5
2915.8
2946.1
2930.1
2910.1
2922.6
2895.8
2917.6
2892.7
2893.1
2910.1
2909.5
2909.9
2922.0
2908.1
2908.4
2908.5
2888.5
2917.0
2923.2
2909.9
2947.8
2926.8
2940.7
2920.3
2943.8
2910.3
2918.2
2917.7
2937.2
2952.0
2933.2
2933.0
2917.0
2908.1
2925.7
2926.2
2925.9
2939.7
2906.4
2927.4
2927.1
2934.7
2934.2
2916.8
2942.4
2928.2
2918.5
2936.1
2904.1
2919.7
2945.7
2916.0
2964.8
2909.9
2944.7
2926.6
2933.2
2932.8
2924.7
2925.0
2925.3
2916.8
2910.6
2934.5
2918.0
2912.8
2926.4
2935.9
2915.1
2914.8
2923.7
2908.9
2931.8
2915.1
2922.6
2936.8
2922.2
2948.0
2923.4
2948.8
2958.2
2909.5
2949.0
2914.7
2909.5
2963.0
2902.4
2927.4
2927.9
2922.4
2937.2
2912.2
2923.7
2912.2
2905.6
2922.4
2909.9
2931.1
2924.9
2915.8
2915.5
2915.7
2927.0
2926.8
2926.9
2936.1
2935.5
2935.4
2959.4
2902.4
2953.0
2913.5
2914.0
2930.1
2912.2
2923.4
2923.5
2923.3
2922.9
2913.3
2927.6
2934.3
2906.8
2935.5
2921.4
2921.2
2932.8
2924.5
2924.6
2924.5
2915.8
2926.8
2921.4
2921.6
2921.4
2948.4
2935.3
2913.7
2954.9
2911.6
2991.9
2922.6
2917.2
2934.3
2905.1
2912.8
2925.5
2918.7
2925.1
2909.3
2916.8
2930.7
2899.7
2936.3
2917.6
2917.2
2927.6
2927.4
2927.7
2927.2
2939.5
2950.9
2942.8
2923.7
2924.2
2951.3
2917.2
2917.8
2940.3
2913.3
2906.2
2926.2
2925.8
2938.2
2921.6
2909.1
2921.0
2935.1
2906.4
2933.0
2904.5
2903.9
2924.7
2914.5
2922.6
2890.2
2908.9
2895.4
2894.8
2923.7
2923.3
2899.7
2911.4
2941.1
2916.6
2916.9
2916.4
2916.2
2922.6
2916.2
2949.9
2896.0
2939.5
2912.8
2933.2
2912.2
2917.4
2900.6
2888.1
2908.3
2908.3
2889.1
2936.8
2916.0
2932.2
2920.7
2944.7
2933.6
2904.1
2945.1
2918.5
2940.7
2922.4
2908.7
2924.7
2924.6
2907.4
2918.9
2910.6
2933.6
2925.1
2925.0
2939.9
2912.0
2925.1
2925.2
2925.2
2924.7
2911.6
2923.7
2933.4
2913.7
2929.5
2920.5
2933.0
2927.6
2907.4
2940.7
2905.8
2935.9
2929.1
2921.6
2921.9
2911.4
2911.6
2923.0
2914.1
2920.5
2936.6
2921.0
2964.4
2917.2
2917.1
2917.0
2916.4
2936.1
2935.7
2927.8
2927.4
2927.6
2913.0
2913.0
2939.7
2934.3
2919.1
2964.8
2929.9
2911.6
2967.6
2934.7
2927.2
2927.6
2910.8
2930.7
2918.5
2925.7
2925.1
2917.8
2923.2
2900.8
2923.4
2934.7
2921.0
2920.4
2920.3
2920.2
2920.4
2904.7
2938.8
2909.7
2916.0
2940.3
2918.0
2944.9
2920.5
2919.9
2957.4
2910.1
2904.9
2955.5
2915.3
2931.6
2913.0
2906.6
2937.6
2927.8
2915.3
2922.6
2922.8
2923.1
2973.4
2934.5
2906.6
2919.7
2920.2
2910.8
2918.7
2943.0
2942.9
2924.9
2925.4
2945.1
2930.7
2954.7
2925.9
2943.4
2961.9
2933.9
2923.0
2940.1
2911.6
2925.3
2924.9
2907.0
2933.4
2901.2
2901.7
2936.3
2918.7
2919.1
2918.5
2918.9
2931.8
2925.7
2934.1
2922.6
2922.8
2933.4
2925.3
2973.6
2926.4
2916.2
2955.7
2909.1
2937.2
2948.2
2910.1
2924.1
2909.7
2910.0
2910.4
2930.3
2917.6
2923.7
2915.5
2915.7
2915.7
2938.6
2922.8
2908.1
2968.6
2926.4
2926.4
2905.8
2915.5
2907.8
2907.4
2929.5
2907.0
2946.3
2911.4
2938.0
2894.5
2894.9
2936.6
2936.4
2910.3
2896.0
2908.3
2918.5
2917.9
2917.7
2924.1
2923.8
2914.1
2923.7
2923.2
2923.4
2915.5
2915.0
2929.3
2908.3
2938.6
2926.6
2944.0
2932.0
2895.2
2950.3
2913.9
2905.4
2946.7
2912.6
2929.3
2929.3
2913.9
2922.0
2922.2
2922.3
2902.2
2890.4
2916.6
2924.3
2895.4
2917.8
2917.3
2897.4
2903.9
2919.9
2919.9
2935.3
2998.5
2927.6
2941.8
2935.5
2935.8
2913.9
2901.4
2935.3
2928.7
2906.8
2906.8
2896.8
2897.1
2896.5
2908.9
2908.6
2902.0
2914.1
2922.2
2895.4
2919.3
2935.5
2904.5
2920.7
2920.9
2909.1
2928.7
2902.4
2944.0
2923.4
2937.6
2945.1
2908.9
2924.5
2955.5
2919.7
2967.1
2918.9
2929.3
2929.8
2929.3
2910.3
2909.8
2954.9
2894.5
2937.6
2910.6
2905.4
2914.7
2907.4
2912.6
2912.3
2894.9
2925.7
2911.4
2911.4
2931.6
2938.0
2925.1
2934.1
2952.8
2926.2
2935.5
2928.9
2915.1
2915.1
2931.8
2925.1
2911.8
2912.4
2912.6
2923.4
2906.4
2906.9
2922.0
2911.0
2917.4
2908.1
2894.7
2904.9
2913.9
2927.4
2892.5
2892.0
2911.6
2930.9
2914.1
2936.3
2915.3
2908.1
2957.2
2923.4
2922.9
2915.8
2905.6
2893.9
2932.8
2900.6
2900.3
2912.8
2901.6
2924.3
2904.7
2904.4
2897.2
2903.7
2933.6
2902.6
2918.7
2918.7
2901.2
2893.9
2926.2
2919.1
2910.6
2932.4
2919.5
2898.5
2928.2
2908.1
2935.5
2925.3
2934.3
2901.8
2914.7
2900.4
2917.6
2901.8
2901.3
2910.3
2903.1
2903.1
2903.2
2902.8
2912.2
2905.1
2923.2
2916.8
2922.0
2901.6
2900.9
2941.1
2897.2
2937.2
2926.8
2896.0
2901.2
2901.4
2894.5
2906.6
2906.0
2899.1
2905.1
2904.9
2889.7
2896.0
2896.2
2896.3
2896.1
2912.8
2925.5
2911.4
2876.6
2905.4
2905.2
2904.7
2916.6
2960.3
2864.4
2938.8
2898.1
2916.8
2934.1
2907.8
2907.2
2907.4
2900.8
2893.5
2888.3
2910.3
2933.6
2909.1
2909.1
2909.1
2909.2
2909.4
2915.8
2901.0
2901.4
2917.2
2900.4
2900.7
2915.1
2924.5
2919.3
2898.7
2939.3
2928.4
2885.4
2946.7
2913.7
2926.6
2955.9
2886.4
2886.9
2887.1
2905.4
2910.8
2896.8
2914.9
2899.1
2892.9
2935.9
2909.5
2916.4
2902.9
2903.2
2918.9
2905.4
2905.1
2912.4
2900.6
2931.8
2921.6
2921.8
2942.0
2923.2
2949.5
2894.1
2913.9
2925.3
2895.2
2915.5
2908.7
2901.4
2916.4
2903.7
2903.5
2883.5
2920.1
2933.6
2909.1
2928.0
2915.8
2916.0
2933.4
2933.8
2924.5
2899.3
2934.5
2920.3
2931.6
2924.1
2915.8
2929.5
2929.0
2912.4
2911.9
2892.9
2903.1
2914.9
2899.9
2921.8
2909.5
2903.3
2903.9
2904.5
2904.4
2891.8
2911.8
2923.4
2922.8
2933.9
2913.7
2929.3
2922.8
2922.5
2928.0
2898.9
2909.1
2936.6
2917.0
2903.5
2897.2
2896.5
2920.7
2868.3
2901.2
2895.6
2911.8
2911.7
2887.9
2920.1
2897.9
2898.0
2922.0
2903.7
2911.0
2922.2
2902.6
2922.2
2936.8
2914.1
2914.2
2952.2
2920.1
2911.6
2936.8
2908.7
2908.7
2926.4
2901.4
2926.6
2899.7
2927.0
2917.2
2907.0
2899.7
2915.3
2907.2
2928.2
2893.5
2916.8
2890.6
2917.4
2917.8
2907.4
2924.9
2930.1
2904.7
2929.5
2937.4
2917.6
2904.9
2939.7
2923.9
2918.0
2945.5
2914.9
2915.0
2924.1
2888.1
2927.0
2920.3
2905.8
2894.9
2895.4
2895.7
2916.0
2900.4
2908.5
2884.5
2915.3
2895.2
2895.4
2914.9
2889.5
2918.2
2918.5
2918.0
2943.0
2921.4
2951.1
2912.8
2912.7
2930.7
2935.9
2928.7
2928.9
2919.7
2919.9
2907.8
2919.9
2920.4
2920.4
2912.8
2912.4
2930.3
2930.4
2902.4
2902.7
2921.4
2929.1
2938.0
2900.1
2964.0
2904.3
2937.6
2918.2
2933.4
2915.1
2924.7
2904.9
2928.4
2902.9
2929.9
2911.8
2902.0
2919.3
2903.7
2910.1
2922.8
2908.9
2935.5
2904.1
2931.1
2931.7
2917.4
2925.7
2909.1
2927.0
2947.6
2919.9
2939.3
2919.5
2919.4
2955.7
2932.8
2938.4
2944.7
2935.3
2956.1
2932.2
2914.7
2933.0
2943.4
2909.7
2918.0
2932.2
2931.8
2921.4
2937.0
2909.1
2908.8
2922.4
2916.2
2925.5
2925.7
2936.3
2924.9
2925.1
2947.2
2918.7
2935.9
2920.1
2957.4
2928.0
2898.1
2955.1
2929.1
2918.2
2925.9
2896.8
2913.9
2908.1
2914.5
2921.8
2906.8
2906.8
2935.1
2920.5
2927.0
2927.3
2911.4
2911.5
2903.5
2903.8
2931.6
2924.1
2935.1
2908.3
2924.9
2938.8
2913.5
2967.1
2930.3
2924.1
2909.9
2928.9
2920.5
2936.1
2936.3
2923.7
2923.8
2933.4
2924.9
2906.4
2915.1
2900.1
2941.3
2893.1
2919.7
2933.4
2933.6
2915.1
2956.1
2924.3
2924.3
2923.9
2932.6
2945.9
2936.8
2926.8
2918.0
2918.6
2918.1
2911.6
2892.2
2923.9
2923.7
2914.7
2914.9
2914.3
2904.5
2894.1
2913.7
2894.9
2907.2
2898.5
2898.6
2906.8
2939.3
2913.9
2901.4
2940.9
2914.9
2907.6
2907.0
2899.7
2928.7
2898.3
2932.8
2911.0
2911.3
2916.8
2909.7
2921.0
2920.6
2906.6
2888.3
2913.5
2946.1
2920.7
2906.6
2940.1
2905.4
2913.3
2923.7
2935.5
2907.4
2906.8
2933.4
2926.8
2891.8
2949.5
2902.4
2930.5
2913.9
2924.9
2924.5
2897.7
2918.5
2918.6
2918.7
2919.0
2918.6
2918.9
2904.7
2890.4
2914.1
2913.6
2938.8
2938.3
2907.8
2941.3
2909.5
2918.2
2917.8
2956.3
2927.4
2909.9
2943.2
2916.4
2924.7
2909.5
2915.3
2925.3
2908.9
2909.0
2916.8
2883.5
2924.5
2900.1
2918.2
2932.2
2894.7
2917.0
2897.4
2910.8
2924.9
2938.8
2944.0
2913.0
2906.6
2933.6
2934.0
2902.9
2950.9
2909.5
2909.7
2937.4
2913.9
2914.4
2950.5
2937.0
2907.2
2898.7
2918.5
2904.1
2912.0
2884.5
2931.1
2922.8
2895.4
2921.8
2898.9
2920.1
2911.6
2934.9
2914.1
2936.1
2923.4
2922.9
2923.0
2922.5
2942.0
2908.5
2916.4
2916.1
2909.9
2910.2
2910.7
2911.0
2910.5
2924.7
2911.4
2910.8
2910.7
2910.3
2916.0
2908.1
2913.9
2913.5
2869.6
2916.2
2904.7
2904.9
2923.2
2899.7
2899.8
2922.4
2903.7
2943.2
2897.2
2888.7
2932.8
2883.9
2924.7
2896.6
2925.5
2916.6
2902.6
2896.0
2863.3
2920.5
2893.3
2923.7
2914.5
2907.0
2907.1
2906.6
2906.5
2922.0
2880.8
2912.6
2918.7
2934.1
2900.6
2907.2
2930.3
2900.4
2930.7
2930.4
2894.9
2925.7
2909.9
2909.3
2896.0
2904.1
2914.3
2914.8
2924.9
2906.2
2901.0
2900.4
2917.0
2929.1
2974.2
2901.4
2919.3
2914.1
2920.5
2934.5
2905.6
2939.5
2927.8
2928.2
2912.8
2931.8
2892.2
2944.9
2936.8
2919.1
2904.3
2914.9
2915.1
2903.7
2913.0
2912.8
2920.5
2920.2
2897.0
2907.4
2886.0
2927.4
2916.2
2900.4
2922.4
2914.9
2934.5
2919.3
2951.5
2928.4
2915.3
2948.8
2912.8
2948.2
2924.7
2911.6
2895.6
2929.5
2908.9
2921.4
2914.5
2913.8
2934.3
2891.6
2914.9
2921.2
2902.4
2924.7
2909.7
2909.7
2933.6
2917.8
2918.1
2954.2
2944.9
2930.9
2941.3
2929.1
2908.3
2925.9
2955.7
2909.9
2928.0
2928.0
2916.6
2931.8
2912.0
2946.1
2928.7
2916.4
2916.8
2925.5
2925.4
2917.4
2917.6
2927.4
2898.5
2921.8
2921.8
2908.9
2939.7
2906.4
2926.6
2926.4
2938.4
2933.0
2939.9
2923.2
2928.9
2909.7
2922.2
2950.9
2908.9
2926.8
2919.3
2944.0
2931.6
2925.1
2911.8
2921.6
2946.7
2917.6
2917.7
2918.2
2948.2
2937.4
2918.0
2930.5
2930.5
2899.7
2946.5
2926.4
2902.2
2953.4
2919.1
2962.8
2915.8
2924.7
2925.1
2925.4
2942.8
2903.7
2904.2
2925.5
2913.0
2918.7
2902.6
2942.8
2926.8
2903.5
2921.6
2901.8
2902.0
2914.1
2932.6
2918.2
2912.8
2893.7
2954.0
2899.9
2960.5
2906.2
2906.8
2949.5
2914.1
2914.5
2914.3
2913.8
2899.9
2909.9
2904.1
2904.7
2916.4
2916.1
2894.5
2894.2
2908.3
2919.5
2896.4
2895.7
2940.1
2899.9
2923.7
2928.9
2917.6
2942.2
2877.7
2931.6
2922.6
2939.7
2913.0
2900.4
2918.5
2910.8
2910.6
2911.2
2911.4
2893.9
2925.5
2912.4
2937.6
2898.7
2899.1
2916.6
2916.7
2928.0
2917.2
2917.8
2964.2
2940.1
2925.1
2919.7
2940.3
2930.1
2950.9
2924.5
2924.6
2935.3
2925.3
2911.6
2911.8
2912.0
2911.7
2942.8
2902.2
2893.9
2925.9
2925.8
2926.0
2906.4
2919.5
2919.2
2919.0
2933.0
2917.2
2936.8
2929.9
2923.9
2924.1
2913.9
2936.3
2936.2
2945.3
2925.5
2916.6
2944.0
2914.3
2887.9
2912.6
2918.5
2942.8
2915.5
2900.6
2923.7
2924.2
2904.3
2933.9
2898.3
2898.4
2909.3
2909.2
2919.5
2894.1
2925.3
2920.1
2919.6
2940.3
2940.8
2916.0
2933.9
2906.0
2925.5
2896.4
2903.7
2909.5
2925.1
2924.5
2924.6
2911.6
2929.9
2903.9
2921.2
2908.9
2903.1
2919.1
2903.3
2940.5
2882.5
2925.7
2925.2
2909.3
2930.1
2912.0
2942.2
2954.7
2902.9
2946.1
2924.1
2923.5
2910.6
2936.1
2935.5
2920.7
2926.6
2915.3
2914.7
2928.2
2922.2
2912.2
2926.6
2896.2
2945.5
2907.0
2933.2
2913.3
2907.2
2932.8
2918.9
2918.8
2939.7
2924.7
2924.1
2924.5
2924.5
2960.3
2923.9
2933.6
2950.7
2933.6
2933.5
2923.0
2935.3
2917.0
2928.4
2918.2
2902.0
2926.8
2906.2
2921.0
2920.5
2904.9
2905.1
2904.5
2918.0
2912.4
2912.3
2927.8
2895.4
2914.5
2914.4
2922.8
2915.1
2945.3
2904.1
2952.6
2901.8
2917.0
2938.2
2887.7
2915.5
2901.8
2926.6
2916.0
2915.4
2922.0
2905.4
2912.2
2929.5
2907.4
2907.6
2902.4
2909.9
2909.8
2921.0
2914.1
2906.0
2924.3
2897.7
2929.3
2935.9
2946.3
2919.5
2907.6
2933.9
2902.9
2916.0
2916.2
2940.3
2951.1
2924.5
2914.3
2945.1
2922.4
2917.0
2917.6
2902.6
2902.9
2926.8
2906.4
2938.2
2893.7
2933.4
2924.9
2907.4
2916.6
2924.1
2929.3
2929.3
2917.2
2917.5
2918.1
2918.2
2917.7
2928.4
2928.0
2922.2
2921.6
2931.8
2932.4
3046.8
2963.0
2903.9
2932.8
2921.0
2921.4
2921.1
2907.6
2922.6
2914.3
2938.0
2920.3
2912.4
2933.0
2908.5
2937.2
2929.5
2948.8
2927.8
2907.4
2961.3
2914.1
2913.6
2947.4
2905.4
2905.1
2930.9
2908.7
2918.5
2910.1
2939.9
2924.9
2916.4
2942.2
2922.2
2913.7
2930.7
2912.6
2924.9
2930.5
2930.5
2956.9
2893.7
2933.6
2956.7
2932.6
2945.1
2928.2
2916.6
2923.4
2923.5
2930.9
2912.8
2936.8
2900.6
2930.3
2922.6
2914.1
2907.4
2919.7
2919.1
2924.7
2908.7
2937.6
2928.4
2911.4
2939.1
2938.9
2929.7
2964.2
2914.7
2960.7
2910.3
2964.8
2965.0
2940.1
2950.5
2922.8
2936.1
2956.1
2919.9
2944.0
2913.0
2947.8
2941.5
2913.7
2935.5
2905.8
2940.9
2923.4
2934.7
2918.7
2900.6
2932.0
2946.7
2911.2
2963.2
2943.2
2910.3
2954.0
2904.7
2948.6
2976.3
3027.7
2908.1
2908.4
2924.7
2924.4
2912.0
2918.9
2918.5
2918.6
2905.1
2940.1
2934.7
2904.7
2927.4
2927.0
2908.5
2924.5
2916.6
2933.2
2907.2
2926.8
2956.1
2926.6
2926.2
2940.9
2911.2
2957.2
2925.7
2913.7
2963.8
2893.3
2917.6
2888.5
2907.6
2918.7
2892.0
2914.7
2898.5
2908.9
2914.7
2914.3
2935.3
2935.3
2912.6
2918.2
2925.1
2947.0
2926.6
2904.7
2919.9
2949.7
2923.0
2910.6
2918.2
2949.2
2912.6
2926.2
2936.3
2925.1
2932.8
2932.6
2907.8
2923.4
2929.9
2918.0
2903.9
2916.2
2916.4
2906.4
2922.6
2922.0
2921.8
2914.5
2907.2
2938.8
2922.8
2922.6
2930.1
2917.2
2951.7
2899.7
2939.7
2908.9
2919.9
2919.6
2906.0
2924.9
2925.0
2925.6
2913.7
2926.2
2909.7
2929.4
2936.3
2909.5
2923.0
2932.4
2928.2
2952.8
2939.1
2917.2
2922.0
