2893.7
2932.8
2932.8
2932.2
2931.9
2940.1
2933.0
2932.8
2932.2
2925.9
2933.6
2933.0
2933.0
2933.7
2917.6
2936.8
2912.0
2917.2
2948.0
2939.7
2976.9
2920.1
2931.1
2977.5
2977.7
2946.1
2934.5
2927.6
2915.5
2937.8
2918.0
2917.8
2927.4
2921.0
2926.8
2927.3
2932.8
2949.7
2955.1
2954.9
2939.7
2916.2
2922.4
2914.1
2929.7
2921.6
2948.8
2954.7
2954.6
2910.3
2965.1
2935.1
2934.8
2966.7
2921.8
2952.2
2982.7
2938.0
2937.4
2937.1
2924.7
2924.4
2930.1
2940.9
2923.7
2924.2
2916.4
2916.7
2928.4
2927.8
2911.8
2928.9
2929.3
2934.5
2939.7
2939.1
2939.6
2953.8
2942.8
2948.2
2929.9
2963.0
2952.4
2976.7
2941.1
2929.9
2946.3
2946.3
2937.8
2938.2
2938.5
2943.6
2937.4
2936.9
2931.8
2944.7
2944.3
2944.1
2957.2
2936.3
2936.2
2943.6
2937.0
2946.5
2939.5
2939.8
2928.9
2941.8
2934.3
2934.0
2933.9
2974.6
2930.1
2939.7
2960.7
2930.9
2961.9
2935.5
2936.0
2936.3
2927.8
2937.4
2937.6
2938.0
2932.0
2940.3
2939.8
2930.3
2936.8
2937.4
2942.6
2928.4
2938.6
2918.5
2938.6
2938.8
2953.0
2937.2
2970.7
2940.3
2920.1
2959.9
2913.9
2926.2
2966.5
2927.0
2937.4
2928.7
2929.1
2922.8
2945.3
2923.7
2930.9
2922.4
2950.1
2923.9
2943.0
2942.7
2948.4
2947.8
2927.8
2928.1
2939.7
2940.2
2971.5
2938.6
2968.6
2938.8
2946.1
2972.1
2958.0
2957.9
2944.3
2944.1
2943.5
2943.6
2944.2
2944.7
2955.7
2948.6
2925.5
2919.3
2946.5
2929.7
2950.3
2945.1
2935.1
2935.1
2945.5
2937.8
2950.1
2935.7
2942.6
2932.8
2939.5
2927.8
2939.5
2939.1
2951.5
2939.3
2920.5
2943.8
2943.3
2935.7
2930.1
2929.5
2929.3
2922.0
2935.3
2940.5
2941.1
2965.7
2934.9
2969.0
2922.0
2939.1
2960.5
2945.5
2953.6
2947.6
2934.9
2922.2
2961.7
2929.5
2940.7
2940.5
2940.7
2930.9
2930.3
2930.9
2913.7
2922.6
2912.6
2924.9
2925.4
2937.6
2942.8
2931.8
2924.3
2940.1
2928.2
2938.2
2931.8
2931.4
2938.2
2937.9
2937.4
2956.9
2956.5
2938.2
2938.0
2926.8
2964.4
2935.1
2953.6
2937.8
2937.8
2950.1
2927.2
2932.8
2925.7
2939.3
2924.1
2924.5
2936.3
2945.5
2934.1
2942.0
2941.5
2957.2
2957.2
2956.9
2948.6
2934.3
2943.6
2938.4
2948.0
2947.9
2964.0
2942.8
2943.3
2957.8
2944.9
2944.7
2978.0
2930.5
2943.4
2966.7
2937.8
2964.6
2927.6
2933.4
2945.3
2944.7
2923.9
2944.0
2944.6
2936.1
2943.8
2930.9
2931.5
2931.3
2931.2
2931.3
2931.0
2946.5
2916.8
2938.6
2939.2
2930.7
2938.0
2950.1
2964.0
2952.6
2939.7
2957.2
2931.8
2985.7
2941.5
2951.5
2951.1
2950.7
2936.1
2953.2
2963.4
2948.2
2965.5
2955.1
2946.3
2946.7
2952.8
2952.1
2952.1
2951.6
2945.7
2956.3
2931.6
2993.8
2974.8
2987.5
2965.5
2939.9
2965.9
2966.1
2950.3
2950.5
2942.0
2959.0
2926.4
2956.7
2944.0
2943.9
2938.8
2939.4
2939.7
2945.1
2945.5
2944.9
2923.9
2960.5
2960.7
2933.6
2950.5
2943.6
2943.7
2961.7
2937.6
2953.6
2942.4
2961.7
2939.3
2958.2
2972.8
2934.5
2969.6
2938.2
2945.3
2936.1
2936.1
2971.5
2946.3
2935.9
2943.8
2923.0
2950.5
2950.4
2950.9
2937.0
2942.4
2948.4
2934.9
2950.7
2933.0
2959.0
2946.7
2971.5
2933.6
2952.4
2996.3
2950.3
2956.9
2986.5
2950.1
2957.8
2940.5
2947.0
2930.7
2931.2
2965.7
2950.9
2933.0
2949.5
2949.0
2954.7
2944.3
2944.8
2944.8
2934.7
2942.8
2942.3
2942.8
2934.3
2963.0
2957.6
2951.3
2930.7
2986.3
2933.4
2985.0
2935.9
2935.6
2959.2
2930.1
2942.8
2943.2
2930.9
2941.8
2952.4
2951.8
2936.6
2936.1
2935.6
2936.2
2936.7
2936.2
2944.0
2951.5
2951.4
2944.9
2955.9
2955.5
2939.9
2939.5
2948.4
2969.0
2940.7
2933.9
2977.5
2956.1
2956.2
2984.0
2924.1
2948.6
2948.8
2934.7
2934.7
2943.4
2933.0
2941.8
2930.7
2931.3
2930.9
2931.1
2950.3
2938.0
2938.1
2938.3
2945.3
2952.8
2941.1
2950.5
2928.9
2951.1
2962.4
2934.7
2950.9
2962.4
2947.2
2947.7
2972.5
2933.6
2954.4
2933.9
2950.7
2950.1
2924.3
2933.4
2933.0
2945.3
2939.7
2922.8
2936.3
2942.4
2933.9
2933.5
2927.2
2913.3
2929.7
2935.5
2924.1
2942.6
2942.4
2952.0
2932.4
2960.9
2936.1
2959.0
2950.5
2951.0
2960.5
2960.1
2922.4
2939.3
2925.3
2925.4
2931.6
2923.4
2937.8
2945.5
2939.1
2949.5
2927.0
2941.5
2941.0
2925.7
2948.0
2931.8
2940.1
2957.8
2957.6
2917.4
2967.6
2928.4
2970.3
2949.7
2949.3
2961.7
2927.4
2947.6
2948.1
2948.2
2942.4
2948.2
2934.1
2925.1
2932.4
2925.5
2940.9
2954.2
2953.9
2953.7
2933.6
2933.7
2952.0
2957.2
2957.2
2944.3
2943.7
2952.6
2952.8
2934.3
2985.4
2944.5
2953.0
2958.8
2946.7
2974.8
2961.7
2969.2
2952.8
2944.9
2930.1
2930.2
2942.4
2953.4
2953.2
2936.8
2950.3
2950.9
2962.4
2955.1
2955.0
2955.3
2940.7
2962.6
2970.0
2948.8
2978.2
2926.4
2947.4
2967.8
2967.7
2942.6
3001.5
2959.9
2960.2
2952.8
2952.2
2935.1
2935.5
2958.8
2975.3
2952.0
2962.1
2948.4
2954.2
2953.7
2929.1
2944.0
2944.4
2955.5
2940.5
2928.2
2963.8
2963.8
2953.6
2963.8
2937.4
3003.8
2938.8
2986.9
2942.2
2941.9
2941.6
2926.8
2946.5
2946.2
2970.7
2959.4
2953.2
2946.5
2946.1
2946.3
2946.9
2946.3
2946.0
2945.7
2945.1
2945.7
2937.0
2936.8
2936.5
2936.4
2945.5
2962.1
2961.9
2939.7
2971.1
2948.8
2957.4
2944.7
2983.2
2947.6
2948.0
2956.1
2977.7
2955.5
2949.5
2964.2
2945.9
2951.3
2919.1
2939.7
2945.7
2945.3
2963.2
2963.1
2956.1
2964.2
2973.0
2961.5
2936.6
2968.6
2962.8
2962.2
3015.6
2981.7
3007.5
2965.5
2943.2
2990.6
2948.2
2960.1
2965.3
2957.4
2939.9
2939.8
2950.3
2979.4
2945.5
2935.9
2951.3
2928.2
2949.5
2963.6
2963.3
2952.2
2952.5
2961.1
2939.5
2939.0
2976.7
2959.2
2952.6
2982.1
2944.0
2934.7
2978.6
2929.7
2929.2
2937.6
2950.9
2951.2
2939.3
2950.7
2956.5
2956.1
2948.4
2959.4
2928.7
2965.3
2958.6
2943.8
2955.1
2948.0
2941.1
2941.1
2951.3
2973.0
2941.5
2964.6
2957.8
2935.1
2979.8
2935.3
2980.2
2931.6
2941.1
2931.4
2931.8
2938.8
2952.4
2947.0
2960.1
2959.6
2939.9
2940.3
2962.8
2962.8
2944.0
2938.2
2932.8
2951.3
2951.2
2942.8
2942.9
2943.3
2931.6
2985.0
2943.0
2971.7
2953.4
2947.2
2975.3
2946.5
2956.1
2936.6
2921.4
2928.7
2936.8
2930.9
2937.0
2928.4
2928.4
2935.1
2949.9
2940.7
2940.9
2940.9
2940.9
2940.3
2958.2
2958.1
2958.0
2934.3
2934.0
2964.6
2934.7
2972.8
2946.1
2939.7
2948.0
2947.6
2948.0
2935.1
2934.6
2946.5
2938.2
2946.3
2938.8
2945.7
2945.7
2945.9
2939.9
2946.1
2923.2
2955.7
2974.8
2960.5
2940.5
2952.0
2952.4
2952.8
2941.5
2942.0
2973.0
2941.8
2980.7
2939.1
2939.2
2961.3
2933.4
2933.4
2949.7
2949.1
2939.9
2940.0
2946.3
2952.0
2951.4
2938.2
2937.7
2937.1
2949.7
2963.6
2972.3
2955.1
2986.1
2958.0
2938.6
2980.0
2948.4
2947.8
2953.8
2953.9
2953.6
2940.3
2940.1
2940.5
2945.7
2961.9
2955.1
2955.3
2931.6
2938.4
2965.3
2949.0
2949.0
2948.6
2924.5
2954.9
2942.2
2942.3
2950.5
2951.1
2942.0
2941.7
2941.9
2951.7
2973.4
2950.3
2940.9
2941.3
2941.3
2941.3
2947.6
2929.9
2938.8
2950.5
2955.9
2944.7
2945.1
2930.3
2949.2
2949.3
2935.3
2935.6
2935.6
2952.4
2929.3
2938.0
2938.0
2938.4
2938.1
2947.4
2947.1
2965.1
2943.2
2953.6
2965.9
2941.8
2970.9
2950.9
2935.7
2964.2
2949.7
2939.9
2946.3
2946.1
2968.4
2957.8
2957.8
2957.5
2957.3
2939.5
2955.3
2939.5
2951.5
2941.1
2954.4
2949.0
2948.4
2925.1
2961.3
2935.3
2924.5
2939.1
2964.6
2991.7
2950.1
2916.4
2966.7
2956.7
2962.1
2952.4
2952.1
2976.9
2956.7
2956.0
2945.1
2935.7
2943.0
2948.8
2948.4
2948.4
2959.2
2965.3
2986.1
2965.9
2980.0
2936.6
2981.1
2957.2
2976.5
2948.8
2940.9
2948.6
2978.2
2949.2
2935.1
2954.9
2943.6
2937.2
2937.6
2937.1
2936.6
2937.1
2937.1
2937.2
2946.1
2953.4
2940.1
2939.9
2939.5
2939.5
2940.0
2956.5
2961.9
2977.3
2943.6
2959.2
2971.9
2958.8
2958.3
2973.6
2962.6
2956.9
2973.0
2985.4
2952.8
2944.9
2968.2
2953.0
2939.3
2963.2
2941.5
2955.7
2947.8
2948.1
2947.9
2959.0
2935.7
2953.8
2941.8
2957.2
2933.2
2971.1
2981.3
2953.0
2952.5
2952.7
2980.9
2961.9
3015.6
2950.3
2949.7
2968.0
2946.7
2921.2
2944.5
2936.3
2936.7
2945.1
2944.7
2945.0
2950.5
2949.9
2938.6
2944.3
2958.0
2971.5
2956.3
2981.9
2939.5
2974.6
2968.8
2975.7
2943.6
2978.6
2997.5
2951.1
2959.2
2959.6
2950.7
2995.2
2931.1
2955.7
2976.9
2985.2
2933.4
2933.4
2947.6
2957.4
2964.4
2950.5
2961.9
2977.1
2952.2
2952.8
2992.5
2943.2
2943.1
2979.4
2960.1
2989.8
2984.4
2975.3
2954.7
3002.7
2960.1
2944.9
2970.3
2984.6
2950.9
2951.3
2944.5
2950.3
2969.8
2956.7
2951.1
2982.1
2944.7
2958.2
2980.7
2958.4
2963.8
2998.3
2972.8
2979.4
3006.0
2961.1
2987.5
2974.4
2973.9
2973.9
2995.0
2963.8
2969.0
2946.1
2968.4
2968.5
2967.9
2968.5
2963.4
2943.6
2973.0
2953.0
2964.4
3000.0
2950.9
2962.8
2962.2
2942.4
2942.9
2974.6
2945.1
2932.8
2979.2
2958.0
2966.9
2975.9
2982.9
2946.7
3012.3
2951.7
2964.0
2974.2
2937.4
2937.8
2961.5
2948.2
2977.7
2962.1
2945.3
2953.6
2981.5
2970.0
2959.6
2959.4
2959.2
2932.4
2954.0
2962.8
2942.2
2978.4
2940.9
2964.0
2988.1
2988.1
2951.3
2967.8
2961.3
2954.2
2954.6
3011.0
2946.5
2980.2
2939.1
2950.5
2969.4
2944.7
2963.4
2963.4
2963.1
2954.7
2965.3
2981.7
2966.3
2951.3
2977.7
2941.8
2941.7
2971.5
2966.1
2976.7
2977.0
2950.1
3001.3
2986.3
2958.2
2977.7
2957.4
3006.0
2957.8
2946.3
2945.9
2964.6
2953.8
2945.1
2945.7
2940.3
2966.7
2979.2
2945.9
2955.3
2955.8
2945.1
2944.7
2980.9
2938.4
2956.7
2986.5
2965.7
2934.1
2954.9
2969.8
2947.6
2994.2
2959.0
3000.8
2973.0
2951.1
2996.3
2953.6
2954.1
2979.2
2990.9
2967.1
2987.5
2960.5
2947.4
2968.4
2935.9
2966.1
2977.3
2968.2
2959.6
2976.1
2992.3
2951.1
2951.5
2975.3
2981.1
2986.9
2973.6
2973.1
2953.8
2991.3
2949.2
2999.6
2946.3
2958.0
2996.1
2961.3
2947.8
2956.9
2969.4
2968.9
2969.3
2987.5
2954.2
2942.0
2978.6
2950.9
2951.1
2950.6
2950.6
2955.7
2976.1
2984.2
2945.5
2957.2
2983.8
2961.9
2969.4
2987.5
2986.9
2938.6
2975.0
2975.5
2959.9
2985.2
2949.7
2957.2
2949.9
2986.9
2935.5
2966.3
2957.2
2981.7
2950.1
2986.5
2947.6
2947.8
2975.9
2943.0
2948.2
3011.0
2967.8
2955.7
2984.4
2984.2
2964.8
2939.1
2962.1
2997.1
2953.0
2966.1
2984.0
2954.0
2945.1
2966.9
2966.4
2959.6
2983.2
2947.8
2948.0
2994.2
2963.6
2941.8
2989.2
2941.8
2951.5
2951.8
2941.1
2973.6
2956.1
2992.9
2992.3
2972.5
2956.1
2964.6
2948.4
2980.7
2933.2
3000.4
2948.0
2954.9
2981.1
2943.6
2957.2
2987.7
2943.6
2944.1
2965.1
2956.1
2968.6
2968.5
2962.4
2962.8
2955.1
2990.9
2937.2
2936.7
2966.1
2966.5
2956.1
3025.8
2971.5
2971.8
2986.7
2960.9
2976.5
2961.7
2976.7
2955.9
2947.8
2960.9
2978.6
2964.4
2964.6
2952.8
2971.7
2954.2
2966.1
2958.0
2958.1
2972.8
2965.5
2996.5
2965.5
2955.1
2981.1
2971.1
2978.2
2964.8
2955.7
3016.9
2966.3
2945.3
2971.1
2971.5
2954.0
2978.2
2956.3
2947.2
2960.9
2960.8
2986.7
2947.6
2973.0
2940.3
2950.7
2986.1
2950.5
2959.2
2970.3
2962.8
2934.7
2993.6
2949.7
2949.6
2990.0
2989.6
2956.3
3013.7
2969.4
3002.7
2966.9
2987.1
2939.5
2939.2
2978.4
2931.6
2957.8
2957.5
2941.1
2950.7
2950.8
2938.8
2938.8
2954.2
2938.0
2938.5
2949.9
2981.9
2962.4
2970.5
2964.6
2956.1
2956.4
2987.9
2981.3
2964.6
2996.5
2939.7
2956.1
2995.4
2941.3
2941.7
2942.0
2942.1
2975.7
2942.8
2942.8
2990.6
2943.0
2942.8
2933.4
2985.0
2948.8
2940.7
2948.6
2962.4
2945.9
2979.2
2957.6
2927.0
2984.0
2939.3
2947.4
2979.2
2962.8
2946.7
2959.0
2972.5
2972.1
2959.2
2980.7
2980.6
2944.9
2967.8
2951.3
2944.0
2949.2
2976.9
2963.4
2953.2
2972.3
2957.6
2970.7
2949.5
2955.3
2969.0
2952.2
2951.8
2984.2
2959.2
2959.4
3004.6
2960.9
2943.6
3018.7
2957.4
2976.9
2957.6
2978.0
2972.3
2957.2
2985.7
2956.3
2935.3
2970.5
2933.9
2958.2
2968.0
2940.9
2940.9
2978.6
2942.2
2942.7
2977.1
2946.1
2957.2
2979.4
2954.4
2959.9
2947.2
2994.8
2958.0
2952.8
3048.7
2951.3
2986.9
2986.4
2943.4
2955.9
2995.4
2969.0
2968.9
2988.4
2952.0
2952.2
2980.0
2950.5
2950.3
2977.5
2944.3
2961.7
2970.3
2970.2
2970.8
2948.4
2969.6
2959.0
2958.8
2995.6
2965.1
2965.0
2999.6
2938.0
2976.9
2977.2
2964.4
2956.3
2969.2
2954.2
2965.9
2974.6
2958.2
2951.3
2951.5
2951.4
2966.3
2949.2
2988.8
2929.1
2959.9
2967.1
2960.7
2960.7
2978.8
2948.0
2948.5
2980.5
2956.9
2972.5
2983.6
2941.8
2989.0
2941.3
2997.1
2954.9
2960.9
2984.4
2970.3
2979.8
2987.7
2998.1
2958.0
2945.1
2992.9
2959.9
2954.0
2994.2
2966.5
2950.9
2969.2
2943.4
2962.1
2993.1
2960.1
2960.3
2978.0
2977.8
2988.6
2961.3
2968.0
2976.7
2953.6
2972.5
2961.5
2945.9
2994.2
2954.0
2954.0
2984.0
2948.6
2949.1
2970.7
2952.6
2958.2
2974.2
2947.8
2937.2
2973.0
2953.0
2953.2
2963.8
2978.6
3001.7
2953.2
2989.6
2981.7
2948.0
3000.6
2981.1
2947.6
2976.9
3001.5
2964.0
2954.4
2989.4
2957.2
2975.7
2989.0
2952.2
2967.3
2967.3
2977.1
2942.6
2966.7
2966.5
2966.1
2960.5
2980.5
2963.6
2949.5
2956.7
2992.5
2953.8
2969.0
2976.9
2964.6
2963.9
3014.8
2941.5
2953.2
3007.7
2957.4
2957.2
2956.8
2997.5
2925.9
2947.0
2955.1
2980.0
2953.8
2990.9
2946.3
2945.7
2945.5
2990.2
2963.6
2957.2
2992.7
2940.7
2940.7
2990.2
2965.9
2965.6
3031.0
2967.3
2999.0
2962.4
2948.4
2991.3
2949.7
2956.3
2946.5
2946.8
2932.4
2965.9
2951.1
2951.0
2962.4
2934.3
2962.8
2973.6
2947.6
2967.6
2942.8
2933.0
3004.0
3020.2
2951.1
2967.8
2945.7
2967.8
2941.1
2983.6
2951.7
2975.0
2943.6
2944.0
2943.7
2943.8
2934.9
2955.3
2947.0
2959.6
2946.3
2961.7
2961.8
2942.4
2942.3
2956.5
2945.3
2944.8
2964.8
2972.1
2956.1
2956.0
2941.3
2946.7
2946.7
2946.5
2954.4
2987.1
2987.6
2965.1
2970.3
2970.6
2970.5
2987.5
2952.8
2965.1
2951.7
2957.6
2946.3
2970.5
2940.9
2959.6
2939.3
2945.5
2952.8
2952.2
2982.7
2960.9
2969.2
2969.3
2952.2
3005.2
2968.8
2968.9
2989.8
2966.7
2948.2
3030.0
2948.4
2986.5
3000.0
2999.6
2963.6
2972.5
2955.7
2956.0
2984.6
2958.2
2950.7
2963.2
2962.8
2962.5
2945.3
2984.2
2952.4
2961.1
2994.2
2944.9
2964.8
2981.5
2965.3
2977.5
2961.1
2970.5
2984.4
2967.3
2988.6
2946.1
2980.9
2946.7
2973.2
2964.2
2964.7
2969.8
2944.7
2995.4
2943.4
2921.8
2972.5
2935.7
2955.3
2978.8
2966.5
2965.8
2991.5
2959.6
2960.1
2993.3
2986.7
2979.4
2951.7
2986.5
2969.6
2952.6
2977.7
2978.0
2968.8
2959.0
2988.6
2949.9
2964.0
2979.6
2954.7
2944.7
2980.5
2960.1
2960.3
2981.9
2938.0
2957.2
2982.3
2943.2
2956.3
2996.3
2940.1
2963.4
2932.8
2942.6
2972.1
2978.2
2988.1
2962.4
2983.8
2983.7
2999.6
2967.3
2992.1
2966.9
2989.8
2990.2
2963.0
2963.2
2972.5
2981.7
2947.6
2955.9
2975.3
2957.8
2944.9
2951.5
2959.0
2959.4
2959.4
2989.2
2947.6
2964.0
3010.6
2974.4
2996.1
2995.8
2987.5
2960.3
2994.2
2972.8
2972.5
2999.0
2950.9
2967.3
2978.8
2971.1
2950.5
2971.9
2972.3
2943.0
2960.9
2991.7
2949.2
2937.0
2987.5
2950.1
2956.9
2957.2
2990.6
2956.9
2972.1
2979.2
2956.1
2975.0
3016.2
2961.1
2967.6
2959.0
2986.3
2967.8
2958.2
3004.0
2975.0
2963.4
2963.3
2996.1
2973.4
2955.9
2989.4
2958.6
2972.5
2971.9
2972.4
2952.0
2945.9
2955.1
2974.0
2948.2
2974.8
2986.5
2973.6
2967.3
3007.3
2961.1
2984.2
2956.5
2981.9
2942.6
2942.5
2969.0
2952.0
2937.8
2975.9
2925.7
2943.6
2970.5
2935.1
2935.1
2956.1
2956.5
2945.7
2946.1
2978.2
2946.5
2937.4
2969.0
2938.6
2947.6
2947.8
2948.3
2973.8
2964.0
2964.6
2971.7
2954.4
2960.7
2988.6
2949.7
2969.4
2969.4
2940.5
2982.7
2949.7
2960.3
2941.1
2976.3
2948.2
2933.0
2978.8
2956.9
2947.6
2937.4
2943.4
2964.6
2936.8
2959.2
2969.4
2938.4
2938.5
2982.5
2955.5
2939.3
2998.8
2971.3
2950.3
2988.1
2952.2
2951.9
2966.9
2954.7
2961.1
2969.6
2946.3
2938.4
2961.1
2961.5
2968.6
2933.4
2961.9
2978.0
2938.0
2938.5
2971.7
2943.4
2943.1
2934.1
2977.5
2945.9
2945.3
2970.7
2944.7
2964.0
2964.2
2995.2
2994.8
2995.1
2970.7
2970.8
2987.7
2980.7
2981.2
2971.9
2952.8
3040.8
2946.3
2968.4
2973.8
2954.9
2947.6
2972.8
2954.0
2967.8
2951.7
2991.9
2961.1
2975.5
2963.4
2958.2
2990.0
2971.5
2971.9
2961.1
3040.6
2983.4
2963.8
2994.4
2951.1
2977.7
2977.6
2946.1
2989.8
2947.2
2946.9
2953.8
2978.6
2954.7
2941.5
3007.1
2970.3
2970.7
2941.1
2959.4
2952.4
3000.0
2973.6
2953.0
2995.8
2958.6
3007.5
2980.2
2980.1
3007.9
2948.6
2938.6
2969.8
2924.5
2944.7
2984.6
2958.4
2964.2
2976.5
2943.8
2943.3
2949.9
2949.8
2975.0
2956.9
2962.4
2948.6
2958.4
2969.4
2953.6
2943.8
2981.9
2969.4
2958.8
3015.0
2955.7
2965.5
2997.5
2942.4
2983.6
3001.3
2976.1
2949.0
2955.7
2979.0
2965.5
2942.8
2978.6
2953.6
2963.6
2977.7
2964.4
2946.7
2979.2
2964.2
2963.7
2971.9
2965.1
2990.9
2957.6
2965.5
2981.7
2981.8
2976.1
2996.9
2981.3
2971.1
2981.9
3015.8
2944.7
2983.2
2954.7
2945.3
2976.5
2955.9
2941.1
2961.9
2941.8
2934.5
2973.6
2951.1
2967.3
3004.2
2959.9
2969.8
2970.3
2960.3
2974.0
2983.4
2983.0
2939.9
2961.9
3012.5
2961.9
2995.0
2985.4
2970.0
2962.8
2962.5
2962.3
2979.4
2996.9
2953.4
2972.1
2947.4
2934.5
2946.7
2959.4
2951.3
2951.3
2961.7
2970.5
2960.9
2979.2
2987.7
2987.4
2987.4
2987.1
2958.8
2981.3
2981.4
2981.8
2954.7
2991.9
2980.2
2980.3
2963.6
2963.0
2963.3
2938.4
2957.2
2957.2
2981.7
2971.1
2959.9
2976.7
2949.5
2949.2
2949.3
2983.8
2968.0
2989.2
2970.5
2961.1
3000.2
2971.1
2951.5
2975.7
2976.1
2958.8
2944.3
2999.0
2963.6
2980.7
2987.7
2961.1
2974.0
2950.3
2950.3
2990.0
2980.5
2968.8
2980.5
2952.8
2953.0
2990.9
2958.4
2945.1
2973.8
2940.5
2963.6
2955.7
2969.8
2959.4
2978.8
2972.5
3002.3
2978.6
2978.0
2955.1
2973.4
2973.5
2952.8
2976.9
2930.5
2944.3
2969.8
2948.2
2972.3
2949.0
2948.9
2948.6
2965.5
2940.9
2954.7
2941.3
2983.4
2952.4
2952.8
2969.4
2943.4
2951.1
2980.9
2972.8
2960.3
2959.8
2998.8
2991.1
2977.3
2977.2
2977.2
2956.1
3012.3
2966.1
2954.0
2945.9
2955.9
2955.3
2955.0
2949.9
3009.8
2980.9
2950.3
2990.0
2959.2
2958.7
2965.5
2946.5
2946.4
2963.2
2983.2
2951.7
2957.6
2980.2
2943.2
2970.5
2997.3
2997.4
2968.4
2950.3
2992.7
2968.0
2931.4
2970.5
2941.5
2951.7
2988.1
2951.1
2938.4
2984.0
2954.2
2948.6
2939.9
2992.5
2947.0
2955.5
2976.1
2957.8
2957.3
2948.0
2980.7
2965.9
2972.5
2954.9
2991.7
2936.3
2984.8
2973.0
2933.9
2983.6
2972.1
2947.4
2972.1
2951.3
2951.0
2968.2
2974.0
2954.4
2954.8
2979.0
2973.0
2972.5
2964.2
2985.0
2943.0
2960.7
2960.1
2980.5
2957.4
2956.9
2977.7
2952.4
3018.1
2950.3
2950.7
3004.4
2950.7
2950.6
3014.6
2953.4
2954.0
2942.6
2970.5
2944.7
2959.4
2950.1
2939.1
2939.4
2951.7
2951.8
2961.3
2978.6
2938.6
2938.2
2982.9
2955.7
2946.3
2968.0
2979.0
2948.8
2984.4
2984.6
2967.3
2953.4
3068.4
3281.9
2947.8
2986.1
2941.3
2964.8
2940.3
2964.8
2975.7
2929.5
2992.1
2954.7
2954.4
2983.8
2949.2
2955.3
2996.7
2996.5
2969.0
2969.4
2999.6
2951.3
2977.1
3011.2
2975.3
2949.0
2970.7
2970.2
2955.5
2950.1
2950.6
2987.3
2952.6
2993.1
2960.3
2991.3
2956.1
2974.6
2963.0
2998.8
2980.7
2961.7
2973.6
2973.6
2956.3
2994.2
2967.3
2991.5
2949.5
2965.5
2948.4
2976.1
3004.4
2950.7
3014.6
2949.7
2939.9
2989.8
2952.8
2952.7
3006.5
2965.3
2955.9
2982.5
2955.1
2988.4
3003.1
2937.6
2967.3
2983.6
2958.6
2959.1
2972.5
2957.4
2957.9
2972.5
2990.0
3007.5
2965.1
2958.6
2990.6
2956.9
2981.5
3030.8
2945.1
2963.2
3004.2
2942.6
2928.9
2996.9
2954.4
2953.9
2978.4
2947.4
2964.2
2939.7
2958.8
2985.7
2964.0
2972.3
2952.4
2981.1
2980.5
2963.4
2970.0
2995.4
2956.7
2968.2
2987.3
2970.0
2978.2
2992.5
2979.8
2965.9
2986.3
2979.2
2947.6
2956.9
2977.5
2958.4
2958.7
2973.0
2940.9
2979.0
2956.9
2990.6
2948.2
2958.0
2965.9
2966.0
2942.6
2957.8
2972.1
2957.4
2957.3
2965.7
3022.7
2997.3
2954.2
2962.4
2975.7
2934.5
2966.1
2936.6
2965.7
2965.1
2939.7
2972.1
2947.6
2947.4
2970.0
2943.0
2965.5
2954.9
2955.1
2980.7
2945.3
2944.9
2952.6
2963.0
2940.9
2972.5
2956.3
2965.9
2943.8
2962.6
2984.8
2953.2
3002.3
2947.8
2960.7
2970.5
2930.9
2981.7
2961.7
2949.2
2942.0
2961.7
2961.3
2948.6
2965.9
2981.9
2929.1
2946.1
2928.9
2942.4
2950.1
2960.5
2949.7
2997.9
2945.7
2953.2
2990.2
2953.2
2963.6
2994.0
2974.2
2966.7
2967.0
2979.2
2950.7
2979.4
2949.5
2949.3
2963.2
2938.2
2961.3
2962.8
2982.3
2962.1
2970.9
2958.4
2968.8
2968.8
2935.1
2969.4
2969.3
2950.9
2968.2
2950.3
3015.8
2954.7
2961.5
2970.5
2956.5
2966.7
2935.7
2954.4
2968.7
2953.2
2986.5
2980.2
2980.5
2968.0
2955.7
2993.6
2961.1
2962.6
2974.8
2951.1
2976.1
2952.8
2952.3
2959.6
2954.4
2969.4
2953.6
2953.4
2922.2
2949.9
2973.6
2933.0
2939.3
2962.6
2940.5
2966.7
2966.7
2945.7
2945.8
2946.0
2946.4
2973.8
2973.5
2934.9
3012.1
2951.7
2945.7
2982.9
2939.1
2939.2
2999.2
2954.0
2929.5
2963.0
2941.8
2947.8
2962.1
2956.5
2930.5
2929.9
2948.0
2957.2
2941.8
2941.5
2942.1
2942.1
2973.8
2973.2
2953.2
2953.1
2961.3
2974.4
2937.4
2951.5
2968.8
2950.5
2984.4
3006.7
2974.4
2979.6
2955.5
2979.6
2962.8
2938.2
2987.7
2962.6
2962.1
2974.8
2955.9
2941.5
2980.5
2958.4
2948.8
2959.6
2985.2
2956.7
2964.6
2947.4
2986.5
2959.4
2970.9
2989.4
2953.2
2988.8
2979.2
2943.4
2974.0
2986.9
2952.6
2952.4
2975.0
2951.5
2951.6
2986.9
2959.9
2949.0
2968.4
2955.3
2965.3
2950.7
2989.4
2956.1
2968.2
2999.2
2968.6
2984.8
2939.3
2959.4
2968.2
2958.6
2958.2
2980.0
2992.1
2969.6
2947.4
2975.7
2958.0
2986.1
2986.0
2985.5
2985.5
2948.2
2966.7
2967.1
2938.4
2949.7
2950.2
2974.6
2940.5
2931.4
2959.2
2968.6
2953.0
2995.2
2955.9
2970.7
2985.9
2956.3
2971.3
2970.9
2980.5
2970.5
2970.8
2964.8
2944.9
2980.0
2979.5
2960.5
2954.7
2946.1
2966.5
2937.4
2967.3
2967.5
2951.7
2974.8
2951.3
2957.2
2957.6
2951.7
2986.9
2998.8
2983.2
2974.2
2996.5
2954.2
2994.0
2977.3
2943.8
2958.4
2999.6
2950.3
2961.7
2948.6
2949.1
2981.5
2944.0
2978.4
2978.2
2963.6
2957.2
2981.7
2940.7
2946.5
2981.3
2937.2
2957.2
2974.6
2984.2
2973.2
2985.4
2971.5
2970.8
2986.1
2943.8
2987.5
2965.1
2981.5
2953.6
2986.9
2965.7
2947.2
2966.3
2927.4
2967.3
2982.1
2952.2
2951.7
2997.5
2938.6
2929.7
2943.2
2980.2
2971.3
2984.8
2956.7
2949.7
2956.7
2966.1
2977.3
2964.4
3023.3
2967.3
2952.2
3015.2
2956.9
2978.6
2978.7
2963.6
2990.2
2963.4
2994.0
2949.5
2995.8
2947.2
2954.0
2984.2
2955.9
2988.6
2970.5
2980.0
2950.3
2950.2
2973.6
2974.1
2989.0
2963.4
2963.5
2987.3
2977.3
2962.4
3008.3
2982.1
2955.3
3009.4
2953.8
2990.0
2981.1
2965.1
2951.1
2966.7
2966.5
2966.5
2949.5
2987.1
2962.4
2962.9
2981.1
2974.2
2957.6
2990.2
2950.9
2957.8
2989.6
2947.6
2956.1
2970.7
2960.5
2948.2
2976.5
2966.1
2990.2
2940.7
2940.9
3007.5
2947.0
2947.2
2991.1
2963.4
2955.9
2986.7
2948.4
2994.0
2940.7
2947.2
2961.3
2961.4
2940.3
2994.8
2968.0
2953.6
2960.7
2949.5
2949.3
2942.0
2953.4
2965.7
2972.8
2986.5
2986.7
2938.6
2983.2
2962.8
2990.2
2969.6
2982.1
2982.4
2971.9
2954.4
2986.9
2958.0
2970.9
2990.0
2948.0
2956.1
2961.7
2961.7
2949.7
2973.2
2950.5
2965.9
2981.1
2953.8
2959.0
2969.8
2943.4
2961.5
3011.0
2965.1
2965.3
2976.5
2944.9
2993.8
2977.3
2959.6
2959.2
2986.5
2972.8
2950.1
2961.9
2951.1
2962.8
2950.5
2975.3
2943.8
2943.4
2983.2
2945.9
2966.9
3022.7
2964.6
2972.3
2971.7
2952.0
2968.6
2979.8
2986.7
2970.0
2952.6
2952.1
2940.5
2964.2
2953.0
2980.9
2947.8
2978.0
2961.9
2949.2
2957.2
2942.2
2961.1
2981.9
2964.8
2945.3
2973.8
2973.5
2957.4
2957.4
2957.8
2949.9
2978.6
2962.6
2940.7
2981.5
2949.0
2982.5
2975.5
2981.5
2967.8
2955.3
2976.7
2946.3
2955.3
2955.8
2956.3
2944.5
2957.2
2966.3
2939.5
2967.6
2947.8
2937.4
2978.4
2946.1
2951.5
2943.0
2969.2
2958.0
2989.8
2999.2
2943.0
2981.3
2981.5
2958.8
2973.8
2981.3
2956.1
2993.8
2976.3
2960.7
2960.1
2981.5
2963.8
2963.5
2955.3
2975.7
2944.0
2970.5
2954.2
2954.2
2963.2
2963.7
2944.7
2971.9
2952.4
2961.9
2986.1
2960.3
2960.8
2946.3
2971.5
2981.7
2976.1
2925.9
2978.4
2954.7
2954.9
2969.8
2952.4
2952.3
2942.2
2941.8
2970.9
2946.5
2978.0
2942.6
2942.0
2978.6
2943.6
2956.5
2981.9
2957.4
2965.5
2954.0
2987.7
2929.5
2985.4
2985.5
2995.6
2964.6
3005.2
2940.9
2941.3
2961.5
2972.3
2972.3
2980.9
2981.0
2957.6
2969.8
2975.3
2945.5
2960.7
2980.2
2965.1
2964.5
2981.5
2957.8
2969.4
2969.4
3002.1
2962.8
2994.2
2935.5
2970.9
2977.7
2990.0
2974.4
2990.0
2980.7
2969.6
2997.3
2979.8
2963.2
2975.7
2993.6
2965.9
2960.1
2993.6
2963.4
2963.6
2977.1
2960.3
2968.0
2981.9
2960.3
2960.5
2938.6
2978.0
2960.1
2945.9
2988.4
2954.4
2933.2
2995.6
2951.5
2973.2
2988.1
2981.1
2990.4
2939.5
2939.6
2939.6
2950.5
2961.5
2949.9
2990.6
2954.2
2962.8
2953.2
2966.1
2954.4
2954.9
2969.8
2969.1
2957.8
2950.5
2986.3
2960.9
2961.2
2972.1
2939.5
2939.7
2960.3
2968.8
2953.4
2974.4
2982.9
2958.0
2993.6
2964.8
2958.8
2950.1
2966.3
2966.2
2945.3
2964.0
2980.2
2936.8
2959.9
2988.6
2963.8
2946.1
2946.7
3000.6
2939.9
2979.0
2944.0
2971.3
2984.6
2948.8
2978.6
2978.8
2965.9
2952.2
2940.9
2991.9
2979.8
2959.9
2993.3
2957.6
2944.9
2936.8
2969.8
2937.2
2964.4
2943.8
2962.6
2962.3
2948.2
2943.0
2974.0
2938.6
2966.7
2978.2
2952.0
2965.5
2954.0
2976.3
2975.7
2989.8
2948.2
2981.1
2980.6
2953.4
2953.3
2964.4
2975.0
2954.0
2953.4
2980.2
2944.0
2966.1
2966.7
2951.1
2944.3
2980.2
2938.0
2963.6
2963.3
2953.8
2953.1
2964.4
2952.4
3003.8
2965.9
2982.1
2981.5
2944.5
2984.6
2995.2
2966.3
2985.9
2986.4
2969.0
2958.2
2968.4
2968.6
2979.2
3014.6
2979.2
2966.1
2947.8
2968.8
2968.2
2974.4
2950.3
2956.5
2971.9
2965.7
2950.9
2993.8
2952.2
2969.0
2998.8
2956.5
2969.2
2991.1
2990.6
2957.8
2977.1
2957.6
2972.3
2938.6
2980.2
2955.9
2961.5
2970.3
2957.6
2995.0
2955.1
2973.4
2947.8
2974.8
2958.4
2965.5
2956.1
2956.4
2973.6
2982.7
2999.2
2975.0
2975.6
2982.3
2981.8
2968.2
3007.9
2963.6
2963.0
2978.0
2933.9
2960.3
2982.1
2960.9
2960.8
2970.7
2955.3
2961.1
3002.3
2975.3
2975.5
2982.1
2981.7
2949.5
2990.2
2954.4
2972.8
2972.4
2991.7
2991.2
2983.2
2944.7
2961.1
2988.6
2988.0
2976.5
2947.4
2981.3
3009.4
2948.2
2987.5
2948.0
2970.9
2998.5
2952.8
2953.3
2953.4
2961.7
2949.0
2941.3
2941.8
2969.2
2956.3
2987.5
2961.5
2967.6
2961.3
2950.7
2950.8
3010.6
2965.9
2953.2
2986.3
2986.6
2972.8
2997.3
2997.4
2958.4
2981.9
2976.1
2962.6
2953.2
2975.5
2965.5
2978.4
2954.0
2963.4
2963.5
2989.6
2989.1
2964.0
2977.7
2945.7
2963.2
2992.5
2956.7
2963.6
3002.9
2970.3
2963.2
3004.6
2987.9
2976.3
2969.6
2954.4
2987.9
2987.6
2959.9
2999.4
2945.3
2982.9
2973.8
2973.6
2963.6
2972.8
2951.3
2959.4
2974.4
2957.4
2949.2
2949.3
2979.2
2956.9
2957.0
2969.6
2969.7
2957.8
2970.3
2939.3
2963.4
2952.0
2986.1
2974.0
2967.3
2982.7
2982.9
2956.7
2982.7
2974.4
2956.7
2994.0
2944.0
2975.3
2975.3
2953.4
2953.7
2969.2
2952.4
2964.4
3001.7
2953.6
2953.2
2953.5
2953.3
2953.5
2942.8
2977.1
2945.9
2945.4
2974.4
2991.1
2990.5
2962.8
2974.4
3005.0
2945.3
2945.7
3018.3
2945.1
2928.4
2980.2
2939.7
2956.9
2991.7
2944.9
2944.9
2944.5
2966.9
2976.9
2947.2
2991.7
2949.0
2942.2
2950.9
2945.5
2937.4
2969.8
2980.9
2954.0
3025.4
2953.6
2953.4
2944.5
2988.8
2960.9
2967.3
2993.8
2939.7
2958.4
2951.7
2939.3
2939.3
2946.1
2957.6
2930.1
2950.9
2977.5
2977.3
2987.7
2981.1
2958.2
2958.1
2971.1
2938.0
2952.0
2995.0
2925.9
2985.0
2984.3
2953.6
2985.4
2937.4
2956.3
2996.9
2953.0
2973.6
2951.1
2930.1
2973.4
2956.5
2972.1
2955.5
2967.6
2952.8
2977.3
2958.0
2957.7
2958.3
2948.6
2948.1
2961.5
2961.9
2947.8
2960.9
2961.5
2977.7
2961.5
2961.9
2968.2
2976.3
2960.9
2983.6
2988.8
2982.3
2990.2
2973.8
3007.1
2961.7
2971.7
2956.3
2956.4
2974.0
2963.4
2948.0
2974.0
2960.3
2959.6
2941.8
2969.0
2981.9
2960.1
2986.7
2951.7
2951.4
2951.7
2991.1
2952.8
2930.9
3001.5
2953.4
3008.7
2943.6
2966.9
2985.4
2934.7
2946.1
2952.6
2953.0
2943.8
2944.2
2931.4
2953.2
2953.2
2961.9
2950.9
2959.0
2966.5
2938.2
2938.7
2979.4
2953.0
2944.7
2967.3
2953.4
2938.2
3004.2
2948.2
2948.1
2966.7
2987.3
2940.1
2968.2
2942.8
2957.8
2947.0
2941.8
2970.9
2937.6
2952.4
2965.9
2951.7
2942.8
2973.6
2934.5
2940.3
2961.9
2938.8
2938.9
2985.0
2967.3
2967.7
2976.1
2968.4
2952.4
2944.9
2975.9
2945.7
2991.3
2945.9
2945.6
2945.6
2973.6
2957.8
2965.7
2966.0
2945.9
2946.4
2974.2
2959.4
2981.9
2956.9
2943.6
2990.0
2962.6
2954.0
2959.9
2952.6
2970.0
2970.1
2957.6
2957.1
2980.9
2973.8
2973.7
2973.3
2949.9
2950.3
2950.4
2939.1
2938.6
2974.8
2948.2
2966.3
2979.2
2948.6
2940.3
2940.6
2940.6
2954.9
2955.4
2973.4
2944.5
2951.5
2966.5
2988.8
2947.4
2961.7
2990.2
3008.1
2975.0
2961.9
2976.3
2966.1
2980.2
2944.0
2966.1
2965.5
2958.4
2969.8
2953.4
2959.2
2950.5
2963.0
2952.6
2940.7
2972.8
2960.3
2960.2
2970.0
2945.7
2961.9
2973.6
2940.1
2969.2
2955.3
2981.5
2958.8
2980.9
2962.1
2961.5
2961.9
2951.1
2996.9
2959.6
2960.0
2939.3
2973.6
2945.9
2945.6
2978.0
2948.4
2920.7
2963.0
2944.5
2957.8
2928.9
2969.0
2959.2
2971.3
2948.4
2948.2
2972.8
2938.2
2943.8
2937.0
2960.5
2955.1
2954.9
2995.0
2989.6
2989.0
2964.6
2998.1
2949.9
2995.8
2985.0
2945.5
2945.0
2945.2
2937.0
2945.1
2980.5
2963.4
2953.0
2982.9
2954.4
2966.3
2944.5
2958.6
2964.8
2943.0
2963.4
2963.5
2975.7
2976.2
2931.6
2984.6
2970.0
2970.4
2970.3
2970.2
2970.7
2936.6
2997.3
2956.5
2956.8
2965.7
2956.5
2956.5
2979.8
2968.2
2948.8
2967.6
2973.4
2952.6
2968.4
2954.4
2963.0
2980.2
2942.2
2941.9
2925.5
2953.4
2928.0
2951.5
2981.5
2939.9
2958.2
2976.5
2976.5
2938.6
2974.4
2973.9
2961.7
2978.2
2942.0
2970.9
2942.2
2930.9
2961.3
2950.9
2945.3
2965.5
2933.9
2933.7
2986.5
2957.2
2951.7
2972.3
2947.0
2939.5
2954.0
2964.2
2964.6
2977.5
2968.8
2939.3
2949.2
2988.8
2961.3
2988.6
2955.7
2955.1
2942.6
2967.1
2954.9
2947.2
2975.7
2945.5
2957.2
2956.8
2969.4
2939.1
2971.7
2946.1
2946.1
2971.1
2954.2
2928.2
2950.7
2973.6
2937.0
2944.7
2959.0
2992.1
2969.8
2951.7
3015.0
2976.3
2976.8
3002.9
2950.7
2950.8
2966.9
2960.5
2946.3
2980.0
2956.7
2968.8
2969.4
2969.8
2951.3
2977.7
2964.2
2964.0
2955.7
2942.8
2954.7
2960.7
2978.2
2987.1
2957.8
2950.1
2993.8
2929.5
2940.5
2963.4
2979.8
2972.5
2986.7
2956.3
2940.3
2980.0
2953.8
2945.7
2974.0
2944.5
2944.0
2943.5
2943.5
2943.9
2956.9
2942.4
2942.1
2941.7
2973.0
2945.1
2962.1
2942.0
2951.3
2996.9
2968.6
2961.1
3004.6
2961.5
2961.2
3005.0
2934.9
3002.1
2977.1
2953.8
2953.9
2962.8
2956.3
2933.2
2945.5
2944.9
2926.8
2968.2
2968.3
2967.8
2934.5
2971.7
2944.5
2960.5
2967.1
2959.9
2940.5
2983.2
2953.0
2952.7
2972.3
2999.2
2960.3
2990.0
2989.8
2982.9
2969.8
2969.3
2990.2
2982.9
2944.5
2958.0
2967.1
2966.9
2972.3
2960.5
2954.7
2969.2
2984.4
2951.7
2957.4
2976.7
2952.0
2970.9
2946.7
2976.3
2945.3
3001.9
2946.3
2956.7
3018.5
2952.4
2975.9
2960.5
3007.1
2953.6
2977.5
2969.8
2991.9
2955.5
2942.8
2933.6
2969.8
2946.1
2959.6
2938.6
2948.0
2970.0
2945.9
2945.5
2980.5
2959.2
2959.0
2994.2
2961.5
2962.0
2953.8
2945.7
2998.1
2949.5
2943.4
2973.8
2949.7
2995.0
2970.7
2953.2
2973.4
2958.6
2958.6
2952.6
2981.5
2960.5
2955.3
2965.3
2977.5
2960.5
2948.2
2955.3
2963.4
2963.3
2943.8
2977.1
2968.4
2968.0
2951.3
2971.1
2970.9
2971.3
2960.3
2972.8
2937.6
2963.0
2987.5
2948.8
2949.2
2982.7
2952.4
2968.0
2977.1
2947.2
2946.9
2946.5
2946.9
2946.4
2940.1
2945.9
2946.2
2958.8
2959.2
2944.3
2969.4
2961.7
2983.8
2948.4
2948.0
2965.9
2955.5
2955.2
2992.1
2940.1
2955.1
2954.6
2968.4
2953.4
2953.1
2953.4
2953.3
2953.3
2933.6
2943.4
2943.8
2955.9
2928.0
2950.7
2950.7
2937.0
2963.0
2944.0
2950.3
2950.6
2950.9
2950.5
2963.8
2973.6
2954.9
2966.3
2966.6
2945.9
2951.3
2951.7
2964.6
2980.2
2947.6
2938.6
2977.5
2937.2
2945.3
2980.7
2958.6
2952.0
2952.1
2942.2
2971.5
2954.2
2954.2
2961.1
2961.3
2955.7
2955.5
2956.0
2955.4
2973.0
2936.6
2975.0
2950.3
3003.1
2961.9
2972.1
2954.0
2953.4
2959.9
2960.0
2951.5
2941.3
2976.5
2949.9
2949.5
2949.6
2949.1
2948.9
2948.4
2939.1
2939.4
2954.7
2945.9
2968.6
2955.9
2942.0
2971.9
2943.4
2956.1
2955.5
2937.6
2945.9
2938.0
2979.0
2950.3
2956.7
2968.4
2950.3
2943.2
2943.8
2984.2
2966.5
2960.7
2954.9
2937.2
2991.5
2966.5
2946.7
2967.6
2943.2
2948.8
2938.4
2938.4
2949.5
2936.1
2935.4
2936.0
2947.6
2970.9
2971.5
2959.0
2958.7
2980.7
2949.9
2985.2
2956.7
2956.7
2967.8
2948.4
2968.8
2948.4
2948.1
2948.5
2949.1
2975.5
2955.5
2945.7
2945.2
2959.2
2953.2
2964.2
2958.8
2948.4
2932.8
2955.3
2965.3
2957.4
2973.0
2935.1
2990.0
2944.9
2960.1
2960.6
2919.7
2953.0
2952.6
2952.0
2936.8
2968.0
2949.7
2949.7
2949.4
2949.7
2950.0
2950.4
2967.1
2973.0
2954.0
2953.4
2959.4
2958.8
2958.5
2951.5
2969.8
2964.6
2982.3
2969.0
2951.3
2951.7
2989.0
2951.3
2958.6
2967.3
2952.8
2940.9
2982.1
2963.8
2928.2
2948.0
2938.8
2951.1
2962.4
2962.1
2951.5
2943.0
2943.1
2959.4
2944.0
2944.6
2944.5
2944.0
2944.0
2967.6
2967.7
2950.3
2956.7
2939.7
2945.1
2945.4
2935.9
2971.5
2936.3
2951.3
2951.2
2935.7
2953.4
2944.5
2952.0
2951.6
2926.6
2945.5
2953.0
2936.3
2926.8
2934.9
2969.0
2944.0
2957.2
2944.3
2944.7
2951.5
2951.7
2963.4
2952.2
2976.9
2947.8
2957.8
2950.5
2950.2
2957.2
2984.6
2948.0
2948.4
2948.9
2938.0
2938.5
2946.1
2938.0
2938.5
2945.5
2929.1
2929.2
2929.1
2942.8
2924.7
2941.1
2941.7
2926.6
2933.0
2945.7
2936.6
2936.8
2937.0
2937.2
2962.1
2945.9
2946.4
2974.2
2942.0
2952.8
2928.7
2947.2
2930.3
2951.7
2951.6
2945.1
2945.0
2944.8
2945.0
2929.5
2944.5
2925.1
2936.3
2943.6
2966.3
2953.0
2953.1
2928.4
2937.2
2950.5
2950.9
2941.5
2950.9
2945.1
2945.4
2981.7
2948.2
2973.4
2973.6
2948.4
2978.6
2927.8
2958.8
2932.4
2950.1
2942.6
2942.0
2934.5
2934.6
2947.8
2947.7
2941.1
2957.2
2957.3
2957.8
2958.0
2942.2
2936.1
2936.7
2976.7
2976.0
2952.6
2952.6
2952.9
2944.5
2970.3
2955.3
2946.1
2957.4
2923.4
2970.9
2965.7
2933.2
2948.2
2938.0
2957.2
2934.1
2941.5
2931.1
2953.0
2933.0
2949.9
2949.7
2944.5
2944.3
2957.6
2977.7
2944.0
2953.2
2938.8
2961.3
2954.4
2934.5
2975.9
2963.8
2963.3
2945.3
2975.3
2933.2
2979.8
2951.5
2951.3
2951.6
2931.8
2919.1
2933.2
2933.5
2939.5
2926.2
2941.8
2941.2
2940.8
2941.3
2932.4
2932.9
2945.7
2945.8
2945.9
2946.1
2967.6
2955.5
2972.3
2943.2
2978.0
2949.5
2969.2
2947.6
2929.7
2960.1
2946.5
2938.6
2950.3
2957.6
2957.1
2941.8
2958.2
2933.9
2941.1
2946.7
2946.8
2937.2
2936.7
2936.5
2942.6
2955.3
2969.8
2969.6
2986.1
2953.4
2972.1
2990.9
2939.3
2999.0
2928.7
2928.8
2972.8
2953.2
2958.8
2938.0
2954.9
2948.0
2948.1
2947.7
2967.1
2954.9
2935.9
2960.3
2960.4
2936.8
2954.0
2943.2
2925.9
2950.9
2969.8
2937.2
2974.8
2944.5
2935.9
2966.9
2960.5
2960.7
2960.5
2937.2
2955.7
2937.0
2937.0
2945.5
2945.1
2934.9
2949.9
2931.8
2947.4
2941.8
2942.2
2936.3
2962.4
2955.7
2955.5
2937.2
2955.3
2955.3
2962.1
2930.1
2973.2
2941.8
2956.5
2976.7
2962.1
2972.8
2956.3
2956.1
2955.4
2929.7
2929.2
2929.5
2939.3
2946.5
2964.2
2932.8
2943.6
2943.4
2943.8
2951.7
2943.2
2943.2
2929.3
2941.3
2940.6
2957.6
2966.1
2966.1
2958.4
2957.8
2951.7
2987.5
2960.9
2953.8
2968.0
2944.3
2949.7
2986.7
2945.9
2954.4
2954.6
2947.4
2947.8
2964.6
2952.6
2937.6
2959.2
2959.5
2959.0
2932.4
2938.2
2943.6
2944.1
2943.5
2943.4
2968.4
2945.3
2954.9
2955.4
2955.1
2967.3
2996.9
2949.7
2964.6
2965.1
2952.6
2952.3
2978.4
2954.0
2943.2
2943.5
2936.1
2936.2
2961.3
2934.3
2951.7
2951.1
2959.0
2937.6
2928.0
2946.1
2945.8
2945.7
2955.7
2936.8
2926.8
2942.4
2941.9
2949.0
2948.9
2948.4
2967.3
2932.8
2958.6
2945.3
2955.3
2970.5
2952.8
2940.5
2940.7
2947.4
2947.8
2947.7
2958.2
2940.1
2960.7
2926.8
2941.8
2942.3
2942.9
2942.5
2942.7
2952.8
2952.4
2961.1
2953.6
2953.7
2982.7
2968.6
2939.1
2974.8
2957.8
2985.2
2985.1
2939.3
2963.6
2937.6
2931.4
2942.2
2932.0
2948.8
2948.5
2948.8
2948.6
2948.5
2948.1
2955.5
2955.0
2954.8
2954.9
2955.5
2955.5
2945.9
2959.2
2970.3
2957.8
2942.4
2971.7
2960.1
2959.6
2969.2
2934.1
2942.2
2981.1
2938.6
2943.8
2977.1
2966.1
2942.6
2923.0
2939.1
2945.9
2953.6
2967.3
2939.1
2939.2
2954.9
2944.9
2950.3
2949.8
2950.2
2949.8
2962.4
2962.4
2967.6
2955.1
2973.6
2946.7
2957.2
2952.0
2958.2
2930.7
2956.1
2956.3
2956.9
2970.7
2961.9
2942.2
2935.1
2952.4
2940.9
2940.5
2940.3
2933.6
2949.0
2940.7
2955.9
2947.2
2961.5
2944.0
2981.1
2947.6
2926.2
2948.8
2928.0
2960.3
2923.0
2929.5
2911.4
2927.4
2927.2
2926.6
2916.4
2927.6
2922.4
2942.8
2928.2
2920.5
2920.3
2928.0
2927.8
2941.1
2930.3
2947.0
2922.6
2929.9
2930.4
2938.6
2938.6
2938.0
2931.6
2931.4
2951.3
2933.6
2953.6
2939.5
2915.5
2909.7
2914.9
2945.1
2944.7
2930.9
2964.0
2942.8
2913.3
2921.6
2903.3
2903.1
2924.7
2930.3
2929.8
2920.7
2920.3
2914.5
2922.8
2953.0
2933.9
2933.5
2956.9
2910.3
2951.3
2930.3
2918.7
2975.3
2924.5
2924.6
2930.9
2938.4
2924.9
2925.0
2942.0
2942.0
2902.6
2929.9
2910.1
2946.1
2917.2
2923.9
2899.3
2923.9
2923.6
2907.0
2930.1
2912.6
2945.3
2931.6
2931.7
2972.1
2947.4
2947.4
2906.4
2961.3
2932.8
2939.9
2922.4
2912.2
2921.4
2914.5
2920.5
2919.9
2920.1
2925.9
2943.2
2943.1
2926.6
2926.8
2933.9
2955.7
2930.3
2924.5
2912.8
2942.8
2942.3
2942.5
2949.9
2949.6
2962.6
2937.8
2937.8
2978.8
2918.0
2946.5
2945.8
2924.1
2923.9
2932.6
2943.2
2929.7
2947.8
2948.3
2933.4
2916.4
2938.0
2938.1
2930.5
2930.6
2930.9
2941.1
2941.1
2940.9
2941.2
2959.2
2975.7
2943.4
2974.2
2945.3
2945.5
2978.4
2937.6
2944.7
2950.7
2960.9
2930.1
2947.6
2942.0
2954.4
2953.9
2954.1
2937.0
2943.0
2943.6
2937.8
2978.8
2962.4
2945.3
2931.4
2931.8
2949.0
2935.5
2949.9
2949.6
2962.8
2968.8
2957.8
2967.3
2941.3
2970.5
2937.0
2937.3
2955.9
2937.0
2943.4
2919.1
2946.5
2930.9
2936.1
2928.9
2928.5
2943.4
2943.2
2923.7
2918.0
2944.7
2927.6
2920.1
2920.1
2926.4
2926.5
2932.6
2954.2
2944.9
2944.6
2945.1
2936.8
2953.2
2976.7
2941.1
2975.9
2939.5
2939.1
2939.4
2939.7
2922.8
2949.0
2919.5
2933.0
2948.0
2922.2
2939.7
2939.4
2940.0
2934.3
2951.3
2951.3
2951.3
2944.9
2945.0
2939.9
2950.5
2960.9
2948.6
2969.6
2955.3
2954.6
2944.5
2943.9
2983.2
2960.9
2942.8
2930.7
2936.8
2969.4
2949.5
2949.2
2931.8
2950.7
2934.5
2950.1
2939.7
2939.6
2939.7
2944.9
2938.2
2937.8
2952.8
2939.9
2948.6
2948.7
2948.4
2964.0
2938.8
2952.8
2952.2
2930.1
2929.9
2965.5
2948.4
2948.4
2954.4
2954.2
2954.7
2954.5
2954.3
2969.8
2941.5
2941.4
2941.2
2974.6
2937.2
2925.9
2960.5
2935.5
2967.1
2950.5
2950.2
2933.9
2934.1
2951.1
2942.6
2961.1
2961.0
2947.6
2947.3
2947.1
2956.7
2921.2
2960.1
2939.5
2930.1
2948.8
2938.8
2945.5
2958.2
2943.4
2943.3
2938.2
2944.3
2928.9
2929.3
2950.1
2929.9
2921.0
2936.8
2928.0
2947.6
2947.9
2913.7
2943.8
2934.7
2953.8
2936.6
2928.9
2981.5
2931.8
2946.5
2979.4
2959.6
2971.7
2948.0
2939.9
2924.1
2915.1
2927.6
2927.3
2937.8
2931.1
2939.9
2925.9
2938.6
2952.4
2924.7
2953.2
2946.7
2978.6
2952.0
2951.4
2961.9
2943.2
2973.2
2945.3
2945.9
2995.8
2959.6
2950.3
2979.0
2940.3
2940.0
2939.6
2952.0
2932.2
2944.3
2939.1
2916.2
2925.5
2925.6
2943.4
2942.8
2913.9
2898.3
2931.1
2930.5
2940.7
2927.2
2917.6
2937.2
2919.9
2930.5
2955.9
2932.6
2932.1
2958.2
2922.6
2922.7
2963.6
2942.4
2958.8
2932.2
2953.8
2954.2
2953.7
2931.4
2931.3
2930.8
2931.0
2924.3
2911.4
2934.5
2917.4
2947.0
2924.5
2911.8
2937.0
2949.7
2961.1
2960.7
2934.7
2962.6
2943.8
2963.6
2944.9
2964.6
2941.1
2954.7
2954.3
2954.5
2953.9
2939.3
2944.7
2921.4
2921.3
2915.1
2927.4
2927.9
2938.0
2931.6
2931.9
2931.5
2925.7
2938.8
2939.0
2970.7
2934.1
2925.3
2965.9
2950.9
2921.6
2972.5
2927.8
2958.4
2958.8
2950.9
2944.9
2930.9
2923.2
2934.9
2921.4
2931.6
2904.3
2940.9
2910.3
2942.4
2925.5
2933.6
2952.0
2914.7
2954.9
2933.9
2933.8
2946.3
2927.8
2956.5
2956.4
2934.9
2962.4
2962.7
2943.2
2949.7
2959.9
2934.1
2952.4
2951.8
2930.7
2945.9
2935.3
2926.6
2944.7
2944.4
2932.8
2953.6
2953.0
2937.2
2950.7
2920.7
2939.9
2933.4
2953.4
2952.9
2963.6
2927.8
2938.0
2970.7
2935.9
2936.5
2936.2
2962.4
2945.3
2971.5
2947.2
2953.8
2944.9
2944.7
2956.1
2937.4
2969.8
2957.8
2984.0
3007.5
2971.9
2950.1
2964.0
3000.2
2979.8
2937.4
2954.7
2939.3
2938.9
2949.2
2958.2
2940.1
2967.3
2950.9
2960.7
2953.8
2969.0
2980.5
2942.4
2942.6
2948.8
2943.4
2949.9
2933.6
2934.1
2944.7
2944.9
2931.8
2938.8
2944.5
2953.4
2953.0
2922.8
2949.0
2964.6
2935.9
2935.6
2944.5
2930.9
2939.3
2957.2
2975.7
2975.3
2964.4
2942.2
2983.2
2936.8
2983.4
2947.0
2946.3
2955.7
2924.7
2925.1
2940.7
2940.2
2914.3
2963.2
2935.5
2936.0
2941.1
2925.1
2925.4
2945.7
2952.2
2945.1
2944.8
2944.6
2958.8
2945.7
2952.2
2967.6
2953.0
2982.9
2939.5
2950.3
2980.7
2970.7
2934.7
2934.5
2954.7
2933.4
2948.6
2924.3
2953.6
2932.8
2938.2
2937.8
2925.1
2925.6
2932.8
2943.6
2959.9
2960.0
2947.0
2971.1
2946.3
2970.3
2981.7
2925.9
2957.6
2984.8
2941.3
2941.1
2941.3
2949.7
2942.6
2942.3
2950.1
2956.5
2939.1
2952.0
2928.4
2928.0
2937.2
2931.1
2931.1
2942.0
2942.2
2926.6
2944.9
2933.0
2997.1
2963.8
2931.8
2945.1
2972.3
2925.7
2969.2
2948.0
2969.2
2955.7
2956.1
2942.0
2928.2
2944.5
2945.0
2951.1
2932.2
2919.1
2925.1
2941.3
2932.4
2948.4
2939.9
2932.2
2921.4
2943.2
2926.6
2948.4
2948.5
2939.5
2954.4
2954.4
2939.5
2959.6
2923.7
2941.8
2958.2
2945.5
2936.3
2975.9
2937.2
2937.4
2962.4
2948.0
2930.5
2924.9
2954.4
2943.8
2944.1
2937.4
2937.6
2937.2
2937.4
2937.2
2950.1
2927.8
2941.8
2927.8
2949.0
2930.7
2923.7
2935.1
2943.6
2949.5
2927.6
2927.9
2936.3
2935.7
2977.7
2928.2
2939.9
2961.3
2937.0
2937.2
2980.9
2972.5
2943.8
2943.8
2943.9
2943.7
2943.8
2930.1
2937.2
2960.5
2928.0
2955.5
2955.1
2947.2
2928.7
2929.0
2910.8
2958.8
2942.6
2942.6
2960.9
2934.3
2942.4
2961.9
2948.8
2941.5
2951.5
2932.4
2932.7
2933.2
2933.0
2944.9
2939.5
2939.8
2939.8
2929.5
2963.6
2942.0
2942.0
2942.4
2953.4
2929.9
2915.5
2944.9
2944.3
2944.8
2975.3
2964.2
2948.2
2975.0
2948.2
2947.6
2955.1
2928.7
2946.3
2930.5
2936.3
2944.3
2943.8
2928.7
2951.3
2945.1
2930.1
2937.6
2906.2
2928.2
2935.5
2935.9
2935.6
2928.7
2928.7
2922.2
2932.8
2939.9
2924.9
2952.4
2935.1
2935.3
2970.7
2925.9
2965.9
2932.2
2932.2
2932.3
2919.5
2939.1
2933.4
2939.7
2939.5
2923.4
2939.9
2926.4
2937.2
2922.2
2930.9
2930.8
2950.5
2933.2
2927.0
2940.7
2927.4
2927.6
2937.4
2956.5
2921.8
2976.5
2930.1
2929.7
2930.0
2914.7
2922.2
2931.1
2930.5
2944.3
2965.1
2936.6
2925.9
2932.4
2923.4
2946.1
2927.2
2935.9
2935.3
2944.5
2959.9
2936.1
2941.8
2952.0
2929.7
2955.3
2929.5
2940.7
2935.3
2945.7
2931.8
2916.0
2928.9
2942.6
2948.8
2935.5
2934.8
2934.6
2935.1
2928.0
2942.2
2950.7
2944.0
2929.7
2953.4
2948.2
2932.2
2932.8
2944.0
2953.4
2970.9
2953.6
2953.1
2930.5
2964.8
2956.1
2964.6
2973.4
2938.4
2938.0
2930.7
2921.6
2935.3
2923.9
2924.1
2932.4
2921.4
2933.0
2947.0
2935.3
2935.2
2928.0
2928.4
2911.8
2939.3
2949.7
2930.7
2924.1
2946.1
2952.0
2959.4
2928.7
2956.7
2929.3
2953.8
2927.0
2949.2
2948.9
2919.5
2925.1
2936.1
2921.0
2928.9
2929.3
2921.4
2947.0
2935.7
2914.7
2930.5
2924.1
2932.8
2932.4
2943.0
2937.6
2938.0
2960.3
2943.2
2943.2
2958.8
2920.1
2942.4
2942.3
2937.2
2937.4
2925.9
2942.8
2942.8
2937.6
2937.0
2936.5
2936.2
2929.3
2936.3
2936.7
2921.4
2937.6
2948.6
2939.5
2921.0
2947.4
2975.9
2940.7
2940.6
2941.1
2941.4
2952.6
2953.2
2953.4
2953.3
2967.6
2925.3
2937.4
2963.6
2947.0
2969.4
2947.8
2928.9
2964.8
2940.7
2923.0
2935.3
2944.5
2934.9
2945.7
2933.4
2953.6
2942.4
2954.7
2944.9
2950.5
2932.8
2933.3
2940.5
2950.1
2942.0
2969.8
2958.8
2958.3
2949.5
2928.0
2962.4
2944.3
2944.4
2964.2
2946.5
2946.7
2939.1
2946.7
2947.1
2921.6
2964.6
2945.1
2926.8
2913.5
2956.1
2943.0
2933.0
2919.9
2934.9
2948.4
2975.9
2954.9
2954.9
2964.2
2935.5
2935.8
2955.9
2934.7
2950.5
2922.0
2928.0
2927.7
2942.6
2925.9
2915.1
2925.3
2912.0
2928.9
2950.5
2942.2
2930.5
2930.8
2930.2
2922.2
2921.5
2928.9
2929.2
2920.7
2929.5
2934.9
2941.8
2949.5
2927.4
2927.1
2966.3
2937.2
2937.6
2961.3
2949.2
2926.8
2946.1
2928.7
2928.2
2909.7
2931.1
2920.5
2929.7
2929.7
2929.1
2934.3
2910.8
2934.7
2934.4
2934.0
2933.9
2933.9
2927.2
2946.5
2935.1
2961.7
2953.4
2970.5
2939.5
2949.5
2958.6
2925.3
2944.3
2944.4
2936.1
2935.5
2929.5
2953.8
2940.5
2953.0
2931.8
2931.3
2924.3
2929.7
2941.1
2916.8
2917.2
2917.1
2929.9
2909.7
2927.4
2921.8
2930.1
2938.4
2928.0
2943.2
2933.0
2942.2
2930.5
2930.8
2914.7
2940.3
2968.4
2926.8
2919.7
2961.5
2947.0
2939.1
2939.3
2938.9
2932.8
2942.0
2932.4
2932.8
2932.2
2932.3
2938.2
2937.7
2927.4
2915.1
2956.1
2933.9
2916.0
2945.1
2944.8
2950.9
2959.0
2934.9
2956.3
2950.7
2926.4
2939.1
2938.6
2938.6
2959.9
2959.3
2929.5
2929.2
2944.7
2921.6
2952.4
2938.0
2938.0
2923.0
2951.1
2911.8
2945.5
2930.9
2930.6
2930.1
2930.4
2931.0
2944.0
2927.2
2932.4
2965.5
2945.7
2955.3
2955.6
2941.3
2957.4
2947.2
2940.5
2929.5
2918.9
2907.2
2906.9
2946.1
2935.3
2934.9
2927.6
2928.0
2937.2
2917.4
2939.1
2962.6
2948.0
2925.7
2934.9
2935.2
2940.9
2934.9
2947.0
2947.0
2978.4
2944.7
2994.0
2942.4
2973.4
2930.1
2938.4
2929.1
2929.5
2917.0
2940.7
2931.8
2948.6
2933.4
2945.3
2924.5
2947.0
2937.8
2943.2
2930.9
2961.1
2945.3
2938.2
2924.1
2951.7
2951.1
2950.5
2920.1
2950.7
2934.5
2950.1
2931.1
2931.5
2975.3
2932.6
2977.3
2932.6
2965.3
2932.4
2949.5
2938.2
2930.5
2948.0
2937.4
2919.5
2939.1
2921.4
2921.8
2921.4
2934.5
2919.7
2919.7
2927.8
2935.7
2921.0
2948.0
2959.0
2938.6
2933.4
2909.7
2950.9
2944.9
2966.9
2966.7
2944.7
2972.3
2932.8
2938.2
2906.4
2934.1
2940.7
2940.5
2926.2
2943.0
2953.0
2933.0
2943.6
2925.9
2925.5
2915.3
2909.3
2921.8
2939.1
2932.0
2924.5
2941.5
2928.0
2935.7
2916.8
2966.7
2912.8
2939.7
2934.1
2934.3
2945.1
2917.0
2922.4
2937.2
2949.2
2930.7
2930.7
2939.3
2896.2
2921.2
2894.7
2935.3
2916.4
2924.5
2924.0
2937.0
2910.8
2911.2
2933.2
2933.3
2932.8
2927.2
2936.6
2945.1
2954.4
2938.6
2948.4
2933.4
2968.8
2947.4
2930.3
2938.8
2928.9
2921.8
2921.9
2922.2
2922.2
2922.1
2922.1
2928.2
2910.6
2910.7
2940.9
2920.5
2926.4
2925.8
2925.3
2936.3
2935.8
2953.2
2928.0
2959.6
2937.0
2928.4
2957.2
2934.7
2926.4
2974.4
2903.3
2946.5
2935.5
2928.2
2927.8
2927.3
2935.3
2923.0
2939.7
2918.2
2942.0
2928.0
2904.5
2939.9
2933.4
2919.3
2919.2
2919.4
2940.9
2934.3
2934.3
2921.0
2921.5
2939.9
2939.2
2952.2
2934.7
2927.0
2942.6
2936.8
2951.5
2951.4
2926.2
2906.8
2948.8
2926.6
2926.3
2926.1
2919.1
2899.3
2911.4
2923.2
2943.6
2919.7
2925.9
2926.0
2926.1
2917.4
2932.4
2916.0
2915.5
2936.1
2925.1
2930.5
2929.9
2930.5
2930.8
2912.6
2923.7
2959.9
2941.8
2961.9
2926.4
2933.9
2955.3
2939.9
2915.8
2928.4
2934.1
2933.6
2939.5
2930.7
2942.4
2941.9
2925.5
2930.9
2937.0
2937.4
2943.0
2948.6
2948.1
2925.7
2937.4
2942.6
2942.1
2942.6
2951.7
2931.4
2957.8
2964.4
2953.4
2952.9
2942.2
2934.7
2925.1
2963.0
2924.1
2924.7
2924.8
2915.3
2922.4
2932.6
2932.2
2918.7
2928.2
2918.9
2938.0
2927.2
2945.9
2932.0
2931.9
2959.0
2925.7
2946.7
2939.9
2939.9
2939.6
2928.9
2919.7
2948.0
2926.6
2926.5
2935.7
2915.3
2937.0
2936.7
2936.3
2923.7
2936.1
2929.5
2923.9
2923.9
2924.3
2931.4
2937.8
2921.0
2932.8
2945.9
2939.9
2928.0
2940.7
2925.7
2947.0
2947.2
2946.9
2933.6
2949.2
2934.7
2908.3
2972.8
2948.2
2937.4
2975.0
2932.0
2942.0
2956.1
2931.8
2932.1
2937.2
2937.6
2923.7
2923.1
2929.9
2930.4
2930.6
2930.4
2930.8
2939.5
2954.7
2918.2
2933.4
2932.9
2959.0
2939.5
2926.4
2950.5
2925.1
2960.5
2943.2
2951.1
2933.2
2945.5
2924.1
2944.3
2925.9
2942.4
2927.4
2921.6
2935.5
2935.4
2942.2
2920.3
2929.9
2929.8
2929.9
2946.7
2930.9
2936.3
2929.5
2923.4
2946.3
2922.0
2950.5
2950.7
2964.2
2942.6
2963.4
2928.4
2944.9
2959.4
2973.0
2930.1
2947.0
2946.5
2932.0
2953.0
2938.0
2921.8
2944.0
2932.8
2948.6
2956.1
2932.8
2919.5
2932.8
2924.5
2936.3
2936.6
2936.4
2944.3
2927.8
2928.3
2939.5
2934.1
2933.7
2979.6
2920.5
2959.9
2954.4
2962.6
2936.6
2942.8
2922.4
2927.8
2928.2
2928.3
2945.7
2934.5
2943.6
2930.1
2924.1
2929.9
2916.6
2916.1
2941.1
2915.3
2930.7
2931.0
2937.0
2931.6
2931.3
2971.7
2926.6
2962.6
2930.7
2953.0
2963.2
2919.9
2944.9
2958.2
2957.7
2945.1
2944.6
2944.6
2958.4
2924.3
2941.8
2947.0
2929.5
2950.1
2924.1
2934.5
2934.2
2942.4
2932.8
2919.5
2933.6
2923.7
2946.3
2946.7
2923.4
2931.8
2931.4
2931.8
2931.2
2953.4
2932.2
2962.4
2936.1
2956.3
2933.6
2977.7
2918.7
2943.0
2929.1
2937.2
2930.9
2930.3
2930.8
2930.5
2943.6
2921.8
2931.1
2950.9
2937.8
2922.8
2944.5
2957.2
2928.4
2937.2
2936.8
2936.3
2960.5
2953.0
2952.9
2980.0
2959.2
2959.7
2935.3
2951.3
2975.0
2945.7
2933.6
2933.8
2923.9
2930.3
2936.6
2937.0
2942.2
2942.4
2942.2
2941.7
2942.0
2942.5
2930.9
2939.3
2939.3
2956.3
2966.7
2946.5
2971.7
2942.8
2951.5
2965.3
2942.6
2942.2
2976.1
2953.4
2942.8
2963.2
2932.2
2938.2
2949.0
2954.7
2928.4
2937.8
2924.7
2949.9
2944.5
2938.4
2925.9
2932.0
2941.5
2927.2
2942.0
2949.0
2940.1
2945.9
2922.0
2938.0
2923.9
2959.0
2927.4
2927.7
2960.1
2945.1
2971.3
2922.2
2943.6
2943.9
2950.3
2939.1
2954.2
2924.5
2925.0
2942.0
2928.0
2928.4
2914.5
2943.0
2932.4
2949.7
2939.1
2931.1
2930.9
2939.5
2934.1
2948.0
2967.6
2930.1
2935.3
2953.8
2929.5
2929.7
2958.2
2930.9
2930.3
2930.6
2931.1
2945.5
2934.1
2934.2
2928.9
2929.1
2912.2
2922.0
2938.2
2952.0
2942.6
2919.7
2948.4
2931.6
2925.9
2940.9
2929.9
2929.4
2935.5
2935.8
2936.1
2928.2
2965.5
2935.9
2943.4
2959.9
2933.0
2963.4
2930.1
2937.2
2946.7
2953.4
2965.5
2941.5
2941.1
2932.8
2932.8
2932.5
2933.1
2933.0
2941.3
2922.8
2945.7
2952.8
2908.3
2928.7
2928.8
2944.5
2944.4
2944.4
2964.2
2958.8
2959.1
2948.2
2948.4
2943.2
2973.0
2947.6
2938.4
2937.9
2958.0
2957.5
2932.2
2937.8
2920.7
2928.4
2972.8
2941.3
2941.2
2941.5
2920.5
2944.7
2911.0
2944.9
2957.4
2943.2
2934.3
2985.4
2927.0
2946.7
2957.6
2943.4
2929.3
2968.2
2935.5
2935.5
2944.0
2950.7
2925.7
2926.1
2926.7
2949.0
2948.7
2914.1
2934.9
2946.7
2918.7
2924.1
2916.4
2928.7
2929.2
2938.2
2924.5
2924.2
2924.5
2940.7
2932.4
2963.6
2942.2
2933.2
2967.1
2924.7
2959.6
2929.3
2928.8
2942.0
2942.4
2950.3
2928.4
2954.2
2944.7
2944.9
2934.1
2950.5
2935.5
2927.0
2940.9
2927.4
2927.4
2937.6
2938.0
2945.1
2936.3
2936.1
2935.7
2951.5
2934.3
2970.3
2933.2
2933.7
2967.1
2947.8
2926.4
2956.9
2936.8
2936.6
2925.9
2931.8
2932.2
2932.8
2932.5
2953.2
2936.6
2937.1
2937.3
2923.9
2951.7
2939.1
2939.2
2956.9
2956.4
2940.9
2940.6
2932.0
2926.4
2940.1
2956.5
2942.8
2961.3
2936.6
2960.7
2942.4
2942.1
2942.7
2954.4
2929.3
2957.6
2933.4
2933.5
2946.7
2933.6
2953.2
2953.6
2936.3
2936.2
2936.6
2942.2
2942.7
2943.3
2950.5
2955.9
2955.3
2955.6
2976.1
2931.6
2972.8
2949.9
2943.0
2948.6
2943.2
2933.2
2951.3
2943.6
2934.5
2947.0
2968.2
2943.0
2933.9
2933.4
2921.6
2934.9
2960.1
2972.1
2939.5
2939.2
2946.1
2933.6
2934.1
2934.5
2943.4
2963.2
2954.2
2959.4
2929.1
2963.0
2933.0
2969.6
2930.5
2940.3
2952.2
2959.0
2934.3
2943.6
2935.5
2935.8
2944.3
2943.9
2944.1
2929.7
2930.0
2930.6
2937.0
2937.2
2962.8
2934.1
2933.7
2933.5
2958.6
2909.9
2930.5
2947.8
2921.2
2939.1
2945.1
2915.3
2921.0
2930.1
2919.1
2942.2
2919.5
2930.3
2946.1
2939.5
2926.6
2931.8
2932.3
2932.8
2947.4
2947.7
2947.4
2947.2
2929.3
2929.2
2940.3
2940.6
2947.0
2969.6
2941.8
2941.8
2979.2
2928.7
2982.7
2943.2
2950.5
2962.6
2949.0
2922.6
2932.6
2943.4
2932.2
2932.7
2933.0
2932.6
2948.4
2956.9
2936.3
2936.6
2950.3
2943.6
2943.6
2931.6
2946.3
2939.1
2938.8
2962.6
2941.1
2950.1
2981.5
2936.6
2937.1
2973.2
2936.8
2942.8
2977.7
2938.2
2952.0
2952.0
2938.0
2950.5
2930.3
2930.6
2949.0
2922.4
2922.7
2935.9
2953.6
2939.1
2925.5
2943.2
2936.6
2937.2
2962.1
2970.7
2970.3
2949.9
2968.8
2943.2
2951.7
2978.4
2934.5
2947.0
2941.3
2947.2
2958.6
2932.4
2932.0
2946.1
2937.2
2942.6
2954.2
2939.5
2945.1
2945.5
2945.5
2921.2
2933.6
2933.7
2933.2
2939.3
2918.0
2968.6
2956.7
2968.0
2943.4
2943.9
2970.5
2922.2
2939.3
2939.1
2938.8
2948.4
2936.1
2935.7
2942.4
2925.9
2925.3
2937.4
2924.1
2931.6
2920.7
2920.3
2945.1
2930.5
2937.4
2922.2
2947.4
2946.9
2959.2
2959.6
2947.8
2957.6
2950.1
2950.6
2959.4
2920.5
2971.5
2938.6
2938.0
2943.2
2942.7
2916.2
2944.5
2937.6
2937.2
2911.6
2931.1
2943.2
2942.9
2942.4
2942.0
2934.7
2934.7
2948.0
2930.1
2945.7
2934.9
2942.4
2937.0
2956.1
2955.8
2928.2
2965.7
2929.7
2967.8
2945.9
2945.4
2978.8
2926.6
2932.0
2945.5
2925.5
2925.5
2925.3
2937.2
2932.0
2931.8
2937.8
2916.0
2924.3
2912.0
2936.3
2936.1
2936.4
2936.2
2936.1
2927.6
2922.2
2938.4
2945.3
2944.8
2936.3
2942.0
2979.2
2947.6
2956.9
2937.2
2953.6
2969.6
2947.4
2941.5
2926.8
2938.0
2937.8
2953.8
2947.8
2932.6
2932.8
2924.1
2930.5
2944.0
2936.9
2925.1
2935.1
2927.8
2974.8
2917.8
2952.8
2952.2
2983.2
2954.9
2942.0
2936.1
2943.2
2932.4
2945.3
