2941.5
2952.2
2973.4
2955.1
2955.7
3027.1
2953.6
2963.2
3002.5
2942.4
2955.9
3000.4
2958.4
2980.2
3031.0
2947.4
2975.3
2944.5
2982.1
2976.1
2975.6
2954.0
2942.2
2974.4
2962.1
2944.0
2993.8
2946.5
2966.1
3005.2
2976.9
2930.9
3003.8
2945.1
2965.9
2996.1
2944.5
2944.7
2985.4
2954.4
2963.6
2970.5
2947.0
2966.9
2997.7
2967.3
2967.1
2975.9
2940.9
2941.5
2996.1
2933.6
2950.3
2997.7
2950.1
2933.9
3001.3
2952.6
2946.1
2982.7
2973.8
2964.8
3011.4
2958.6
2950.9
2973.2
2978.8
2978.3
3013.7
2958.6
2964.2
3021.8
2950.9
2976.5
2986.3
2958.0
2958.5
3020.4
2942.0
2958.0
2981.5
2945.1
2966.1
2996.3
3010.8
2950.5
2981.9
2981.3
2949.7
2997.1
2964.6
2949.5
2999.4
2946.7
2947.2
3006.9
3000.4
2969.2
2989.2
2921.2
2948.4
2956.3
2956.5
2985.7
2963.2
2976.5
2966.5
2986.5
2966.7
2978.2
3013.9
2956.9
2989.6
3026.2
2995.4
2959.2
2992.5
2975.3
2975.5
3009.4
2955.3
2964.4
2987.3
2964.6
2964.7
2979.6
2979.5
2979.1
2963.8
2988.8
2961.9
2983.6
3037.5
2959.6
2983.6
2983.1
2946.7
2963.8
2964.3
3001.5
2964.4
3016.6
2958.8
2958.6
2987.3
2967.3
2967.6
3032.7
2947.2
3020.2
2974.8
2958.2
2958.4
3017.3
2944.5
2945.0
3006.9
2963.0
2954.0
3019.8
2956.3
2974.8
2958.4
2984.4
2964.4
2964.4
2978.2
2950.3
2970.5
3004.4
2942.0
2951.7
2959.2
2976.5
2967.3
3001.3
2990.4
2963.6
2999.8
2956.1
2943.8
2994.4
2962.6
2936.6
2978.6
2959.6
2941.3
2964.6
2998.8
2956.1
2971.3
2989.6
2953.8
2995.0
2965.7
2966.1
2991.3
2990.7
2947.2
2978.8
2960.7
2974.0
2981.3
2945.5
2969.8
2969.9
2956.1
2981.1
2946.1
2954.7
2981.9
3029.8
2981.3
2942.6
2980.0
2962.1
2977.1
2968.8
2989.0
2954.9
2967.8
2990.0
2990.3
2958.2
2980.9
3016.9
2954.4
2962.1
3008.3
2957.6
2948.2
2961.9
2972.5
2972.2
2964.8
2986.5
2962.8
2953.6
2945.3
2983.2
2959.4
2979.2
2979.1
2992.3
2946.5
2984.2
2952.4
2952.7
2990.6
2972.8
2973.0
2972.9
3015.2
2953.2
2953.5
2994.8
3002.5
2946.5
2963.6
2996.1
2938.0
2953.4
2953.8
2943.4
2970.9
2954.4
2979.0
2955.7
2955.7
2973.6
2988.6
2950.7
2950.2
3007.1
2964.6
2952.4
3033.9
2971.5
3019.1
3003.1
2961.3
2975.7
2963.6
3003.8
2948.6
2966.7
2988.4
2952.8
2989.2
2973.0
2972.4
2978.0
2992.3
2991.9
3002.7
2966.1
2986.9
2977.1
2999.0
2979.6
3004.2
2970.9
2979.2
2991.3
2982.1
2971.3
2983.8
3018.1
2956.9
2963.6
2963.9
2986.7
2959.9
3001.3
2980.9
2971.1
3012.5
2961.5
2954.2
3023.1
2955.9
2956.5
2991.5
2971.5
3015.8
2956.1
3028.5
2960.5
2961.0
2960.7
3017.3
2988.1
2970.3
2986.9
2986.9
2994.6
2962.4
2974.2
2982.9
2982.9
2961.1
2990.0
3008.5
3028.5
3014.4
2968.8
2969.0
3017.5
2954.7
2971.7
3015.0
2975.3
2968.4
2989.8
2975.9
2976.3
3010.4
2976.1
2982.1
2981.6
3023.9
3011.9
3005.2
2960.9
3002.5
2954.4
3002.1
2978.6
2959.9
2988.8
2988.9
2966.5
2952.8
3022.1
2959.9
2960.2
3022.9
2977.3
2970.7
2959.6
2973.0
2973.2
2973.1
3000.0
2949.5
2975.5
2996.5
3007.5
2944.9
2987.1
2955.3
2972.8
3006.7
2949.9
2940.9
2972.1
2971.9
2982.3
3013.1
2964.8
2964.2
2982.3
2962.6
2989.4
2955.1
2976.1
2984.6
2964.2
2939.9
2969.6
2982.5
2948.6
2974.6
2974.7
2951.7
2984.8
2970.0
2970.0
2991.1
2991.6
2949.5
2987.3
2987.7
2970.7
2970.5
2970.3
2970.8
2989.6
2960.1
3002.3
2956.7
2937.6
2968.4
2968.9
2960.5
2983.6
3004.2
2968.2
2975.3
2956.5
2975.3
2964.6
2964.0
2972.8
2973.0
2964.2
2982.1
2965.3
2952.8
2952.9
2963.0
2995.4
3008.3
2973.0
2945.9
2963.8
2991.3
2943.6
2967.8
2988.6
2948.4
2948.6
3005.2
2976.3
2964.8
2981.5
2964.2
3004.6
2985.7
2948.8
2964.0
2957.8
2958.0
2957.6
2948.2
2948.6
2996.1
2960.1
2960.7
2953.8
2945.5
2985.0
2971.1
2970.6
2991.1
2956.3
2966.7
2982.1
2961.9
2994.2
2970.7
2952.4
2952.9
2977.5
2955.3
2954.8
2971.5
2971.1
2948.2
2948.3
2995.4
2940.5
2962.4
2971.9
2972.3
2954.0
2976.9
2945.5
2953.6
2980.9
2950.7
2945.3
2977.5
2953.2
2945.3
2972.8
2952.6
2952.0
2981.3
3005.8
2960.5
2965.7
2988.4
2971.3
2987.3
2966.3
2965.8
2958.6
2999.8
2958.0
2977.5
3001.0
2970.3
2970.1
2989.0
3027.7
2959.0
2974.0
2974.2
2974.0
2973.5
2959.2
2966.1
2990.0
2964.4
2950.9
2971.5
2959.9
2992.5
2965.9
2969.2
2969.1
2984.2
2953.4
2985.0
3013.7
2965.3
2984.4
