59.7
59.7
59.6
59.6
59.6
59.7
59.6
59.6
59.6
59.7
59.7
59.7
59.7
59.6
59.5
59.5
59.5
59.5
59.4
59.5
59.4
59.4
59.6
59.5
59.6
59.6
59.5
59.6
59.6
59.7
59.7
59.9
59.8
59.8
59.8
59.7
59.7
59.7
59.7
59.7
59.8
59.7
59.7
59.6
59.6
59.6
59.6
59.6
59.6
59.6
59.6
59.6
59.5
59.6
59.6
59.6
59.6
59.6
59.6
59.6
59.6
59.7
59.7
59.8
59.8
59.8
59.8
59.9
59.9
59.9
59.9
59.8
59.8
59.7
59.8
59.7
59.7
59.7
59.7
59.7
59.7
59.6
59.7
59.6
59.7
59.7
59.7
59.7
59.7
59.7
59.8
59.8
59.8
59.8
59.8
60.4
60.7
60.6
60.5
60.4
60.3
60.3
60.2
60.2
60.1
60.0
60.0
60.0
60.0
60.0
59.9
59.9
59.9
59.9
59.9
60.0
59.9
59.9
59.9
59.9
59.9
59.8
59.8
59.8
59.8
59.8
59.7
59.8
59.8
59.7
59.7
59.7
59.7
59.7
59.8
59.8
59.8
59.8
59.9
60.1
60.0
60.0
60.0
59.9
