59.2
58.9
58.7
58.8
58.9
59.0
59.0
59.1
59.4
59.4
59.4
59.4
59.5
59.5
59.6
59.6
59.6
59.6
59.6
59.6
59.7
59.7
59.7
59.7
59.5
59.2
59.0
59.1
59.2
59.1
59.3
59.4
59.5
59.5
59.6
59.6
59.6
59.7
59.7
59.7
59.7
59.7
59.7
59.7
59.7
59.7
59.8
59.7
65.5
66.1
66.1
58.6
58.7
58.8
58.7
58.8
58.9
59.3
59.3
59.4
59.4
59.5
59.5
59.5
59.6
59.6
59.7
59.6
59.7
59.7
59.7
59.7
59.7
69.4
59.7
59.7
59.7
59.5
59.5
59.5
59.5
59.6
59.6
59.6
59.6
59.6
59.6
59.7
59.6
59.7
59.7
59.5
59.5
59.6
59.6
59.6
59.8
59.8
59.9
59.9
59.9
59.8
59.8
59.7
59.9
60.5
60.4
60.3
60.3
