6.4
18.0
18.0
17.9
17.9
18.0
18.0
18.0
18.0
18.0
18.0
18.1
18.1
18.2
18.1
18.2
18.2
18.2
18.3
18.3
18.3
18.3
18.3
18.4
18.4
18.4
18.4
18.4
18.4
18.4
18.4
18.4
18.4
18.4
18.4
18.4
18.4
18.4
18.4
18.4
18.4
18.5
18.5
18.5
18.5
18.5
18.5
18.5
18.5
18.5
18.5
18.5
18.5
18.5
18.5
18.5
18.5
18.5
18.6
18.6
18.6
18.5
18.5
18.5
18.5
18.5
18.5
18.5
18.5
18.5
18.5
18.5
18.5
18.5
18.5
18.5
18.5
18.5
18.5
18.5
18.5
18.5
18.5
18.6
18.6
18.6
18.6
18.6
18.6
18.6
18.6
18.5
18.5
18.5
18.5
18.5
6.0
6.1
17.8
17.7
17.7
17.8
17.8
17.8
17.9
17.9
17.9
17.9
18.0
18.0
18.0
18.0
18.0
18.0
18.0
18.0
18.0
18.1
18.1
18.1
18.1
18.1
18.2
18.2
18.1
18.2
18.2
18.2
18.2
18.3
18.3
18.3
18.4
18.4
18.4
18.4
18.5
18.5
18.5
18.4
18.4
18.4
18.4
18.4
18.4
18.3
18.3
18.3
18.3
18.3
18.3
18.3
18.3
18.3
18.3
18.3
18.3
18.3
18.3
18.3
18.4
18.4
18.4
18.4
18.4
18.4
18.4
18.4
18.4
18.4
18.4
18.4
18.4
18.4
18.4
18.4
18.4
18.4
18.4
18.4
18.4
18.4
18.4
18.4
18.4
18.4
18.4
18.4
18.5
18.5
18.4
18.4
