60.3
60.4
60.3
60.3
66.1
65.5
65.7
60.3
60.2
60.7
60.7
60.6
60.6
60.7
60.7
60.6
60.6
60.7
60.7
60.7
66.7
60.5
60.6
60.6
60.8
60.8
60.7
60.7
60.7
60.6
60.6
60.8
60.8
60.7
60.7
60.7
60.7
60.8
60.8
60.7
60.9
60.9
60.8
60.8
60.8
60.7
60.7
60.7
60.7
60.7
60.6
60.6
60.6
60.6
60.5
60.6
66.7
60.3
60.3
60.3
60.3
60.4
60.3
60.4
60.4
60.4
60.4
60.4
60.4
68.0
67.4
60.5
60.4
60.5
60.4
60.4
60.5
60.6
60.6
60.6
60.6
60.6
60.5
60.5
60.6
60.5
60.5
60.5
60.6
60.8
61.2
61.1
61.0
60.9
61.0
60.9
60.8
60.8
60.7
60.7
60.7
60.7
60.7
60.7
60.7
60.7
60.6
61.1
61.4
61.3
61.3
61.3
61.2
61.1
61.0
61.6
61.9
61.7
61.5
61.4
61.4
61.2
61.2
61.2
61.1
61.1
61.1
61.0
60.9
60.9
60.9
60.9
60.9
60.8
60.8
60.8
60.8
60.7
60.7
60.7
60.6
60.6
60.6
60.6
60.7
60.7
60.6
60.6
60.7
61.3
61.2
61.1
61.0
60.9
60.9
61.2
61.1
61.1
61.0
61.0
60.9
60.9
60.9
61.0
60.9
60.9
60.9
60.9
61.0
61.0
61.0
60.9
60.9
60.9
60.9
60.9
61.1
61.0
61.0
61.0
61.0
61.0
60.9
60.9
60.9
61.0
60.9
60.9
60.9
60.8
60.9
60.9
