41.9
60.7
60.6
60.6
60.6
60.6
60.6
60.6
60.7
60.8
60.8
60.8
60.8
60.8
60.7
60.7
60.8
60.9
60.9
60.8
60.8
60.8
60.8
60.8
60.7
60.8
60.8
60.7
60.7
60.7
60.7
60.7
60.7
60.7
60.7
60.8
60.8
60.9
60.9
61.0
61.0
61.0
61.0
61.3
61.2
61.2
61.2
61.2
61.1
61.2
61.1
61.1
61.1
61.2
61.2
61.2
61.2
61.1
61.2
61.2
61.2
61.2
61.2
61.2
61.2
61.2
61.2
61.2
61.2
61.2
61.1
61.1
61.1
61.2
61.2
61.2
61.2
61.2
61.3
61.3
61.2
61.2
61.2
61.2
61.2
61.2
61.3
61.3
61.3
61.3
61.2
61.3
61.2
61.2
61.2
61.2
61.2
61.2
61.3
67.1
60.9
60.9
60.9
61.0
61.0
61.0
61.0
61.1
61.1
61.1
61.1
61.1
61.1
61.1
61.2
61.1
61.2
61.3
61.3
61.3
61.4
61.4
61.3
61.3
61.3
61.3
61.2
61.2
61.2
61.2
61.2
61.2
61.2
61.3
61.2
61.5
61.5
61.5
61.4
61.4
61.4
61.4
61.3
61.3
61.3
61.3
61.3
61.3
61.3
61.3
61.3
61.3
61.3
61.3
61.3
61.3
61.3
61.3
61.3
61.3
61.3
61.3
61.5
61.4
61.4
61.4
61.4
61.4
61.5
61.5
61.5
61.7
62.0
61.9
61.8
61.7
61.7
61.6
61.6
61.6
61.5
61.5
61.5
61.5
61.4
61.5
61.4
61.4
61.4
61.4
61.4
61.5
61.5
61.4
61.5
61.5
61.4
61.6
68.6
62.4
62.2
62.1
62.0
62.0
61.9
61.8
61.7
61.7
61.7
61.7
61.6
61.6
61.6
61.5
61.5
61.5
61.5
61.5
61.5
61.4
61.9
61.9
61.8
61.7
61.7
61.6
61.6
61.6
61.6
61.6
61.5
61.5
61.5
61.5
61.5
61.5
61.5
61.5
61.5
61.5
61.5
61.4
61.5
61.5
61.5
61.5
61.5
61.5
61.5
61.5
61.5
61.5
61.4
61.4
61.4
61.4
61.4
61.4
61.4
61.4
61.4
61.4
61.4
61.4
61.4
61.3
61.6
61.7
61.7
61.6
61.6
61.5
61.5
61.5
61.5
61.5
61.4
61.4
61.4
61.4
61.4
61.4
61.4
61.4
61.4
61.4
61.4
61.4
61.3
61.3
61.3
61.3
61.3
61.3
61.3
61.4
61.4
61.4
61.4
61.4
61.3
61.3
61.3
61.3
61.3
61.3
61.3
61.3
61.3
61.4
61.5
61.5
61.6
61.6
61.7
61.7
61.7
61.7
61.8
61.8
61.8
61.8
61.9
61.8
61.8
61.8
61.8
61.8
61.8
61.8
61.9
61.8
61.8
61.8
62.0
62.0
62.0
62.0
61.9
61.9
61.8
61.8
61.8
61.8
61.8
62.1
62.0
62.0
62.1
62.2
62.2
62.2
62.1
62.2
62.1
62.1
62.2
62.1
62.1
62.0
62.0
62.0
61.9
61.9
61.9
61.8
61.8
61.9
61.8
62.0
62.0
62.0
62.0
61.9
61.9
62.1
62.1
62.0
61.9
61.9
61.9
61.9
61.8
61.9
61.9
61.9
61.8
61.8
61.8
61.8
61.8
61.7
61.7
61.7
61.7
61.7
61.7
61.7
61.8
61.8
61.8
61.8
61.8
61.8
61.9
62.5
62.5
62.4
62.6
62.4
62.4
62.3
62.2
62.2
62.2
62.1
62.1
62.0
61.9
68.8
63.2
63.0
62.9
63.4
63.2
63.0
63.0
62.8
62.7
62.6
62.4
62.4
62.3
62.2
62.2
62.1
62.2
62.3
62.3
62.2
62.2
62.1
62.0
62.1
62.1
62.0
62.0
62.0
61.9
61.9
61.9
61.9
61.9
61.9
61.9
61.8
61.9
61.8
61.8
62.1
62.5
62.4
62.4
62.3
62.2
62.2
62.1
62.1
62.1
67.6
61.3
61.3
61.4
61.4
61.5
61.5
61.5
61.6
61.6
61.6
61.8
67.1
61.7
61.7
61.7
61.7
61.7
61.7
62.0
62.0
61.9
61.9
61.9
61.9
62.0
61.9
61.9
62.1
62.1
62.0
62.0
62.0
61.9
61.9
61.9
61.9
61.9
61.9
61.9
61.9
61.9
61.8
61.9
61.9
61.8
61.8
61.9
61.8
61.8
61.8
62.4
62.4
62.3
62.2
62.2
62.1
62.1
62.0
62.0
62.0
61.9
61.9
61.9
62.0
62.0
61.9
61.9
61.9
61.9
62.0
62.0
61.9
62.0
62.0
61.9
61.9
61.9
61.8
61.8
61.8
61.8
61.8
61.8
61.8
61.8
61.8
61.8
61.8
62.2
62.7
63.0
62.9
62.7
62.6
62.6
62.4
62.3
62.3
62.2
62.1
62.1
62.0
62.0
62.0
62.0
61.9
61.9
61.9
61.9
61.8
61.8
61.8
61.8
61.7
61.8
61.8
61.8
61.7
61.9
61.9
61.9
61.9
61.8
61.8
61.8
61.8
61.8
61.7
61.7
61.7
61.7
61.7
61.7
61.8
62.2
62.2
62.2
62.1
62.1
62.0
62.0
62.2
62.2
62.1
62.0
62.0
61.9
62.0
62.0
62.2
62.5
62.5
62.4
62.3
62.3
62.5
62.4
62.3
62.3
62.2
62.3
62.2
62.1
62.1
62.0
62.0
62.1
62.0
62.1
67.6
61.8
61.8
61.8
61.7
61.8
62.1
62.1
62.0
61.9
61.9
61.9
61.8
61.8
61.8
61.7
61.7
61.7
61.8
61.8
61.9
