64.9
86.3
86.3
86.3
86.3
86.3
86.3
86.3
86.3
86.3
86.3
86.3
86.3
86.2
86.2
86.2
86.2
86.2
86.2
86.4
92.5
86.3
86.2
86.2
86.2
86.2
86.2
86.1
86.2
86.3
86.3
86.5
86.4
86.5
86.4
86.5
86.4
86.4
86.5
86.4
86.5
86.5
86.5
86.6
86.5
86.7
86.6
86.7
86.7
86.7
86.7
86.6
86.6
86.6
86.6
86.6
86.5
86.6
86.5
86.5
86.6
86.5
86.6
86.5
86.5
86.6
86.5
86.5
86.5
86.5
86.5
86.6
86.5
86.5
86.6
86.5
86.5
86.6
86.5
86.5
86.5
86.5
86.5
86.5
86.5
86.4
86.5
86.5
86.5
86.5
86.5
86.5
86.5
86.5
86.5
86.5
86.5
86.4
86.5
86.5
86.5
86.5
86.5
