58.2
75.3
80.9
81.1
81.3
81.3
81.5
81.6
81.7
81.7
81.8
81.8
81.7
81.7
81.5
81.6
81.4
81.5
81.3
81.3
81.4
81.4
81.5
81.4
81.4
81.4
81.5
81.4
81.3
81.4
81.5
81.6
81.6
81.4
81.5
81.6
81.6
81.5
81.5
81.6
81.7
81.8
81.8
81.8
81.9
81.8
81.8
81.7
81.6
81.6
81.6
81.6
81.6
81.6
81.7
81.6
81.6
81.7
81.7
81.7
81.7
81.6
81.5
81.6
81.6
81.5
81.6
81.6
81.4
81.4
81.6
81.6
81.5
81.5
81.5
81.5
81.6
81.6
81.7
81.7
81.6
81.6
81.5
81.6
81.7
81.7
81.7
81.6
81.7
81.7
81.7
81.8
81.8
81.8
81.7
81.6
81.6
81.6
81.6
81.5
81.6
81.7
81.7
81.7
81.7
81.7
81.6
81.6
81.7
81.7
81.8
81.9
82.0
82.0
81.9
82.0
82.0
81.9
81.8
81.9
81.7
81.6
81.7
81.6
81.6
81.6
81.5
81.6
81.6
81.7
81.8
81.9
82.0
82.0
81.9
81.9
81.8
81.8
81.9
81.8
