50.6
88.8
88.7
88.7
88.8
88.7
88.8
88.8
88.8
88.8
88.8
88.8
88.8
88.8
88.8
88.8
88.8
88.8
88.9
88.9
88.9
88.9
88.9
89.1
89.4
89.5
89.6
89.8
89.9
90.0
90.1
90.2
90.2
90.3
90.4
90.4
90.5
90.5
90.5
90.6
90.6
90.6
90.6
90.6
90.7
90.6
90.7
90.7
90.7
90.7
90.7
90.8
91.2
91.2
91.1
91.1
91.1
91.1
91.0
91.0
91.0
91.0
91.0
90.9
91.0
91.0
90.9
91.0
90.9
90.9
90.9
90.9
91.0
90.9
90.9
90.9
90.9
90.9
90.9
90.9
90.9
90.9
90.9
90.9
91.0
91.0
90.9
90.9
90.9
90.9
90.9
90.9
90.9
90.9
90.9
91.0
90.9
90.9
91.0
90.9
90.9
90.9
90.9
90.9
90.8
90.9
90.8
90.9
90.8
90.8
90.9
90.8
90.9
90.8
91.0
90.9
90.8
