62.1
62.2
68.2
67.6
67.1
66.7
73.2
66.3
65.9
65.7
65.4
65.1
64.9
64.7
64.5
64.4
64.2
64.2
64.0
64.0
64.2
64.1
64.0
64.1
64.0
63.9
64.0
63.9
63.9
63.9
63.8
63.7
63.7
63.7
63.6
63.7
63.6
63.6
63.6
63.5
63.6
63.5
63.5
63.5
63.5
63.5
63.5
63.5
63.7
63.7
63.7
63.6
63.6
63.6
63.7
63.7
63.7
63.6
63.6
63.6
63.6
63.6
63.6
63.6
63.6
63.6
63.6
63.6
63.6
63.6
63.6
63.6
63.6
63.6
63.6
63.6
63.5
63.5
69.0
63.4
63.4
63.4
63.4
63.4
63.8
63.7
63.7
64.0
63.9
63.9
63.9
63.8
63.8
63.8
64.2
64.5
64.8
64.7
64.6
64.6
64.5
64.4
64.3
64.3
64.2
64.2
64.1
64.1
64.0
64.0
63.9
63.9
63.8
73.6
73.0
63.8
63.7
63.7
63.7
63.7
63.7
63.6
63.7
63.8
63.7
63.7
63.7
63.7
63.6
63.9
64.1
64.0
63.9
63.9
63.8
63.8
63.8
63.7
63.8
63.8
63.8
63.8
63.8
63.8
64.0
63.9
64.2
64.1
64.1
64.0
64.0
63.9
63.9
63.9
63.8
63.8
63.9
63.8
63.8
63.8
63.7
63.7
63.7
63.7
63.7
63.7
63.7
63.7
63.7
63.6
63.7
63.6
64.1
64.2
64.1
64.1
64.0
64.0
63.8
63.8
63.8
63.7
63.8
63.7
63.8
63.7
63.7
63.7
63.7
63.7
63.7
63.7
63.7
63.6
63.6
63.9
64.2
64.1
64.0
64.0
63.9
63.8
63.8
63.8
63.7
63.7
63.8
63.8
63.8
63.8
63.7
63.7
63.7
63.7
64.1
64.5
64.8
65.1
65.3
65.1
65.0
64.8
64.6
64.5
64.4
64.3
64.2
64.1
64.0
64.0
63.9
63.9
63.9
63.8
63.9
63.9
63.8
63.8
63.8
64.2
64.6
65.0
65.5
65.3
65.0
65.1
65.6
65.3
65.1
64.9
64.7
64.6
64.6
64.5
64.3
64.3
64.2
64.4
64.9
65.0
65.5
65.3
65.0
65.1
70.7
63.6
63.6
63.5
63.5
63.5
63.5
63.5
63.5
63.5
63.4
64.0
63.9
63.9
63.8
63.8
63.7
63.8
63.7
63.7
63.7
63.7
71.1
71.3
70.9
63.4
63.4
63.4
63.4
63.4
63.6
63.6
63.5
63.6
63.5
63.5
63.6
63.6
63.6
63.6
63.6
63.6
63.6
63.6
63.6
63.9
64.5
64.4
64.9
64.7
64.6
64.4
64.3
64.2
64.1
64.1
64.0
64.0
63.9
63.9
64.4
64.2
64.9
64.7
64.5
64.4
64.3
64.5
65.1
64.9
65.1
65.4
65.6
65.4
65.1
65.0
64.8
64.6
64.6
64.4
64.2
64.2
64.1
64.1
64.0
64.0
64.0
63.9
64.3
64.2
64.1
64.0
64.0
63.9
63.9
63.8
63.7
63.7
63.7
63.9
64.2
64.4
71.3
63.2
63.2
63.3
63.3
63.3
63.4
63.5
63.5
63.5
63.5
63.4
63.5
63.5
63.6
63.8
63.8
63.8
63.7
63.7
63.7
63.6
63.6
63.6
63.6
63.8
63.8
63.7
63.7
63.9
64.4
64.3
64.7
65.0
64.8
64.6
64.4
64.3
64.2
64.1
64.1
63.9
63.9
63.9
63.9
63.8
63.8
63.8
