56.5
63.4
63.4
63.8
63.8
63.9
63.9
63.9
63.9
63.9
63.9
63.9
63.9
63.9
63.9
63.9
63.9
63.9
64.0
63.9
63.9
63.9
63.9
64.0
64.0
64.0
64.0
64.0
64.0
64.0
64.0
64.0
64.0
64.0
64.0
64.1
64.5
64.9
65.2
65.1
65.0
65.4
65.4
65.2
65.0
64.9
64.9
64.7
64.7
64.6
64.5
64.5
64.4
64.4
64.3
64.3
64.2
64.4
72.1
65.1
64.9
64.8
64.7
64.7
64.6
64.6
64.5
64.5
64.4
64.4
64.4
64.3
64.3
64.2
64.3
64.3
64.2
64.2
64.2
64.2
64.2
64.2
64.2
64.1
64.4
64.3
64.4
64.4
64.2
64.2
64.2
64.2
64.3
72.6
63.8
63.9
63.9
63.9
64.0
64.0
64.0
70.3
69.9
64.4
71.9
64.2
64.1
64.2
64.2
64.1
64.2
64.1
64.1
64.0
64.0
64.1
64.1
64.1
64.0
64.0
64.4
64.3
64.5
64.4
64.4
64.4
64.4
64.5
64.4
64.4
64.3
64.3
64.4
64.3
64.3
64.3
64.3
64.3
64.3
64.2
64.2
64.1
64.1
64.1
64.1
64.1
64.1
64.1
64.5
64.4
64.4
64.3
64.3
64.4
64.3
64.3
64.8
64.7
65.1
65.5
65.4
65.2
65.2
65.1
71.1
70.7
70.2
64.2
64.4
64.6
72.1
63.8
63.8
63.8
63.9
63.9
63.9
63.9
63.9
63.9
64.0
64.0
64.0
64.1
64.1
64.1
64.1
64.1
64.1
64.1
64.1
64.1
64.2
64.2
64.2
64.2
64.1
64.1
64.2
64.1
64.1
64.1
64.1
64.1
64.1
64.1
64.1
64.2
64.2
64.2
64.2
64.4
64.8
64.7
64.6
64.6
64.5
64.5
64.3
64.4
64.3
64.3
64.3
64.5
64.8
64.7
64.7
64.5
64.5
64.5
64.4
64.4
64.3
64.3
64.3
64.2
64.2
64.2
64.2
64.1
64.2
64.2
64.1
64.1
64.1
64.1
64.1
64.2
64.2
64.1
64.2
64.1
64.5
64.7
71.5
64.6
64.5
64.4
64.3
64.3
64.2
64.2
64.2
64.1
64.2
64.1
64.1
64.1
64.1
64.1
64.0
64.1
64.2
64.1
64.1
64.1
64.5
64.8
65.1
65.0
64.9
64.7
64.9
64.8
64.7
64.6
64.5
64.4
64.7
64.6
64.5
64.4
64.3
64.3
64.3
64.2
64.2
64.2
64.2
64.2
64.2
64.2
64.1
64.1
64.1
64.2
64.2
64.2
64.1
64.1
64.1
64.0
64.0
64.0
64.0
64.0
64.0
63.9
63.9
63.9
63.9
63.9
63.9
64.0
64.0
63.9
63.9
63.9
63.9
63.9
64.0
64.0
64.0
64.0
64.0
64.0
64.0
64.0
64.0
64.1
64.0
64.0
64.0
64.0
64.0
64.0
64.0
63.9
63.9
64.0
64.0
64.0
70.5
70.1
64.2
64.1
64.1
64.1
64.0
64.6
64.6
64.5
64.5
64.4
64.3
64.3
64.2
64.2
64.2
64.2
64.1
64.2
64.2
64.1
64.0
64.0
64.0
71.3
70.7
63.6
63.6
63.6
63.7
63.7
63.7
63.7
63.7
63.7
63.8
63.8
63.8
63.8
63.8
63.8
63.8
63.9
64.5
64.9
65.2
65.1
64.9
64.8
64.8
71.7
71.3
64.0
63.9
63.9
63.9
63.9
63.9
63.9
64.0
63.9
63.9
63.9
63.9
63.9
63.9
63.9
63.8
63.9
64.1
64.0
64.0
64.3
64.6
64.5
64.4
64.3
64.3
64.3
64.2
64.3
64.2
64.2
64.2
64.1
64.1
64.1
64.1
64.1
64.1
64.0
64.0
63.9
64.0
64.0
63.9
63.9
63.9
63.9
63.9
64.1
64.1
64.1
64.1
64.1
64.1
64.0
64.0
64.0
64.0
64.0
64.0
63.9
63.9
63.9
63.9
63.9
63.9
63.9
63.9
63.9
63.9
63.9
63.9
64.0
64.0
64.2
64.1
64.1
64.5
64.4
64.4
64.3
64.3
64.2
64.1
64.1
64.1
64.1
64.0
64.0
64.0
63.9
