13.5
14.1
14.6
15.0
15.5
15.8
16.2
16.5
16.7
16.9
17.1
17.3
17.5
17.6
17.7
17.8
18.0
18.0
18.1
18.2
18.2
18.3
18.4
18.4
18.5
18.5
18.5
18.5
18.5
18.6
18.6
18.6
18.6
18.6
18.6
18.6
18.6
18.6
18.7
18.7
18.7
18.7
18.7
18.7
18.7
18.7
18.7
18.7
18.7
18.6
18.7
18.7
18.7
18.7
18.7
18.7
18.7
18.7
18.6
18.6
18.7
18.7
18.7
18.7
18.7
18.7
18.7
18.7
18.7
18.7
18.6
18.6
18.7
18.7
18.7
18.7
18.7
18.7
18.7
18.7
18.7
18.7
18.7
18.7
18.7
18.7
18.7
18.7
18.7
18.7
18.7
18.7
18.8
18.7
18.7
18.7
18.7
18.8
18.7
18.8
18.7
18.8
18.7
18.7
18.8
18.7
18.7
18.7
18.8
18.8
18.8
18.8
18.8
18.8
18.7
18.8
18.8
18.7
18.7
18.7
18.7
18.7
18.8
18.8
18.8
18.7
18.8
18.7
18.7
18.8
18.7
18.8
18.7
18.7
18.7
18.7
18.8
18.8
18.8
18.8
18.8
18.9
18.8
18.8
18.8
18.8
18.8
18.8
18.8
18.8
18.8
18.8
18.8
18.8
18.8
18.8
18.8
18.8
18.7
18.8
18.7
18.8
18.8
18.7
18.8
18.8
18.8
18.8
18.7
18.7
18.8
18.8
18.8
18.7
18.7
18.8
18.7
18.8
18.7
18.7
18.8
18.8
18.8
18.8
18.8
18.8
18.8
18.8
18.8
18.8
18.8
18.8
18.8
18.8
18.8
18.8
18.8
18.7
18.8
18.8
18.7
18.8
18.8
18.7
18.7
18.8
18.8
18.7
18.8
18.8
18.7
18.8
18.8
18.7
18.8
18.8
18.8
18.8
18.8
18.8
18.9
18.9
18.8
18.8
18.8
18.8
18.8
18.8
18.8
18.8
18.8
18.8
18.8
18.8
18.8
18.8
18.8
18.8
18.8
18.8
18.7
18.8
18.8
18.8
18.7
18.8
18.7
18.8
18.8
18.7
18.7
18.8
18.8
18.7
18.8
18.8
18.8
18.8
18.8
18.7
18.8
18.7
18.8
18.7
18.8
18.8
18.8
18.8
18.8
18.8
18.8
18.8
18.8
18.7
18.8
18.8
18.8
18.8
18.8
18.8
18.8
18.8
18.8
18.8
18.8
18.8
18.8
18.8
18.8
18.8
18.8
18.8
18.8
18.8
18.8
18.8
18.7
18.7
18.8
18.8
18.7
18.7
18.8
18.8
18.7
18.7
18.7
18.8
18.8
18.7
18.8
18.8
18.7
18.7
18.8
18.8
18.8
18.8
18.8
18.8
18.7
18.7
18.7
18.8
18.8
18.8
18.8
18.7
18.8
18.8
18.8
18.8
18.8
18.8
18.8
18.8
18.8
18.8
18.8
18.8
18.8
18.8
18.8
18.8
18.8
18.8
18.8
18.8
18.8
18.8
18.8
18.8
18.8
18.8
18.8
18.8
18.8
18.8
18.8
18.8
18.8
18.8
18.7
18.7
18.8
18.7
18.8
18.7
18.8
18.8
18.8
19.0
19.0
19.0
19.3
19.2
19.2
19.1
19.1
19.1
19.0
19.0
19.0
18.9
18.9
18.9
18.9
18.9
18.9
18.8
18.8
18.8
18.8
18.8
18.8
18.8
18.8
18.8
18.8
18.8
18.8
18.8
18.8
18.8
18.8
18.8
18.8
18.8
18.8
18.8
18.8
18.7
18.8
18.7
18.8
18.7
18.8
18.8
18.8
18.8
18.8
18.8
18.7
18.8
18.7
18.8
18.7
18.8
18.8
18.7
18.7
18.7
18.8
18.7
18.8
18.7
18.8
18.8
18.7
18.7
18.7
18.8
18.8
18.8
18.8
18.8
18.7
18.8
18.7
18.7
18.8
18.8
18.8
18.7
18.8
18.7
18.8
18.8
18.8
18.8
18.8
18.8
18.8
18.8
18.8
18.8
18.8
18.8
18.8
18.8
18.8
18.8
18.8
18.8
18.8
18.8
18.8
18.8
18.8
18.9
18.8
18.8
18.9
18.8
18.8
18.8
18.8
18.8
18.8
18.8
18.8
18.8
18.8
18.8
18.8
18.8
18.8
18.8
18.8
18.8
18.8
18.8
18.8
18.8
18.8
18.8
18.8
18.8
18.8
18.8
18.8
18.8
18.8
18.8
18.8
18.8
18.7
18.8
18.8
18.8
18.8
18.8
18.8
18.8
18.8
18.8
18.8
18.8
18.8
18.7
18.7
18.8
18.8
18.8
18.8
18.7
18.8
18.8
18.8
18.8
18.8
18.8
18.8
18.8
18.8
18.8
18.8
18.8
18.8
18.8
18.7
18.8
18.8
18.7
18.8
18.8
18.8
18.7
18.8
18.7
18.7
18.8
18.8
18.7
18.8
18.8
18.8
18.8
18.8
18.8
18.8
18.8
18.8
18.8
18.7
18.8
18.8
18.8
18.9
18.8
18.8
18.8
18.8
18.8
18.8
18.8
18.8
18.8
18.8
18.8
18.8
18.8
18.8
18.8
18.8
18.8
18.8
18.8
18.8
18.8
18.7
18.8
18.8
18.7
18.8
18.8
18.8
18.7
18.8
18.8
18.8
18.8
18.8
18.7
18.8
18.8
18.8
18.8
18.8
18.7
18.8
18.7
18.7
18.8
18.8
18.8
18.8
18.8
18.8
18.8
18.8
18.7
18.7
18.8
18.8
18.7
18.7
18.7
18.8
18.8
18.8
18.8
18.8
18.8
18.7
18.7
18.8
18.8
18.8
18.8
18.8
18.8
18.8
18.8
18.8
18.8
18.7
18.7
18.8
18.8
18.8
18.8
18.8
18.7
18.7
18.8
18.7
18.8
18.7
18.8
18.7
18.8
18.8
18.8
18.8
18.7
18.8
18.8
18.8
18.7
18.8
18.7
18.8
18.8
18.7
18.7
18.7
18.8
18.8
18.8
18.8
18.8
18.8
18.8
18.8
18.8
18.8
18.8
18.8
18.8
18.8
18.8
18.8
18.8
18.9
18.9
18.9
18.9
18.9
18.9
18.9
18.8
18.8
18.8
18.8
18.8
18.8
18.8
18.8
18.8
18.8
18.8
18.8
18.9
18.9
18.9
18.9
18.9
18.9
18.8
18.8
18.8
18.8
18.8
18.8
18.8
18.8
18.8
18.8
18.8
18.8
18.8
18.8
18.8
18.8
18.8
18.8
18.8
18.8
18.8
18.8
18.8
18.8
18.8
18.8
18.8
18.8
18.8
18.8
18.8
18.8
18.8
18.8
18.8
18.8
18.8
18.7
18.8
18.8
18.8
18.8
18.8
18.8
18.8
18.8
18.7
18.8
18.8
18.8
18.8
18.8
18.8
18.8
18.8
18.8
18.8
18.8
18.9
19.0
18.9
18.9
18.9
18.9
18.8
18.9
18.8
18.8
18.8
18.8
18.9
18.9
18.9
18.9
18.9
18.9
18.8
18.8
18.8
18.8
18.8
18.8
18.8
18.8
18.8
18.8
18.8
18.8
18.9
18.9
18.9
18.9
18.9
18.9
18.9
18.8
18.8
18.8
18.8
18.8
18.8
18.8
18.8
18.8
18.7
18.7
18.8
18.8
18.8
18.7
18.8
18.7
18.7
18.8
18.7
18.7
18.8
18.8
18.8
18.8
18.8
18.8
18.8
18.8
18.8
18.8
18.8
18.8
18.8
18.8
18.7
18.8
18.7
18.8
18.8
18.8
18.7
18.7
18.8
18.7
18.8
18.8
18.8
18.7
18.8
18.7
18.7
18.8
18.9
18.8
18.8
18.8
18.8
18.8
18.8
18.8
18.8
18.8
18.8
18.8
18.8
18.7
18.8
18.7
18.7
18.8
18.8
18.8
18.7
18.8
18.7
18.7
18.7
