67.4
60.7
60.7
60.8
60.8
60.8
61.1
61.1
61.3
61.3
61.2
61.3
61.3
61.3
61.5
61.8
61.8
61.8
61.6
61.8
67.1
61.1
61.0
61.1
61.1
61.1
61.1
61.1
61.1
61.2
61.3
61.2
61.2
61.3
61.3
61.3
61.3
61.4
61.4
61.4
61.4
61.8
61.7
61.7
61.6
61.5
61.4
61.4
61.4
61.4
61.3
61.3
61.3
61.4
61.4
61.4
61.4
61.3
61.4
61.4
61.4
61.4
61.5
61.5
61.5
61.5
61.7
61.6
61.7
62.3
62.7
62.9
62.7
62.6
63.0
62.8
62.6
62.4
62.2
62.1
62.2
62.1
62.0
61.9
61.8
61.8
61.7
61.7
61.6
61.6
61.5
61.5
61.4
61.4
61.4
61.4
61.4
61.4
61.3
61.3
61.3
61.3
61.4
61.4
61.4
61.4
61.3
61.3
61.3
61.3
61.3
61.3
61.3
61.3
61.3
61.3
61.4
61.5
61.5
61.6
61.6
61.6
61.6
61.6
61.6
61.6
61.6
61.5
61.5
61.5
61.5
61.5
61.4
61.4
61.4
61.4
61.4
61.4
61.3
61.3
61.3
61.3
61.3
61.3
61.3
61.3
61.4
61.4
61.4
61.4
61.4
61.4
61.4
61.4
61.4
61.4
61.4
61.4
61.5
61.5
61.5
61.4
61.4
61.4
61.6
61.6
61.6
61.5
61.5
61.5
61.8
61.9
61.8
61.8
61.7
61.7
61.7
61.6
61.7
61.6
61.8
61.7
61.6
61.6
61.6
61.5
61.5
61.5
61.8
62.2
62.6
62.9
62.7
62.6
62.4
62.4
62.3
62.2
62.1
62.0
62.0
61.9
61.8
61.7
61.7
61.7
61.7
61.7
61.6
61.6
61.5
61.6
61.6
61.5
61.5
61.6
61.5
61.5
61.6
61.6
61.5
61.5
61.5
61.5
61.5
61.5
61.5
61.5
61.5
61.5
61.6
61.6
61.5
61.5
61.5
61.5
61.5
61.5
61.5
61.5
61.5
61.6
61.5
61.6
61.6
61.6
61.6
61.6
61.6
61.6
61.5
61.6
61.6
61.8
61.7
61.7
61.7
61.6
67.1
61.9
67.4
62.1
62.0
62.0
62.0
61.9
61.9
61.8
61.8
61.7
61.7
61.7
61.6
61.7
61.6
61.6
61.8
61.8
61.7
61.7
61.7
61.7
61.7
61.7
61.7
61.6
61.6
61.6
61.6
61.6
61.7
61.6
61.9
61.9
61.9
61.8
61.8
61.7
61.7
61.7
61.7
61.6
61.7
61.6
61.6
61.6
61.6
61.6
61.7
61.6
61.6
61.6
61.6
61.6
61.6
61.6
61.5
61.5
61.5
61.5
61.5
61.5
61.5
61.5
61.5
61.5
61.6
61.6
61.6
61.6
61.7
61.7
61.7
61.7
61.6
61.7
61.7
61.7
61.7
61.7
61.7
61.7
61.6
61.7
61.6
61.6
61.7
61.7
61.6
61.6
61.5
61.6
61.6
61.6
61.6
61.6
61.6
61.7
61.6
61.6
61.6
61.6
66.7
66.0
65.5
65.0
64.6
64.2
63.8
63.6
63.3
63.2
63.0
62.9
62.7
62.6
62.5
62.3
62.3
62.2
62.1
62.0
62.0
62.0
62.0
61.9
61.9
61.9
61.9
61.9
61.9
61.8
61.8
61.8
61.8
61.8
61.8
61.8
61.7
61.7
61.8
61.8
61.8
61.9
61.9
61.9
61.8
61.8
61.8
61.8
61.7
61.8
61.7
61.8
61.8
61.8
61.8
61.8
61.7
61.7
70.1
62.4
69.0
63.8
63.8
63.5
63.3
63.0
68.6
61.7
61.6
61.6
61.6
61.9
61.9
61.8
61.8
61.8
61.8
61.7
61.7
61.7
61.7
61.7
61.7
62.2
62.1
62.1
62.0
62.0
61.9
61.9
61.8
61.9
61.8
61.8
61.8
61.8
61.8
61.8
61.8
61.8
61.8
61.7
61.9
61.8
61.8
61.8
61.7
61.7
61.7
61.7
61.7
61.7
61.7
61.7
61.7
61.7
61.8
61.7
61.8
61.7
61.7
61.7
61.7
61.7
61.7
61.8
62.0
62.0
62.0
61.9
61.9
61.8
61.8
61.7
61.7
61.7
62.0
61.9
61.9
61.9
61.9
61.9
62.1
62.1
62.1
62.3
62.5
62.8
62.7
62.5
62.4
62.3
62.3
62.2
62.2
62.1
62.1
62.2
62.1
62.0
62.0
61.9
61.9
61.9
61.8
61.8
61.8
61.7
61.7
61.7
68.4
68.9
68.4
61.5
61.5
61.5
61.6
61.6
61.6
61.6
61.6
61.8
61.8
61.8
61.7
61.7
61.8
62.0
62.0
61.9
61.9
61.9
62.0
62.0
61.9
62.0
61.9
61.8
61.8
61.8
61.8
61.8
61.8
61.7
61.8
61.8
61.7
61.8
62.0
62.0
61.9
61.9
61.9
61.8
61.8
61.8
61.8
61.8
61.7
