43.9
44.3
44.5
44.7
44.8
44.9
45.1
45.2
45.3
45.4
45.5
45.5
45.6
45.7
45.7
45.8
45.8
45.9
45.9
45.9
46.0
46.0
46.0
46.0
46.0
46.0
46.0
46.0
46.1
46.2
46.2
46.3
46.2
46.2
46.2
46.2
46.2
46.1
46.1
46.1
46.1
46.1
46.1
46.1
46.1
46.1
46.1
46.1
46.1
46.1
46.1
46.1
46.2
51.5
51.4
51.4
51.5
51.7
51.2
50.6
50.0
49.5
49.1
48.7
48.4
48.1
47.8
47.6
47.4
47.2
47.1
46.9
46.8
46.7
46.6
46.5
46.8
46.6
46.6
46.5
46.5
46.4
46.4
46.3
46.3
46.2
46.2
46.1
46.2
46.2
46.2
46.1
46.1
46.1
46.1
46.0
46.1
46.0
46.1
46.1
46.1
46.0
46.0
46.0
46.0
46.0
46.0
46.0
46.0
46.0
46.0
46.0
46.0
46.0
46.0
46.0
46.1
46.0
46.0
46.0
46.1
46.0
46.0
46.0
46.0
46.1
46.0
46.0
46.0
46.0
46.0
46.0
46.0
46.0
46.0
46.0
46.3
46.3
46.2
46.2
46.2
46.1
46.1
46.1
46.1
46.1
46.0
46.0
46.0
46.0
46.0
46.0
46.0
46.1
46.1
46.1
46.0
46.0
46.0
46.0
46.0
46.0
46.1
46.1
46.1
46.1
46.1
46.1
46.1
46.1
46.1
46.1
46.2
46.8
47.3
47.8
48.2
48.0
48.4
48.1
47.8
47.6
47.5
47.3
47.1
47.0
46.8
46.7
46.7
46.6
46.5
46.4
46.4
46.4
46.4
46.3
46.3
46.3
46.2
46.2
46.2
46.2
46.2
46.1
46.1
46.1
46.1
46.1
46.1
46.1
46.1
46.0
46.0
46.1
46.0
46.0
46.0
46.0
46.0
46.0
46.0
46.0
46.1
46.1
46.1
46.1
46.1
46.1
46.1
46.1
46.1
46.1
46.1
46.1
46.1
46.1
46.1
46.1
46.1
46.1
46.1
46.1
46.1
46.1
46.1
46.0
46.0
46.1
46.1
46.1
46.0
46.0
46.1
46.1
46.1
46.1
46.1
46.2
46.1
46.1
46.1
46.1
46.1
46.1
46.1
46.1
46.1
46.1
46.1
46.1
46.1
46.1
46.1
46.1
46.1
46.1
46.1
46.1
46.1
46.1
46.1
46.1
46.1
46.1
46.1
46.1
46.1
46.0
46.0
46.0
46.1
46.1
46.1
51.3
51.2
51.2
51.2
50.6
50.7
50.3
49.8
49.4
48.9
48.6
48.3
48.0
47.7
47.5
47.3
47.2
47.0
46.9
46.8
46.7
46.6
46.5
46.5
46.4
46.4
46.3
46.3
46.3
46.3
46.3
46.2
46.2
46.1
46.2
46.1
46.2
46.2
46.2
46.2
46.2
46.3
46.3
46.2
46.2
46.2
46.2
46.2
46.1
46.1
46.1
46.2
46.1
46.1
46.1
46.1
46.1
46.1
46.1
46.0
46.1
46.1
46.1
46.0
46.1
46.1
46.1
46.0
46.0
46.1
46.0
46.1
46.0
46.1
46.1
46.1
46.1
46.0
46.0
46.1
46.0
46.2
46.2
46.2
46.2
46.2
46.2
46.2
46.2
46.1
46.1
46.1
46.1
46.1
46.1
46.1
46.1
46.1
46.1
46.1
46.1
46.0
46.0
46.0
46.0
46.0
46.0
46.0
46.0
46.0
46.0
46.0
46.1
46.0
46.0
46.0
46.1
46.4
46.4
46.4
53.2
52.9
52.6
52.4
46.5
46.5
46.6
46.5
46.5
46.4
46.3
46.2
46.2
46.2
46.1
46.1
46.1
46.0
46.0
46.0
46.2
46.2
46.1
46.1
46.0
46.1
46.0
46.1
46.1
46.1
46.1
46.1
46.0
46.0
46.0
46.0
46.1
46.0
46.0
46.0
46.0
46.0
46.0
46.0
46.0
46.0
46.0
46.0
45.9
46.0
46.0
46.2
46.2
46.2
46.3
46.3
46.3
46.2
46.2
46.2
46.2
46.2
46.2
46.2
46.1
46.2
46.2
46.1
46.1
46.1
46.1
46.1
46.1
46.1
46.1
46.1
46.1
46.1
46.0
46.1
46.1
46.1
46.1
46.1
46.1
46.0
46.0
46.1
46.1
46.1
46.1
46.1
46.1
46.1
46.1
46.1
46.2
46.2
46.2
46.2
46.2
46.2
46.1
46.1
46.1
46.1
46.1
46.1
46.1
46.0
46.1
46.1
46.0
46.0
46.1
46.0
46.1
46.1
46.2
46.2
46.8
47.4
47.9
47.7
47.6
47.5
47.3
47.2
47.1
46.9
46.8
46.7
46.6
46.6
46.5
46.4
46.4
46.3
46.3
46.3
46.3
46.2
46.2
46.2
46.2
46.2
46.1
46.1
46.1
46.1
46.1
46.1
46.1
46.1
46.1
46.1
46.1
46.0
46.0
46.1
46.1
46.0
46.0
46.1
46.0
46.0
46.0
46.0
46.0
46.0
46.1
46.1
46.1
46.1
46.1
46.1
46.1
46.1
46.1
46.1
46.1
46.1
46.1
46.1
46.1
46.1
46.1
46.1
46.1
46.1
46.2
46.2
46.2
46.1
46.2
46.2
46.1
46.1
46.1
46.1
46.1
46.2
46.2
46.1
46.1
46.1
46.1
46.1
46.1
46.0
46.1
46.1
46.1
46.1
46.1
46.1
46.1
46.1
46.1
46.1
46.1
46.1
46.1
46.2
46.1
46.1
46.1
46.1
46.1
46.1
46.1
46.1
46.1
46.1
46.1
46.1
46.1
46.1
46.2
46.8
47.4
47.8
48.3
48.7
48.4
48.2
47.9
47.7
47.5
47.3
47.1
47.0
46.9
46.7
46.7
46.6
46.5
46.4
46.4
46.4
46.3
46.3
46.3
46.2
46.2
46.1
46.1
46.1
46.1
46.1
46.2
46.1
46.1
46.1
46.0
46.0
46.1
46.1
46.1
46.1
46.1
46.1
46.1
46.1
46.1
46.1
46.1
46.0
46.0
46.0
46.0
46.1
46.0
46.0
46.0
46.0
46.0
46.0
46.0
46.0
46.1
46.0
46.1
46.0
46.1
46.1
46.1
46.0
46.1
46.1
46.1
