16.8
17.0
17.2
17.3
17.5
17.6
17.7
17.9
18.0
18.2
18.3
18.4
18.5
18.5
18.6
18.7
18.8
18.8
18.9
18.9
18.9
19.0
19.0
19.0
19.0
19.1
19.1
19.2
19.2
19.3
19.3
19.3
19.3
19.4
19.4
19.4
19.4
19.4
19.4
19.4
19.3
19.3
19.3
19.3
19.3
19.3
19.3
19.3
19.3
19.3
19.3
19.2
19.3
19.3
19.3
19.2
19.2
19.3
19.3
19.2
19.3
19.2
19.3
19.3
19.3
19.2
19.2
19.3
19.3
19.2
19.3
19.3
19.2
19.3
19.3
19.3
19.3
19.3
19.3
19.3
19.3
19.3
19.3
19.3
19.2
19.2
19.3
19.3
19.4
19.4
19.4
19.4
19.4
19.5
19.5
19.5
19.5
19.4
19.4
19.4
19.4
19.3
19.4
19.4
19.3
19.3
19.3
19.3
19.4
19.3
19.3
19.3
19.3
19.3
19.3
19.3
19.3
19.3
19.3
19.3
19.3
19.2
19.2
19.3
19.3
19.2
19.2
19.2
19.2
19.2
19.2
19.2
19.2
19.2
19.2
19.2
19.2
19.3
19.3
19.2
19.2
19.2
19.2
19.2
19.2
19.2
19.3
19.3
19.3
19.3
19.4
19.4
19.4
19.4
19.4
19.5
19.5
19.5
19.4
19.4
19.4
19.3
19.3
19.3
19.3
19.3
19.3
19.3
19.3
19.3
19.3
19.3
19.3
19.3
19.3
19.2
19.3
19.3
19.3
19.3
19.3
19.2
19.2
19.3
19.3
19.2
19.2
19.3
19.3
19.2
19.2
19.3
19.3
19.3
19.2
19.2
19.2
19.2
19.3
19.3
19.2
19.2
19.3
19.3
19.2
19.3
19.3
19.3
19.4
19.4
19.4
19.4
19.4
19.4
19.4
19.4
19.3
19.3
19.3
19.3
19.3
