52.3
88.1
88.1
88.2
88.2
88.3
88.3
88.3
88.3
88.3
88.4
88.4
88.4
88.4
88.4
88.5
88.4
88.4
88.5
88.5
88.5
88.5
88.5
88.5
88.5
88.6
88.6
100.8
89.6
89.4
89.3
89.2
89.2
89.1
89.0
89.0
88.9
88.8
88.8
88.8
88.7
88.7
88.7
88.7
88.7
88.7
88.6
88.6
88.6
88.6
88.6
88.6
88.6
88.6
88.6
88.6
88.6
88.6
88.6
88.9
89.1
89.0
89.0
88.9
88.9
88.9
88.8
88.8
88.8
88.8
88.8
89.0
88.9
88.9
88.9
88.9
88.8
88.8
88.8
88.8
88.8
88.8
88.8
88.8
88.8
88.8
88.8
88.8
88.8
88.8
88.8
88.8
88.9
88.9
88.9
88.9
88.9
88.9
88.9
89.0
89.0
89.0
89.0
89.3
100.2
89.2
89.1
89.1
89.1
89.1
89.1
89.1
89.1
89.1
89.1
95.0
89.0
89.0
89.0
89.0
89.0
89.0
89.0
89.0
89.0
89.0
89.1
89.0
89.0
89.0
89.1
89.1
89.1
89.1
89.0
89.1
89.1
89.0
89.1
89.1
89.1
89.1
89.1
89.1
89.1
89.1
89.1
89.1
89.1
89.1
89.1
89.1
89.1
89.1
89.1
89.1
89.1
89.1
89.1
89.1
89.1
89.1
89.1
89.4
89.3
89.3
89.3
89.3
89.2
89.2
89.2
89.2
89.2
89.2
89.2
89.4
89.4
89.3
89.3
89.3
89.3
89.3
89.3
89.2
89.2
89.2
89.2
89.2
89.2
89.2
89.2
89.2
89.2
89.2
89.2
89.2
89.2
89.2
89.1
89.1
89.2
89.1
89.2
89.1
89.1
89.2
89.1
89.2
89.1
89.2
89.1
89.2
89.2
89.2
89.2
89.1
89.1
89.2
89.2
89.2
89.2
89.3
89.2
89.3
89.2
89.3
89.2
89.2
89.2
89.3
89.2
89.3
89.3
89.3
89.2
89.2
89.2
89.2
89.2
89.3
89.3
89.3
89.3
89.3
89.3
89.3
89.3
89.2
89.2
89.2
89.3
89.3
89.3
89.3
89.2
89.3
89.3
89.2
89.2
89.2
89.2
89.3
89.3
89.2
89.2
89.3
89.3
89.3
89.3
89.3
89.2
89.3
89.2
89.2
89.2
89.2
89.2
89.2
89.2
89.3
89.3
89.3
89.3
89.3
89.4
89.4
89.4
89.4
89.4
89.5
89.4
89.4
89.4
89.3
89.3
89.2
89.2
89.1
89.1
89.6
89.8
89.7
89.6
89.5
89.4
89.3
89.3
89.2
89.2
89.2
89.1
89.1
89.1
89.1
89.0
89.0
89.0
89.0
89.0
89.0
89.0
89.0
88.9
89.0
88.9
88.9
88.9
88.9
88.9
88.9
89.0
88.9
88.9
88.9
88.9
89.0
89.0
88.9
88.9
88.9
89.0
89.0
88.9
89.0
89.0
89.0
89.0
89.0
89.0
89.0
89.0
89.0
89.0
89.0
89.0
89.0
88.9
88.9
89.0
89.0
88.9
88.9
89.0
88.9
89.0
89.0
89.0
89.0
88.9
89.0
89.0
89.0
89.0
89.0
89.0
89.0
89.0
89.0
89.0
89.0
89.0
89.0
89.0
89.0
89.0
89.0
89.0
89.0
89.0
89.0
89.0
89.0
89.0
89.0
89.0
89.0
89.0
89.0
89.0
89.0
89.0
89.0
89.0
89.0
89.0
89.0
89.0
89.0
89.0
89.0
89.0
89.0
89.0
89.0
89.0
89.0
89.0
89.0
89.0
89.0
89.0
89.0
89.0
89.0
89.0
89.0
88.9
88.9
89.0
89.0
89.0
88.9
88.9
89.0
89.0
89.0
89.0
88.9
88.9
89.0
89.0
89.0
89.0
89.0
89.0
89.0
89.0
89.0
89.0
89.0
89.0
89.0
89.0
89.0
89.0
89.0
89.0
89.0
89.0
89.1
96.1
89.8
89.7
89.6
89.5
98.1
92.7
92.2
91.8
91.5
91.2
91.0
90.7
90.5
90.4
90.3
90.1
90.0
89.9
89.7
89.7
89.5
89.5
89.4
89.4
89.3
89.3
89.3
89.2
89.2
89.2
89.2
89.1
89.1
89.1
89.0
89.0
89.0
89.1
89.1
89.0
89.0
89.0
89.0
89.0
89.0
89.0
89.1
89.1
89.0
89.0
89.0
89.0
89.1
89.1
89.0
89.1
