52.4
88.8
88.8
88.8
88.8
88.8
88.8
88.8
88.8
88.8
88.9
88.9
89.0
89.0
89.1
89.1
89.1
89.1
89.1
89.1
89.2
89.2
89.2
89.2
89.2
89.3
89.2
89.2
89.3
89.3
89.3
89.3
89.3
89.3
89.3
89.3
89.3
89.3
89.4
89.3
89.3
89.3
89.3
89.3
89.3
89.3
89.3
89.3
89.3
89.3
89.3
89.3
89.3
89.3
89.3
89.3
89.3
89.3
89.3
89.3
89.3
89.3
89.3
89.3
89.4
89.3
89.3
89.4
89.4
89.4
89.4
89.4
89.3
89.4
89.4
89.4
89.4
89.5
89.5
89.5
89.5
89.5
89.6
89.6
89.6
89.6
89.6
89.6
89.6
89.6
89.6
89.7
89.7
89.7
89.7
89.7
89.6
89.7
89.7
89.7
89.7
89.7
