79.2
79.2
79.1
79.0
79.0
79.2
79.2
79.2
79.2
79.2
79.3
79.2
79.2
79.2
79.1
79.2
79.3
79.3
79.2
79.1
79.2
79.2
79.3
79.2
79.3
79.3
79.3
79.2
79.2
79.4
79.4
79.4
79.5
79.4
79.5
79.5
79.5
79.5
79.5
79.6
79.7
79.8
79.8
79.7
79.7
79.9
79.9
79.7
79.8
79.8
79.8
79.7
79.6
79.8
79.7
79.7
79.8
79.9
79.9
80.1
80.1
80.1
79.9
79.9
80.0
79.9
79.9
79.8
79.9
79.8
79.8
79.7
79.7
79.6
79.6
79.5
79.6
79.6
79.5
79.5
79.6
79.5
79.5
79.6
79.5
79.6
79.5
79.5
79.6
79.6
79.5
79.5
79.4
79.6
79.5
79.5
79.6
79.5
79.6
79.5
79.6
79.7
79.6
79.7
79.8
79.7
79.6
79.6
79.6
79.6
79.6
79.4
79.6
79.5
79.6
79.5
79.7
79.7
79.6
79.5
79.7
79.7
79.8
79.8
79.7
79.7
79.7
79.7
79.8
79.8
79.8
79.8
79.8
79.8
79.8
79.8
79.9
79.8
79.8
79.7
79.7
79.8
79.7
79.9
79.8
79.8
79.8
79.8
