59.0
64.2
64.4
64.6
64.6
64.7
64.6
64.7
64.8
64.9
64.8
64.9
65.1
65.0
65.1
65.3
65.3
65.4
65.5
65.6
65.5
65.5
65.4
65.5
71.3
71.2
71.2
64.9
65.0
65.0
65.2
65.2
65.3
65.4
65.6
65.6
65.4
65.3
65.3
65.2
65.2
65.4
65.4
65.3
65.4
65.4
65.3
65.1
65.1
65.1
65.1
65.2
65.3
65.1
65.0
65.1
65.1
65.1
65.2
65.1
65.1
65.0
65.0
65.1
65.0
64.9
65.1
65.2
65.2
65.2
65.0
65.0
65.1
65.0
65.2
65.1
65.1
65.1
65.0
65.0
64.9
64.9
65.0
65.2
65.0
65.1
65.2
65.2
65.2
65.2
65.1
65.1
65.3
65.1
65.2
65.3
65.3
65.3
65.4
65.4
65.3
65.4
65.5
65.6
65.7
65.6
65.7
65.5
65.4
65.4
65.3
65.4
65.2
65.3
65.3
65.3
65.3
65.3
65.3
65.3
65.3
65.4
65.4
65.3
65.4
65.5
65.4
65.4
65.3
65.4
65.5
65.5
65.4
65.4
