13.5
13.5
13.5
13.5
13.6
13.6
13.6
13.5
13.6
13.6
13.5
13.5
13.5
13.4
13.3
13.2
13.1
13.0
13.0
12.9
12.9
12.8
12.8
12.8
12.7
12.7
12.7
12.7
12.7
12.7
12.7
12.6
12.6
12.6
12.6
12.6
12.6
12.5
12.5
12.5
12.5
12.5
12.5
12.5
12.5
12.5
12.5
12.5
12.5
12.5
12.5
12.5
12.5
12.5
12.5
12.5
12.5
12.5
12.5
12.5
12.5
12.5
12.5
12.5
12.5
12.5
12.6
12.5
12.6
12.6
12.5
12.6
12.6
12.6
12.6
12.6
12.6
12.6
12.6
12.6
12.6
12.6
12.6
12.6
12.6
12.6
12.6
12.6
12.6
12.6
12.6
12.6
12.6
12.6
12.6
12.6
12.6
12.6
12.6
12.6
12.7
12.6
12.6
12.6
12.6
12.6
12.6
12.7
12.7
12.7
12.7
12.7
12.7
12.7
12.7
12.7
12.7
12.7
12.7
12.7
12.7
12.6
12.7
12.7
12.7
12.6
12.7
12.6
12.6
12.6
12.6
12.7
12.7
12.6
12.6
12.6
12.7
12.7
12.6
12.6
12.6
12.6
12.7
12.6
12.6
12.7
12.6
12.6
12.6
12.6
12.6
12.6
12.7
12.7
12.6
12.6
12.7
12.6
12.6
12.6
12.6
12.6
12.6
12.7
12.6
12.6
12.6
12.6
12.6
12.6
12.6
12.6
12.6
12.6
12.6
12.6
12.6
12.6
12.6
12.7
12.7
12.6
12.6
12.6
12.6
12.6
12.6
12.7
12.6
12.6
12.7
12.6
12.6
12.6
12.7
12.7
12.6
12.6
12.6
12.6
12.6
12.7
12.6
12.6
12.7
12.6
12.6
12.6
12.6
12.6
12.6
12.6
12.6
12.6
12.6
12.7
12.7
12.7
12.7
12.6
12.7
12.6
12.6
12.7
12.7
12.7
12.6
12.6
12.6
12.6
12.6
12.6
12.6
12.6
12.6
12.6
12.7
12.6
12.7
12.6
12.6
12.6
12.6
12.6
12.6
12.6
12.6
12.6
12.6
12.6
12.6
12.6
12.6
12.6
12.6
12.6
12.6
12.6
12.6
12.6
12.6
12.6
12.6
12.6
12.6
12.6
12.6
12.6
12.6
12.6
12.6
12.6
12.6
12.6
12.6
12.6
12.6
12.6
12.6
12.6
12.6
12.6
12.6
12.6
12.6
12.6
12.6
12.6
12.6
12.7
12.6
12.6
12.7
12.8
12.7
12.7
12.7
12.7
12.7
12.7
12.7
12.6
12.7
12.7
12.6
12.6
12.6
12.6
12.6
12.6
12.6
12.6
12.7
12.7
12.6
12.6
12.6
12.6
12.7
12.7
12.6
12.6
12.6
12.6
12.6
12.6
12.6
12.6
12.6
12.6
12.6
12.6
12.7
12.7
12.6
12.6
12.6
12.6
12.6
12.7
12.7
12.6
12.6
12.6
12.6
12.7
12.7
12.6
12.7
12.6
12.6
12.7
12.6
12.6
12.7
12.7
12.6
12.6
12.7
12.7
12.6
12.6
12.6
12.6
12.6
12.6
12.7
12.7
12.6
12.7
12.7
12.7
12.7
12.6
12.6
12.6
12.6
12.6
12.7
12.6
12.6
12.6
12.6
12.6
12.6
12.7
12.6
12.6
12.6
12.6
12.6
12.6
12.6
12.6
12.6
12.7
12.7
12.6
12.7
12.7
12.7
12.7
12.7
12.7
12.6
12.6
12.7
12.7
12.6
12.7
12.7
12.7
12.7
12.6
12.6
12.7
12.6
12.7
12.6
12.7
12.7
12.6
12.6
12.6
12.6
12.6
12.7
12.7
12.7
12.7
12.6
12.6
12.6
12.6
12.6
12.7
12.7
12.6
12.6
12.6
12.6
12.6
12.6
12.7
12.6
12.6
12.6
12.6
12.6
12.6
12.6
12.6
12.6
12.6
12.6
12.6
12.6
12.6
12.6
12.6
12.6
12.7
12.6
12.6
12.6
12.6
12.6
12.6
12.7
12.6
12.7
12.6
12.7
12.7
12.7
12.7
12.6
12.7
12.7
12.6
12.6
12.6
12.6
12.6
12.6
12.6
12.6
12.6
12.7
12.6
12.6
12.7
12.6
12.6
12.6
12.7
12.7
12.6
12.6
12.7
12.7
12.7
12.7
12.7
12.6
12.7
12.7
12.6
12.6
12.6
12.6
12.6
12.7
12.7
12.7
12.6
12.7
12.6
12.6
12.6
12.6
12.6
12.6
12.7
12.7
12.6
12.6
12.7
12.7
12.7
12.6
12.6
12.6
12.7
12.6
12.6
12.6
12.6
12.6
12.7
12.6
12.7
12.6
12.6
12.6
12.6
12.7
12.7
12.7
12.7
12.7
12.7
12.6
12.7
12.7
12.7
12.7
12.6
12.6
12.6
12.6
12.7
12.7
12.7
12.6
12.7
12.7
12.6
12.6
12.7
12.6
12.6
12.6
12.6
12.6
12.6
12.6
12.6
12.6
12.6
12.6
12.6
12.6
12.6
12.6
12.6
12.7
12.7
12.6
12.7
12.7
12.6
12.6
12.6
12.7
12.7
12.7
12.7
12.6
12.6
12.6
12.6
12.6
12.7
12.7
12.6
12.7
12.7
12.6
12.6
12.6
12.7
12.6
12.6
