6.4
15.3
15.3
15.3
15.3
15.3
15.4
15.4
15.5
15.5
15.5
15.5
15.5
15.6
15.6
15.7
15.8
15.8
15.9
15.9
15.9
15.9
16.0
16.0
16.0
16.0
16.1
16.1
16.1
16.1
16.2
16.2
16.2
16.2
16.2
16.3
16.3
16.4
16.4
16.4
16.5
16.4
16.5
16.5
16.5
16.6
16.6
16.6
16.6
16.7
16.8
16.8
16.8
16.8
16.8
16.9
16.9
16.8
16.8
16.8
16.8
16.9
17.0
17.0
17.0
16.9
16.9
17.0
17.0
17.1
17.1
17.1
17.0
17.0
17.0
17.0
17.1
17.1
17.2
17.2
17.2
17.2
17.2
17.2
17.2
17.1
17.1
17.2
17.2
17.2
17.3
17.2
17.3
17.2
17.3
17.3
17.2
17.2
17.4
17.3
17.3
17.4
17.3
17.3
17.3
17.3
17.3
17.3
17.3
17.3
17.3
17.5
17.4
17.4
17.4
17.4
17.4
17.4
17.4
17.4
17.4
17.4
17.4
17.4
17.4
17.4
17.6
17.5
17.5
17.5
17.5
17.5
17.5
17.5
17.5
17.5
17.5
17.5
17.5
17.5
17.5
17.5
17.7
17.6
17.6
17.6
17.6
17.6
17.6
17.6
17.6
17.6
17.6
17.6
17.6
17.6
17.6
17.6
17.6
17.6
17.6
17.6
17.7
17.7
17.7
17.7
17.7
17.6
17.7
17.7
17.7
17.7
17.7
17.7
17.7
17.7
17.7
17.7
17.7
17.7
17.6
17.7
17.6
17.6
17.8
17.8
17.8
17.8
17.8
17.8
17.8
17.8
17.8
17.8
17.8
17.8
17.7
17.8
17.8
17.7
17.8
17.7
17.8
17.8
17.7
17.7
17.7
17.7
17.7
17.7
17.9
17.9
17.9
17.9
17.9
17.8
17.9
17.8
17.8
17.8
17.8
17.8
17.8
17.8
17.8
17.8
17.8
17.8
17.8
17.8
17.8
17.9
17.9
17.8
17.9
17.9
17.9
17.9
17.9
17.9
17.9
18.1
18.1
18.1
18.0
18.1
18.1
18.0
18.0
18.0
18.0
18.0
18.0
18.0
18.0
18.0
18.0
18.0
18.0
18.0
18.0
18.0
18.0
18.0
18.0
18.0
18.0
18.0
18.0
18.0
18.0
17.9
18.0
18.0
18.0
17.9
18.0
18.2
18.2
18.1
18.1
18.2
18.1
18.1
18.1
18.1
18.1
18.1
18.1
18.1
18.1
18.1
18.1
18.1
18.1
18.1
18.1
18.1
18.1
18.1
18.1
18.1
18.1
18.1
18.1
18.1
18.0
18.1
18.0
18.1
18.1
18.0
18.1
18.1
18.0
18.1
18.1
18.1
18.1
18.1
18.3
18.3
18.3
18.3
18.3
18.3
18.3
18.3
18.3
18.3
18.3
18.3
18.2
18.3
18.3
18.2
18.2
18.2
18.2
18.2
18.2
18.2
18.2
18.2
18.2
18.2
18.1
18.2
18.2
18.2
18.2
18.2
18.2
18.1
18.1
18.2
18.2
18.2
18.2
18.2
18.1
18.2
18.1
18.1
18.2
18.2
18.2
18.1
18.2
18.2
18.2
18.5
18.4
18.4
18.4
18.4
18.4
18.4
18.3
18.3
18.3
18.3
18.3
18.3
18.3
18.3
18.2
18.2
18.3
18.3
18.2
18.3
18.2
18.3
18.3
18.3
18.3
18.2
18.3
18.3
18.3
18.3
18.3
18.3
18.3
18.3
18.3
18.3
18.4
18.4
18.4
18.4
18.4
18.4
18.3
18.3
18.3
18.3
18.3
18.3
18.3
18.3
18.3
18.3
18.3
18.3
18.3
18.3
18.3
18.3
18.6
18.6
18.6
18.5
18.5
18.5
18.5
18.5
18.4
18.4
18.4
18.4
18.4
18.4
18.3
18.4
18.3
18.3
18.3
18.4
18.4
18.4
18.4
18.3
18.4
18.4
18.3
18.4
18.4
18.3
18.3
18.4
18.4
18.4
18.4
18.3
18.3
18.3
18.3
18.3
18.3
18.3
18.3
18.3
18.3
18.3
18.3
18.3
18.3
18.3
18.3
18.3
18.3
18.3
18.3
18.4
18.3
18.3
18.3
18.3
18.3
18.3
18.3
18.3
18.3
18.3
18.4
18.3
18.6
18.6
18.6
18.6
18.5
18.5
18.5
18.6
18.5
18.5
18.5
18.5
18.5
18.4
18.4
18.4
18.4
18.4
18.4
18.4
18.4
18.4
18.4
18.4
18.4
18.4
18.4
18.4
18.4
18.4
18.4
18.4
18.5
18.4
18.5
18.5
18.5
18.4
18.4
18.4
18.4
18.4
18.4
18.4
18.4
18.4
18.4
18.4
18.4
18.4
18.4
18.5
18.4
18.4
18.4
18.4
18.4
18.3
18.3
18.3
18.4
18.4
18.4
18.4
18.5
18.5
18.5
18.4
18.4
18.4
18.4
18.4
18.4
18.4
18.4
18.4
18.4
18.4
18.4
18.4
18.6
18.7
18.6
18.6
18.6
18.6
18.5
18.5
18.5
18.5
18.5
18.5
18.5
18.5
18.5
18.5
18.4
18.4
18.4
18.4
18.4
18.5
18.4
18.4
18.4
18.4
18.4
18.4
18.5
18.4
18.4
18.5
18.5
18.4
18.4
18.4
18.4
18.5
18.5
18.5
18.5
18.4
18.5
18.5
18.4
18.4
18.4
18.4
18.5
18.4
18.4
18.4
18.4
18.5
18.4
18.4
18.5
18.6
18.5
18.5
18.5
18.5
18.5
18.5
18.5
18.5
18.5
18.5
18.5
18.5
18.5
18.5
18.6
18.6
18.5
18.5
18.6
18.6
18.5
18.5
18.5
18.5
18.5
18.5
18.5
18.4
18.5
18.4
18.4
18.5
18.5
18.5
18.5
18.5
18.5
18.8
18.8
18.8
18.7
18.7
18.7
18.6
18.6
18.6
18.6
18.6
18.6
18.6
18.5
18.5
18.5
18.5
18.5
18.5
18.5
18.5
18.6
18.5
18.5
18.6
18.5
18.5
18.6
18.6
18.5
18.5
18.5
18.5
18.5
18.5
18.5
18.5
18.5
18.5
18.5
18.5
18.5
18.6
18.5
18.5
18.6
18.5
18.6
18.6
18.5
18.5
18.5
18.6
18.6
18.5
18.5
18.5
18.5
18.5
18.5
18.5
18.5
18.5
18.5
18.5
18.5
18.5
18.5
18.5
18.5
18.5
18.5
18.5
18.5
18.5
18.5
18.5
18.5
18.5
18.5
18.5
18.5
18.5
18.5
18.5
18.5
18.5
18.5
18.5
18.5
18.5
18.5
18.5
18.5
18.5
18.5
18.6
18.6
18.6
18.6
18.6
18.6
18.6
18.6
18.6
18.6
18.5
18.5
18.5
18.6
18.5
18.7
18.9
18.9
18.9
18.8
18.8
18.8
18.7
18.7
18.7
18.7
18.6
18.7
18.6
18.6
18.6
18.6
18.6
18.6
18.6
18.6
18.6
18.5
18.6
18.6
18.5
18.6
18.6
18.6
18.5
18.6
18.5
18.6
18.6
18.5
18.6
18.6
18.5
18.5
18.6
18.5
18.6
18.6
18.6
18.6
18.5
18.5
18.5
18.5
18.5
18.5
18.5
18.5
18.5
18.6
18.5
18.6
18.5
18.5
18.5
18.5
18.6
18.6
18.5
18.6
18.6
18.6
18.7
18.6
18.6
18.6
18.7
18.7
18.7
18.6
18.7
18.7
18.7
18.6
18.7
18.6
18.7
18.7
18.7
18.7
18.7
18.7
18.6
18.6
18.7
18.6
18.6
18.6
18.6
18.6
18.6
18.6
18.6
18.6
18.6
18.6
18.6
18.6
18.6
18.6
18.6
18.6
18.6
18.6
18.6
18.6
18.6
18.6
18.6
18.5
18.6
18.6
18.5
18.6
18.6
18.6
18.6
18.6
18.6
18.6
18.6
18.6
18.6
18.7
18.7
18.7
18.7
19.0
19.0
19.0
18.9
18.9
18.9
18.8
18.8
18.8
18.8
18.7
18.7
18.7
18.7
18.7
18.7
18.7
18.7
18.8
18.8
18.8
18.9
18.8
18.8
18.8
18.9
18.9
18.8
18.8
18.9
18.8
18.8
18.9
18.9
18.8
18.8
18.9
18.9
18.9
18.9
18.8
18.9
18.8
18.9
18.8
18.8
18.8
18.8
18.8
18.8
18.8
18.8
18.9
18.9
18.8
18.8
18.8
18.9
18.8
18.8
18.8
18.9
18.9
18.8
18.8
18.8
18.8
18.8
18.8
18.9
18.9
18.9
18.8
18.8
18.8
18.8
18.8
18.8
18.9
18.8
18.9
18.8
18.8
18.8
18.8
18.9
18.8
18.8
18.8
18.8
18.8
18.8
18.8
18.9
18.9
18.9
18.9
18.9
18.9
18.9
18.9
18.9
18.8
18.9
18.8
18.9
18.9
18.9
18.8
18.8
18.8
18.8
18.8
18.8
18.9
18.8
18.8
18.8
18.8
18.9
18.9
18.8
18.8
18.8
18.8
18.9
18.9
18.9
18.8
18.9
18.8
18.9
18.9
18.9
18.8
18.8
18.8
18.8
18.9
18.9
18.9
18.9
18.9
18.9
18.9
18.9
18.8
18.8
18.9
18.9
18.8
18.8
18.8
18.9
19.3
19.3
19.2
19.2
19.1
19.1
19.1
19.1
19.0
19.0
19.0
19.0
19.0
18.9
18.9
18.9
18.9
18.9
18.9
18.9
18.9
18.9
18.9
18.9
18.9
18.9
18.9
18.9
18.9
18.9
18.9
18.8
12.8
12.8
12.6
12.8
19.7
19.6
19.6
19.6
19.5
19.5
19.5
19.5
19.6
19.6
19.6
19.6
19.6
19.6
19.7
19.8
19.8
19.8
19.9
19.8
19.8
19.8
19.8
19.8
19.9
19.8
19.9
19.9
19.8
19.8
19.8
19.8
19.8
19.8
19.8
19.8
19.8
19.8
19.8
19.8
19.8
19.7
19.8
19.8
19.7
19.7
19.7
19.8
19.8
19.8
19.8
19.8
19.8
19.8
19.8
19.8
19.8
19.8
19.8
19.7
19.7
19.6
19.5
19.4
19.3
19.3
19.2
19.2
19.2
19.1
19.1
19.1
19.1
19.1
19.1
19.0
19.0
19.0
19.0
19.0
19.0
19.0
19.0
19.0
19.0
19.0
18.9
19.0
18.9
18.9
18.9
18.9
18.9
18.9
18.9
18.9
18.9
19.0
18.9
18.9
18.9
18.9
18.9
18.9
19.0
19.0
19.0
19.0
19.0
19.0
19.1
19.2
19.1
19.1
19.1
19.1
19.0
19.0
19.0
19.0
19.0
19.0
19.0
19.0
19.0
19.0
19.0
19.0
19.0
18.9
18.9
18.9
18.9
18.9
18.9
18.9
19.0
19.1
19.3
19.2
19.2
19.2
19.2
19.2
19.1
19.1
19.1
19.1
19.1
19.1
8.7
8.6
8.5
8.4
8.4
8.3
8.3
8.2
8.2
8.1
8.0
8.0
8.0
8.1
8.1
8.2
8.3
8.3
8.4
8.5
8.7
8.8
8.7
8.8
8.8
9.0
9.0
9.0
9.1
9.2
9.2
9.2
9.3
9.3
9.3
9.2
9.3
9.3
9.3
9.3
9.3
9.3
9.3
9.4
9.5
9.7
9.6
9.6
9.6
9.7
9.6
9.5
9.4
9.3
9.2
9.2
9.1
9.1
9.0
9.2
19.9
19.8
10.1
10.0
10.2
10.1
10.1
10.1
10.2
10.6
10.6
10.5
19.1
19.1
19.1
19.1
19.1
19.2
19.2
19.2
19.3
19.4
19.5
19.5
19.5
19.6
19.5
19.5
19.5
19.5
19.6
19.6
19.6
19.7
19.6
19.7
19.7
19.7
19.7
19.7
19.7
19.6
19.7
19.6
19.7
19.8
19.8
19.7
19.7
19.7
19.7
19.8
19.7
19.7
19.8
19.8
20.0
19.9
19.9
19.9
19.8
19.8
19.8
19.7
19.7
19.7
19.7
19.8
19.7
19.7
19.7
19.7
19.7
19.7
19.7
19.7
19.8
19.8
19.7
19.8
19.8
19.8
19.7
19.8
19.7
19.8
19.8
19.8
19.8
19.7
19.8
19.8
19.8
19.7
19.7
19.7
19.6
19.5
19.5
19.4
19.3
19.1
19.0
19.0
19.0
19.0
18.9
18.9
18.8
18.8
18.8
18.8
18.7
18.7
18.7
18.6
18.6
18.6
18.6
18.6
18.6
18.6
18.6
18.6
18.6
18.8
18.7
18.7
18.7
18.8
18.7
18.7
18.7
18.6
18.6
18.5
18.5
18.5
18.4
18.5
18.5
18.5
18.5
18.6
18.6
18.6
18.6
18.6
18.7
18.6
18.7
18.7
18.8
18.8
18.8
18.8
18.8
18.8
18.9
18.9
18.9
18.9
19.0
18.9
18.9
18.9
19.0
19.0
19.0
18.9
18.9
18.9
19.0
19.1
19.2
19.2
19.2
19.3
19.2
19.2
19.2
19.2
19.2
19.1
19.1
19.1
19.1
19.1
19.1
19.1
19.1
19.0
19.0
19.1
19.0
19.0
19.1
19.2
19.2
19.3
19.3
19.3
19.2
19.1
19.1
19.1
19.1
19.1
19.1
19.1
19.1
19.1
19.1
19.0
19.1
19.1
19.1
19.1
19.1
19.1
19.1
19.1
19.2
19.1
19.2
19.2
19.3
19.3
19.3
19.2
19.2
19.1
13.3
7.9
7.9
7.9
7.9
8.0
8.1
8.2
8.3
8.6
8.6
8.7
8.8
8.8
8.8
8.8
8.9
9.0
9.0
9.0
9.0
9.0
9.1
9.1
9.3
9.2
9.3
9.4
9.4
9.5
9.4
9.4
9.3
9.3
9.3
9.3
9.3
9.2
9.2
9.2
9.1
9.2
9.2
9.1
9.0
9.0
9.0
9.0
9.0
9.0
9.1
9.0
9.0
9.1
9.0
8.9
8.9
8.8
8.8
8.8
8.9
8.9
8.9
8.8
8.7
8.7
8.7
8.7
8.6
8.7
8.7
8.8
8.7
8.9
9.0
9.3
9.4
9.4
9.5
9.6
9.5
9.7
9.8
9.9
9.9
10.5
10.5
10.5
10.4
10.2
10.2
10.0
10.0
10.0
10.3
19.5
19.6
19.5
19.5
19.4
19.4
19.4
19.4
19.4
19.4
19.4
19.5
19.5
19.6
19.6
19.6
19.6
19.7
19.9
19.8
19.8
19.8
19.8
19.8
19.8
19.8
19.8
19.8
19.7
19.7
19.7
19.7
19.7
19.7
19.8
19.8
19.8
19.8
19.8
19.8
19.8
19.8
19.8
19.8
19.8
19.8
19.7
19.8
19.8
19.7
19.8
19.8
19.7
19.7
19.7
19.7
19.8
19.8
19.7
19.8
19.8
19.8
19.8
19.8
19.8
19.6
19.6
19.6
19.5
19.5
19.5
19.4
19.4
19.4
19.3
19.4
19.4
19.4
19.4
19.3
19.3
19.4
19.3
19.2
19.3
19.2
19.3
19.4
19.3
19.3
19.3
19.2
19.3
19.2
19.2
19.0
19.0
19.1
19.1
19.1
19.1
19.1
19.2
19.2
19.2
19.3
19.2
19.2
19.2
19.2
19.2
19.4
19.3
19.3
19.4
19.4
19.5
19.4
19.4
19.5
19.5
19.5
19.5
19.6
19.4
19.4
19.4
19.4
19.5
19.5
19.4
19.5
19.5
19.5
19.6
19.5
19.6
19.6
19.5
19.5
19.5
19.4
19.4
19.4
19.3
19.4
19.4
19.3
19.4
19.3
19.3
19.3
19.3
19.4
19.4
19.4
19.4
19.4
19.5
19.4
19.4
19.4
19.4
19.4
19.5
19.4
19.4
19.4
19.4
19.4
19.4
19.4
19.4
19.7
19.7
19.7
19.7
19.7
19.7
19.7
19.7
19.7
19.7
19.8
19.9
19.8
19.8
19.8
19.8
19.8
19.8
20.0
20.0
19.9
19.9
19.9
19.9
19.9
19.9
19.9
19.9
19.9
19.8
19.9
19.8
19.9
19.8
19.9
19.9
19.8
19.8
19.8
19.8
19.9
19.8
19.9
19.9
19.8
19.8
19.8
19.8
19.8
19.9
19.8
19.8
19.8
19.8
19.8
19.8
19.8
19.8
19.8
19.8
19.8
19.8
19.8
19.8
19.7
19.8
19.8
19.8
19.8
19.8
19.8
19.8
19.8
19.8
19.8
19.8
19.9
19.9
19.9
19.9
19.9
19.9
19.9
9.1
